-10000
21.1364 80.8434 15.7654 0.543514 40 68.5185 36.2748 55.5405 2.51837 
13.0 15.0 12.0 14.0 11.0
243.0 242.0 241.0 243.0 242.0 243.0 242.0 243.0 243.0 243.0 243.0 242.0
242.0 243.0 244.0 243.0 242.0 242.0 242.0 240.0 243.0 243.0 242.0 242.0
244.0 244.0 246.0 249.0 251.0 244.0 247.0 246.0 247.0 245.0 246.0 244.0
241.0 243.0 244.0 244.0 244.0 244.0 243.0 243.0 244.0 244.0 244.0 243.0
244.0 244.0 248.0 248.0 247.0 247.0 249.0 247.0 246.0 248.0 248.0 245.0
21.1364 80.8434 16.5346 0.543514 40.3876 68.8889 36.6479 55.9555 2.00816 
14.0 15.0 11.0 14.0 11.0
242.0 242.0 241.0 243.0 243.0 242.0 242.0 243.0 243.0 243.0 243.0 242.0
243.0 243.0 244.0 243.0 242.0 242.0 242.0 240.0 243.0 243.0 242.0 242.0
244.0 244.0 245.0 249.0 251.0 244.0 247.0 246.0 247.0 245.0 245.0 244.0
242.0 243.0 244.0 244.0 244.0 244.0 244.0 243.0 244.0 244.0 244.0 243.0
244.0 244.0 248.0 248.0 248.0 247.0 247.0 248.0 246.0 247.0 248.0 245.0
21.2728 80.955 17.3038 0.543514 40.3876 68.5185 36.6479 55.9555 2.00816 
14.0 15.0 11.0 14.0 11.0
243.0 242.0 241.0 243.0 242.0 242.0 243.0 242.0 242.0 242.0 242.0 242.0
242.0 243.0 244.0 243.0 242.0 242.0 242.0 240.0 243.0 243.0 242.0 242.0
244.0 244.0 245.0 249.0 251.0 245.0 246.0 246.0 247.0 245.0 246.0 244.0
241.0 243.0 244.0 244.0 244.0 244.0 244.0 243.0 244.0 244.0 244.0 243.0
244.0 244.0 247.0 249.0 247.0 247.0 248.0 248.0 246.0 248.0 248.0 244.0
21.2728 80.6202 18.8423 0.543514 40.3876 68.5185 36.2748 55.5405 2.00816 
14.0 15.0 11.0 14.0 11.0
242.0 242.0 241.0 243.0 243.0 242.0 242.0 242.0 243.0 242.0 243.0 242.0
243.0 243.0 244.0 243.0 242.0 242.0 242.0 240.0 243.0 243.0 242.0 242.0
244.0 244.0 246.0 249.0 250.0 244.0 247.0 246.0 247.0 245.0 246.0 244.0
241.0 243.0 244.0 244.0 244.0 244.0 244.0 243.0 244.0 244.0 243.0 243.0
244.0 244.0 247.0 248.0 247.0 248.0 248.0 247.0 245.0 247.0 247.0 244.0
21.2728 80.6202 19.2269 0.543514 40.3876 68.5185 36.2748 55.5405 2.00816 
14.0 15.0 11.0 14.0 12.0
242.0 241.0 242.0 242.0 242.0 242.0 242.0 242.0 242.0 242.0 243.0 242.0
243.0 243.0 244.0 243.0 242.0 242.0 242.0 240.0 243.0 243.0 242.0 242.0
244.0 244.0 246.0 249.0 251.0 244.0 246.0 246.0 247.0 245.0 245.0 244.0
241.0 243.0 244.0 244.0 244.0 244.0 244.0 243.0 244.0 244.0 244.0 243.0
243.0 244.0 248.0 247.0 248.0 247.0 248.0 248.0 246.0 248.0 248.0 245.0
21.1364 80.397 19.6115 0.543514 40 68.5185 36.6479 55.5405 2.00816 
14.0 15.0 11.0 14.0 12.0
242.0 242.0 241.0 243.0 243.0 242.0 242.0 242.0 242.0 242.0 243.0 242.0
243.0 243.0 244.0 243.0 242.0 242.0 242.0 240.0 243.0 243.0 242.0 242.0
244.0 244.0 245.0 249.0 251.0 244.0 246.0 246.0 247.0 246.0 246.0 244.0
242.0 243.0 244.0 244.0 244.0 244.0 244.0 243.0 244.0 244.0 244.0 243.0
244.0 244.0 248.0 248.0 247.0 247.0 248.0 247.0 247.0 247.0 248.0 245.0
21.1364 80.2854 19.9962 0.543514 40 68.5185 36.2748 55.5405 2.00816 
14.0 15.0 11.0 13.0 12.0
242.0 241.0 241.0 243.0 242.0 242.0 242.0 242.0 242.0 243.0 242.0 242.0
243.0 243.0 244.0 243.0 242.0 242.0 242.0 240.0 243.0 243.0 242.0 242.0
244.0 244.0 245.0 249.0 251.0 244.0 246.0 246.0 247.0 245.0 245.0 244.0
242.0 243.0 244.0 244.0 244.0 244.0 243.0 243.0 244.0 244.0 244.0 242.0
244.0 244.0 247.0 249.0 247.0 248.0 248.0 248.0 247.0 247.0 248.0 244.0
21.1364 80.2854 19.9962 0.543514 40 68.5185 36.2748 55.5405 2.00816 
14.0 15.0 11.0 14.0 11.0
243.0 241.0 241.0 243.0 242.0 242.0 242.0 242.0 243.0 242.0 243.0 242.0
243.0 243.0 244.0 243.0 242.0 242.0 242.0 240.0 243.0 243.0 242.0 242.0
244.0 244.0 245.0 249.0 251.0 244.0 245.0 246.0 247.0 245.0 245.0 244.0
242.0 243.0 244.0 244.0 244.0 244.0 244.0 243.0 243.0 244.0 244.0 243.0
244.0 244.0 247.0 248.0 247.0 248.0 247.0 248.0 246.0 246.0 248.0 245.0
21.1364 80.2854 19.9962 0.543514 40 68.5185 36.2748 55.5405 2.00816 
14.0 15.0 12.0 13.0 11.0
242.0 241.0 241.0 242.0 243.0 242.0 242.0 242.0 242.0 242.0 242.0 242.0
243.0 243.0 244.0 243.0 242.0 242.0 242.0 240.0 243.0 243.0 242.0 242.0
244.0 244.0 246.0 249.0 251.0 244.0 246.0 246.0 247.0 245.0 246.0 244.0
241.0 243.0 244.0 244.0 244.0 244.0 244.0 243.0 244.0 244.0 244.0 243.0
244.0 243.0 247.0 248.0 248.0 247.0 248.0 247.0 246.0 247.0 248.0 244.0
21.2728 80.2854 20.3808 0.543514 40 68.5185 36.2748 55.5405 2.00816 
14.0 15.0 11.0 14.0 11.0
243.0 241.0 241.0 242.0 243.0 242.0 243.0 242.0 242.0 243.0 242.0 242.0
242.0 243.0 244.0 243.0 242.0 242.0 242.0 240.0 243.0 243.0 242.0 242.0
244.0 244.0 245.0 249.0 251.0 244.0 246.0 246.0 247.0 245.0 246.0 243.0
241.0 243.0 244.0 244.0 244.0 244.0 244.0 243.0 244.0 244.0 244.0 242.0
243.0 244.0 248.0 248.0 247.0 247.0 248.0 248.0 246.0 247.0 247.0 245.0
21.2728 80.2854 20.3808 0.543514 40 68.5185 36.6479 55.5405 2.00816 
14.0 15.0 11.0 13.0 12.0
242.0 241.0 241.0 243.0 242.0 242.0 242.0 242.0 243.0 243.0 242.0 242.0
242.0 243.0 244.0 243.0 242.0 242.0 242.0 240.0 243.0 243.0 242.0 242.0
244.0 244.0 245.0 249.0 251.0 244.0 245.0 246.0 247.0 245.0 246.0 244.0
241.0 243.0 244.0 244.0 244.0 244.0 244.0 243.0 244.0 244.0 244.0 243.0
244.0 244.0 247.0 249.0 247.0 248.0 249.0 247.0 246.0 247.0 247.0 244.0
21.2728 80.2854 20.3808 0.543514 40.3876 68.5185 36.6479 55.9555 2.00816 
14.0 15.0 12.0 14.0 12.0
242.0 241.0 241.0 243.0 242.0 242.0 242.0 242.0 242.0 242.0 242.0 242.0
242.0 243.0 244.0 243.0 242.0 242.0 242.0 240.0 243.0 243.0 242.0 242.0
244.0 244.0 245.0 249.0 251.0 244.0 246.0 246.0 247.0 245.0 246.0 244.0
241.0 243.0 244.0 244.0 244.0 244.0 243.0 243.0 244.0 244.0 244.0 243.0
243.0 244.0 247.0 248.0 248.0 247.0 249.0 247.0 246.0 248.0 247.0 245.0
