-10000
21 80.2854 16.9192 0.543514 41.1628 67.037 35.5285 55.5405 4.55918 
14.0 15.0 12.0 14.0 13.0
242.0 242.0 241.0 243.0 242.0 242.0 242.0 242.0 242.0 242.0 243.0 242.0
243.0 243.0 244.0 243.0 242.0 242.0 242.0 240.0 243.0 243.0 242.0 242.0
244.0 244.0 244.0 248.0 248.0 243.0 245.0 244.0 246.0 244.0 244.0 243.0
241.0 243.0 244.0 244.0 244.0 244.0 243.0 243.0 244.0 244.0 244.0 242.0
242.0 244.0 248.0 248.0 247.0 246.0 247.0 246.0 247.0 247.0 248.0 245.0
21 80.2854 16.9192 0.543514 41.1628 67.037 35.9016 55.5405 3.53878 
14.0 15.0 12.0 14.0 12.0
242.0 242.0 241.0 242.0 242.0 242.0 243.0 242.0 242.0 242.0 242.0 242.0
242.0 243.0 244.0 243.0 242.0 242.0 242.0 240.0 243.0 243.0 242.0 242.0
244.0 244.0 244.0 248.0 248.0 243.0 244.0 244.0 245.0 244.0 244.0 244.0
241.0 243.0 244.0 244.0 244.0 244.0 244.0 243.0 243.0 244.0 244.0 242.0
244.0 244.0 249.0 248.0 247.0 246.0 248.0 248.0 246.0 248.0 248.0 245.0
21 80.1737 16.9192 0.543514 41.1628 67.037 35.9016 55.5405 3.53878 
14.0 15.0 12.0 13.0 12.0
242.0 242.0 241.0 242.0 242.0 242.0 242.0 242.0 242.0 242.0 242.0 242.0
242.0 243.0 244.0 243.0 242.0 242.0 242.0 240.0 243.0 243.0 242.0 242.0
244.0 244.0 245.0 248.0 248.0 243.0 244.0 244.0 245.0 244.0 244.0 244.0
241.0 243.0 244.0 244.0 244.0 244.0 244.0 243.0 244.0 244.0 243.0 242.0
244.0 244.0 246.0 248.0 247.0 248.0 247.0 247.0 246.0 246.0 248.0 244.0
20.8637 80.1737 16.9192 0.543514 41.1628 67.037 35.9016 55.5405 3.53878 
14.0 15.0 12.0 14.0 11.0
242.0 242.0 241.0 242.0 242.0 242.0 242.0 242.0 242.0 242.0 242.0 242.0
242.0 243.0 244.0 243.0 242.0 242.0 242.0 240.0 243.0 243.0 242.0 242.0
244.0 244.0 245.0 247.0 248.0 243.0 244.0 244.0 245.0 244.0 244.0 243.0
242.0 243.0 244.0 244.0 244.0 244.0 243.0 244.0 244.0 244.0 243.0 242.0
243.0 244.0 248.0 248.0 247.0 247.0 247.0 248.0 246.0 246.0 248.0 245.0
20.8637 80.1737 16.9192 0.543514 41.1628 67.037 35.9016 55.5405 3.53878 
14.0 15.0 12.0 13.0 11.0
242.0 242.0 241.0 242.0 242.0 242.0 242.0 242.0 243.0 242.0 242.0 242.0
242.0 243.0 244.0 243.0 242.0 242.0 242.0 240.0 243.0 243.0 242.0 242.0
244.0 244.0 245.0 248.0 248.0 243.0 244.0 244.0 246.0 244.0 244.0 243.0
242.0 243.0 244.0 244.0 244.0 244.0 244.0 243.0 244.0 244.0 244.0 242.0
244.0 244.0 247.0 248.0 248.0 247.0 248.0 247.0 246.0 247.0 247.0 244.0
20.8637 80.1737 17.3038 0.543514 41.1628 67.037 35.9016 55.5405 3.02857 
14.0 15.0 12.0 14.0 12.0
242.0 242.0 241.0 242.0 242.0 242.0 242.0 243.0 243.0 242.0 242.0 242.0
242.0 243.0 244.0 243.0 242.0 242.0 242.0 240.0 243.0 243.0 242.0 242.0
244.0 244.0 244.0 247.0 248.0 243.0 244.0 244.0 245.0 244.0 244.0 243.0
241.0 242.0 244.0 244.0 244.0 244.0 243.0 243.0 243.0 244.0 243.0 243.0
244.0 244.0 247.0 248.0 246.0 248.0 248.0 247.0 246.0 247.0 249.0 245.0
20.7273 80.1737 18.0731 0.543514 41.1628 66.6667 36.2748 55.5405 4.04898 
14.0 15.0 12.0 14.0 11.0
242.0 241.0 241.0 242.0 242.0 242.0 242.0 242.0 242.0 242.0 242.0 242.0
243.0 243.0 244.0 243.0 242.0 242.0 242.0 240.0 243.0 243.0 242.0 242.0
244.0 244.0 244.0 247.0 248.0 243.0 245.0 244.0 246.0 244.0 244.0 244.0
242.0 243.0 244.0 244.0 244.0 244.0 243.0 243.0 244.0 244.0 244.0 242.0
244.0 244.0 247.0 249.0 248.0 247.0 248.0 247.0 247.0 246.0 248.0 244.0
20.8637 80.0621 18.8423 0.543514 41.1628 67.037 35.9016 55.5405 3.02857 
14.0 15.0 13.0 14.0 11.0
242.0 241.0 241.0 242.0 242.0 242.0 242.0 242.0 242.0 242.0 242.0 242.0
242.0 243.0 244.0 243.0 242.0 242.0 242.0 240.0 243.0 243.0 242.0 242.0
244.0 244.0 245.0 248.0 248.0 242.0 244.0 244.0 245.0 244.0 245.0 243.0
241.0 243.0 244.0 244.0 244.0 244.0 244.0 243.0 244.0 244.0 243.0 242.0
243.0 244.0 247.0 248.0 248.0 246.0 248.0 248.0 246.0 247.0 247.0 244.0
20.8637 80.0621 19.2269 0.543514 41.1628 67.037 35.9016 55.5405 3.02857 
14.0 15.0 12.0 14.0 12.0
242.0 241.0 241.0 242.0 243.0 241.0 242.0 242.0 242.0 242.0 242.0 242.0
242.0 243.0 244.0 243.0 242.0 242.0 242.0 240.0 243.0 243.0 242.0 242.0
244.0 244.0 245.0 247.0 248.0 243.0 244.0 244.0 245.0 244.0 244.0 243.0
241.0 242.0 244.0 243.0 244.0 244.0 244.0 243.0 244.0 244.0 243.0 242.0
243.0 244.0 246.0 249.0 246.0 247.0 248.0 247.0 247.0 247.0 248.0 244.0
20.8637 79.9505 19.2269 0.543514 41.1628 67.037 35.9016 55.5405 3.02857 
14.0 15.0 12.0 14.0 11.0
242.0 241.0 241.0 242.0 242.0 242.0 242.0 242.0 242.0 242.0 242.0 242.0
242.0 243.0 244.0 243.0 242.0 242.0 242.0 240.0 243.0 243.0 242.0 242.0
244.0 244.0 244.0 247.0 248.0 243.0 244.0 244.0 246.0 244.0 244.0 243.0
241.0 243.0 244.0 244.0 244.0 244.0 244.0 243.0 244.0 244.0 244.0 242.0
244.0 244.0 247.0 248.0 248.0 245.0 248.0 248.0 246.0 246.0 247.0 245.0
20.8637 79.8389 19.6115 0.543514 41.1628 67.037 35.9016 55.5405 3.02857 
14.0 15.0 12.0 14.0 12.0
242.0 241.0 241.0 242.0 242.0 242.0 242.0 242.0 242.0 242.0 242.0 242.0
243.0 243.0 244.0 243.0 242.0 242.0 242.0 240.0 243.0 243.0 242.0 242.0
244.0 244.0 245.0 247.0 248.0 242.0 244.0 244.0 246.0 244.0 244.0 243.0
241.0 243.0 244.0 244.0 244.0 244.0 244.0 242.0 244.0 244.0 243.0 242.0
243.0 244.0 247.0 248.0 247.0 247.0 248.0 248.0 246.0 248.0 246.0 244.0
20.7273 79.7273 19.9962 0.543514 41.1628 67.037 35.9016 55.5405 3.02857 
14.0 15.0 13.0 14.0 11.0
242.0 241.0 241.0 242.0 242.0 242.0 242.0 242.0 242.0 242.0 242.0 242.0
242.0 243.0 244.0 243.0 242.0 242.0 242.0 240.0 243.0 243.0 242.0 242.0
244.0 244.0 245.0 247.0 248.0 243.0 244.0 244.0 245.0 244.0 245.0 243.0
241.0 243.0 244.0 244.0 244.0 244.0 244.0 243.0 244.0 244.0 243.0 243.0
243.0 244.0 247.0 248.0 247.0 247.0 248.0 247.0 246.0 248.0 247.0 244.0
