-10000
20.7273 80.6202 12.6885 0.543514 39.6124 67.4074 35.9016 55.9555 3.53878 
14.0 15.0 12.0 14.0 12.0
242.0 242.0 242.0 243.0 242.0 242.0 242.0 242.0 243.0 242.0 242.0 242.0
242.0 243.0 244.0 243.0 242.0 242.0 242.0 240.0 243.0 243.0 242.0 242.0
244.0 244.0 245.0 248.0 249.0 244.0 246.0 245.0 246.0 244.0 245.0 243.0
241.0 243.0 244.0 244.0 244.0 244.0 244.0 243.0 244.0 244.0 243.0 243.0
243.0 243.0 248.0 248.0 247.0 247.0 247.0 246.0 246.0 248.0 248.0 244.0
20.7273 80.6202 13.0731 0.543514 39.6124 67.7778 36.2748 55.5405 3.53878 
14.0 15.0 12.0 14.0 12.0
243.0 242.0 241.0 243.0 243.0 242.0 242.0 243.0 242.0 243.0 243.0 242.0
243.0 243.0 244.0 243.0 242.0 242.0 242.0 240.0 243.0 243.0 242.0 242.0
244.0 244.0 245.0 248.0 249.0 244.0 245.0 245.0 246.0 244.0 245.0 244.0
242.0 243.0 244.0 244.0 244.0 244.0 244.0 243.0 244.0 244.0 244.0 243.0
244.0 243.0 247.0 248.0 247.0 248.0 248.0 248.0 246.0 248.0 247.0 245.0
20.8637 80.8434 13.0731 0.543514 40 67.7778 36.2748 55.5405 3.53878 
13.0 15.0 11.0 14.0 11.0
242.0 242.0 241.0 243.0 242.0 243.0 242.0 243.0 243.0 242.0 243.0 242.0
242.0 243.0 244.0 243.0 242.0 242.0 242.0 240.0 243.0 243.0 242.0 242.0
244.0 244.0 245.0 248.0 249.0 243.0 245.0 245.0 246.0 244.0 245.0 244.0
241.0 243.0 244.0 244.0 244.0 244.0 243.0 243.0 244.0 244.0 244.0 243.0
243.0 244.0 247.0 248.0 247.0 248.0 248.0 248.0 246.0 247.0 248.0 244.0
20.8637 80.8434 13.0731 0.543514 40 67.7778 36.2748 55.9555 3.53878 
14.0 15.0 11.0 14.0 11.0
242.0 242.0 241.0 243.0 242.0 242.0 242.0 242.0 242.0 242.0 242.0 242.0
243.0 243.0 244.0 243.0 242.0 242.0 242.0 240.0 243.0 243.0 242.0 242.0
244.0 244.0 245.0 248.0 249.0 243.0 245.0 245.0 246.0 244.0 245.0 244.0
241.0 243.0 244.0 244.0 244.0 244.0 244.0 243.0 244.0 245.0 244.0 242.0
244.0 244.0 247.0 247.0 248.0 247.0 249.0 247.0 246.0 247.0 247.0 245.0
20.8637 80.7318 14.9962 0.543514 40 67.4074 36.2748 55.5405 3.02857 
14.0 15.0 11.0 14.0 12.0
243.0 242.0 242.0 243.0 242.0 242.0 242.0 243.0 242.0 242.0 243.0 242.0
242.0 243.0 244.0 243.0 242.0 242.0 242.0 240.0 243.0 243.0 242.0 242.0
244.0 244.0 245.0 248.0 249.0 243.0 245.0 245.0 246.0 244.0 245.0 243.0
241.0 243.0 244.0 244.0 244.0 244.0 243.0 244.0 243.0 244.0 244.0 243.0
244.0 244.0 247.0 249.0 247.0 247.0 247.0 248.0 247.0 247.0 247.0 245.0
20.8637 80.6202 16.9192 0.543514 39.6124 67.4074 36.2748 55.5405 3.53878 
14.0 15.0 11.0 14.0 11.0
242.0 242.0 241.0 242.0 242.0 243.0 242.0 242.0 243.0 242.0 242.0 242.0
242.0 243.0 244.0 243.0 242.0 242.0 242.0 240.0 243.0 243.0 242.0 242.0
244.0 244.0 245.0 248.0 249.0 243.0 245.0 245.0 246.0 244.0 245.0 243.0
241.0 243.0 244.0 244.0 244.0 244.0 243.0 243.0 244.0 244.0 244.0 243.0
242.0 245.0 248.0 247.0 248.0 247.0 248.0 247.0 246.0 247.0 248.0 245.0
20.591 80.2854 18.0731 0.543514 39.6124 67.4074 36.2748 55.5405 3.02857 
14.0 15.0 12.0 13.0 11.0
242.0 241.0 241.0 243.0 242.0 242.0 242.0 242.0 243.0 242.0 242.0 242.0
243.0 243.0 244.0 243.0 242.0 242.0 242.0 240.0 243.0 243.0 242.0 242.0
244.0 244.0 245.0 248.0 249.0 244.0 245.0 245.0 246.0 244.0 245.0 244.0
241.0 243.0 244.0 244.0 244.0 244.0 244.0 243.0 244.0 244.0 244.0 243.0
244.0 244.0 247.0 249.0 248.0 248.0 247.0 247.0 246.0 247.0 247.0 244.0
20.4546 80.1737 18.8423 0.543514 39.6124 67.4074 36.2748 55.5405 3.02857 
14.0 15.0 12.0 14.0 11.0
243.0 241.0 241.0 242.0 242.0 241.0 242.0 242.0 243.0 242.0 242.0 242.0
243.0 243.0 244.0 243.0 242.0 242.0 242.0 240.0 243.0 243.0 242.0 242.0
244.0 244.0 245.0 248.0 249.0 243.0 244.0 245.0 246.0 244.0 245.0 244.0
241.0 243.0 244.0 244.0 244.0 245.0 244.0 243.0 244.0 244.0 244.0 242.0
243.0 244.0 247.0 249.0 248.0 247.0 249.0 246.0 247.0 247.0 248.0 244.0
20.3182 79.9505 19.6115 0.543514 39.6124 67.4074 36.2748 55.5405 3.02857 
14.0 15.0 12.0 14.0 12.0
242.0 241.0 241.0 243.0 242.0 242.0 242.0 242.0 243.0 242.0 242.0 242.0
242.0 243.0 244.0 243.0 242.0 242.0 242.0 240.0 243.0 243.0 242.0 242.0
244.0 244.0 245.0 248.0 249.0 243.0 245.0 245.0 246.0 244.0 245.0 244.0
242.0 243.0 244.0 244.0 244.0 244.0 244.0 243.0 244.0 244.0 244.0 243.0
244.0 243.0 247.0 249.0 248.0 247.0 248.0 247.0 246.0 248.0 247.0 245.0
20.4546 79.9505 19.6115 0.543514 39.6124 67.7778 36.2748 55.5405 3.02857 
14.0 15.0 12.0 14.0 11.0
242.0 241.0 241.0 243.0 242.0 241.0 242.0 242.0 243.0 242.0 242.0 242.0
243.0 243.0 244.0 243.0 242.0 242.0 242.0 240.0 243.0 243.0 242.0 242.0
244.0 244.0 245.0 248.0 249.0 243.0 245.0 244.0 246.0 244.0 245.0 244.0
241.0 243.0 244.0 244.0 244.0 244.0 243.0 243.0 244.0 244.0 244.0 242.0
244.0 244.0 247.0 247.0 247.0 248.0 247.0 247.0 247.0 247.0 247.0 246.0
20.591 80.0621 19.9962 0.543514 39.6124 67.4074 36.2748 55.5405 3.02857 
14.0 15.0 11.0 14.0 11.0
242.0 241.0 241.0 242.0 242.0 242.0 242.0 242.0 242.0 242.0 242.0 242.0
243.0 243.0 244.0 243.0 242.0 242.0 242.0 240.0 243.0 243.0 242.0 242.0
244.0 244.0 245.0 248.0 249.0 243.0 244.0 245.0 246.0 244.0 245.0 243.0
241.0 243.0 244.0 244.0 244.0 244.0 244.0 243.0 244.0 244.0 244.0 243.0
244.0 244.0 246.0 249.0 247.0 247.0 248.0 248.0 247.0 247.0 247.0 245.0
20.7273 80.0621 19.9962 0.543514 39.6124 67.7778 36.2748 55.5405 3.02857 
14.0 15.0 12.0 13.0 12.0
242.0 241.0 241.0 242.0 242.0 242.0 242.0 242.0 243.0 242.0 242.0 242.0
243.0 243.0 244.0 243.0 242.0 242.0 242.0 240.0 243.0 243.0 242.0 242.0
244.0 244.0 245.0 248.0 249.0 243.0 244.0 244.0 246.0 244.0 244.0 244.0
241.0 243.0 244.0 244.0 244.0 244.0 244.0 243.0 244.0 244.0 244.0 243.0
244.0 244.0 247.0 249.0 247.0 248.0 248.0 247.0 246.0 247.0 247.0 245.0
