-10000
20.7273 81.1782 16.15 0.543514 40.3876 67.037 36.6479 55.5405 2.51837 
14.0 15.0 11.0 14.0 12.0
242.0 242.0 241.0 243.0 242.0 242.0 242.0 242.0 243.0 242.0 243.0 242.0
242.0 243.0 244.0 243.0 242.0 242.0 242.0 240.0 243.0 243.0 242.0 242.0
244.0 244.0 245.0 248.0 250.0 243.0 246.0 246.0 247.0 245.0 244.0 244.0
242.0 243.0 244.0 244.0 244.0 244.0 243.0 244.0 244.0 244.0 244.0 243.0
243.0 244.0 247.0 248.0 247.0 248.0 247.0 247.0 246.0 248.0 247.0 244.0
20.4546 81.0666 16.9192 0.543514 40.3876 67.037 37.021 56.3704 2.51837 
14.0 15.0 12.0 13.0 11.0
242.0 242.0 241.0 242.0 243.0 242.0 242.0 242.0 242.0 243.0 242.0 242.0
242.0 243.0 244.0 243.0 242.0 242.0 242.0 240.0 243.0 243.0 242.0 242.0
244.0 244.0 245.0 249.0 250.0 244.0 245.0 246.0 247.0 245.0 245.0 244.0
241.0 243.0 244.0 244.0 244.0 244.0 243.0 244.0 244.0 244.0 244.0 243.0
244.0 244.0 248.0 247.0 247.0 249.0 247.0 247.0 247.0 247.0 248.0 244.0
20.4546 80.955 18.0731 0.543514 40.3876 67.037 37.021 55.9555 2.51837 
14.0 15.0 11.0 13.0 11.0
242.0 242.0 241.0 242.0 242.0 242.0 242.0 242.0 242.0 242.0 242.0 242.0
243.0 243.0 244.0 243.0 242.0 242.0 242.0 240.0 243.0 243.0 242.0 242.0
244.0 244.0 245.0 248.0 251.0 243.0 245.0 245.0 247.0 245.0 245.0 244.0
242.0 243.0 244.0 244.0 244.0 244.0 244.0 243.0 244.0 244.0 244.0 243.0
243.0 244.0 247.0 248.0 249.0 247.0 247.0 247.0 246.0 248.0 248.0 245.0
20.4546 80.955 18.8423 0.543514 40.3876 67.037 37.021 56.3704 3.02857 
14.0 15.0 11.0 14.0 11.0
242.0 241.0 241.0 243.0 242.0 242.0 242.0 242.0 242.0 242.0 242.0 242.0
243.0 243.0 244.0 243.0 242.0 242.0 242.0 240.0 243.0 243.0 242.0 242.0
244.0 244.0 245.0 248.0 250.0 243.0 245.0 246.0 247.0 244.0 245.0 244.0
242.0 243.0 245.0 244.0 244.0 244.0 244.0 243.0 244.0 244.0 243.0 243.0
244.0 244.0 247.0 248.0 247.0 247.0 248.0 249.0 246.0 247.0 248.0 245.0
20.591 80.8434 19.2269 0.543514 40.3876 67.037 37.021 56.3704 2.51837 
14.0 15.0 11.0 14.0 11.0
242.0 242.0 242.0 243.0 242.0 242.0 242.0 242.0 243.0 242.0 242.0 242.0
243.0 243.0 244.0 243.0 242.0 242.0 242.0 240.0 243.0 243.0 242.0 242.0
244.0 244.0 245.0 248.0 250.0 244.0 245.0 245.0 247.0 245.0 245.0 243.0
242.0 243.0 245.0 245.0 244.0 244.0 244.0 243.0 244.0 244.0 244.0 243.0
244.0 244.0 248.0 249.0 247.0 247.0 249.0 248.0 246.0 247.0 248.0 245.0
20.591 80.7318 19.6115 0.543514 40.3876 67.037 37.021 55.9555 3.02857 
14.0 15.0 11.0 13.0 11.0
242.0 242.0 241.0 243.0 242.0 242.0 242.0 242.0 243.0 242.0 242.0 242.0
243.0 243.0 244.0 243.0 242.0 242.0 242.0 240.0 243.0 243.0 242.0 242.0
244.0 244.0 245.0 249.0 250.0 244.0 244.0 245.0 247.0 245.0 245.0 244.0
241.0 243.0 244.0 244.0 244.0 244.0 243.0 243.0 244.0 244.0 244.0 243.0
243.0 244.0 247.0 249.0 248.0 247.0 247.0 247.0 246.0 247.0 248.0 245.0
20.591 80.6202 19.9962 0.543514 40.3876 67.037 37.021 56.3704 3.02857 
14.0 15.0 12.0 14.0 11.0
243.0 242.0 242.0 243.0 243.0 242.0 242.0 242.0 243.0 242.0 242.0 242.0
242.0 243.0 244.0 243.0 242.0 242.0 242.0 240.0 243.0 243.0 242.0 242.0
244.0 244.0 245.0 248.0 250.0 243.0 244.0 245.0 247.0 245.0 245.0 244.0
241.0 243.0 244.0 244.0 244.0 244.0 244.0 243.0 244.0 246.0 244.0 243.0
244.0 244.0 248.0 248.0 248.0 248.0 248.0 247.0 246.0 248.0 247.0 246.0
20.4546 80.2854 19.9962 0.543514 40.3876 67.037 37.021 55.9555 2.51837 
14.0 15.0 12.0 14.0 11.0
242.0 241.0 241.0 243.0 243.0 242.0 242.0 242.0 242.0 242.0 243.0 242.0
242.0 243.0 244.0 243.0 242.0 242.0 242.0 240.0 243.0 243.0 242.0 242.0
244.0 244.0 245.0 249.0 250.0 243.0 245.0 245.0 247.0 245.0 245.0 244.0
241.0 243.0 244.0 244.0 244.0 244.0 244.0 243.0 244.0 244.0 243.0 243.0
243.0 244.0 246.0 248.0 248.0 248.0 248.0 247.0 246.0 248.0 248.0 246.0
20.0455 80.1737 20.3808 0.543514 40.3876 67.037 37.021 55.9555 3.02857 
14.0 15.0 12.0 14.0 12.0
242.0 241.0 241.0 242.0 242.0 242.0 243.0 242.0 242.0 242.0 242.0 242.0
243.0 243.0 244.0 243.0 242.0 242.0 242.0 240.0 243.0 243.0 242.0 242.0
244.0 244.0 245.0 248.0 250.0 243.0 244.0 245.0 247.0 245.0 245.0 244.0
241.0 243.0 244.0 244.0 244.0 244.0 243.0 243.0 244.0 244.0 243.0 243.0
244.0 244.0 247.0 248.0 247.0 247.0 248.0 247.0 245.0 247.0 247.0 244.0
20.3182 80.1737 20.3808 0.543514 40.3876 67.037 37.021 55.9555 3.02857 
14.0 15.0 12.0 14.0 11.0
242.0 241.0 241.0 243.0 242.0 242.0 242.0 242.0 242.0 242.0 242.0 242.0
242.0 243.0 244.0 243.0 242.0 242.0 242.0 240.0 243.0 243.0 242.0 242.0
244.0 244.0 245.0 248.0 250.0 243.0 245.0 245.0 247.0 245.0 246.0 244.0
241.0 243.0 244.0 245.0 244.0 244.0 244.0 243.0 244.0 244.0 244.0 243.0
244.0 244.0 247.0 248.0 247.0 248.0 248.0 248.0 246.0 247.0 248.0 245.0
21 80.1737 20.3808 0.543514 40.3876 66.6667 37.021 55.9555 2.00816 
14.0 15.0 12.0 14.0 11.0
242.0 241.0 241.0 242.0 242.0 242.0 242.0 242.0 242.0 242.0 243.0 242.0
243.0 243.0 244.0 243.0 242.0 242.0 242.0 240.0 243.0 243.0 242.0 242.0
244.0 244.0 245.0 248.0 250.0 243.0 244.0 245.0 247.0 244.0 245.0 244.0
242.0 243.0 244.0 244.0 244.0 244.0 244.0 243.0 244.0 244.0 243.0 243.0
244.0 244.0 247.0 248.0 248.0 248.0 247.0 248.0 247.0 247.0 248.0 244.0
21.1364 80.1737 20.3808 0.543514 40.3876 67.037 37.021 55.9555 2.00816 
14.0 15.0 12.0 14.0 12.0
242.0 241.0 241.0 242.0 242.0 243.0 242.0 242.0 243.0 242.0 242.0 242.0
243.0 243.0 244.0 243.0 242.0 242.0 242.0 240.0 243.0 243.0 242.0 242.0
244.0 244.0 245.0 249.0 250.0 243.0 245.0 245.0 247.0 244.0 245.0 244.0
241.0 243.0 244.0 244.0 244.0 244.0 244.0 242.0 244.0 244.0 244.0 243.0
243.0 244.0 248.0 249.0 247.0 247.0 248.0 247.0 246.0 247.0 247.0 244.0
