-10000
20.8637 80.397 11.5346 0.543514 40 67.037 35.9016 55.9555 4.55918 
13.0 15.0 12.0 14.0 12.0
242.0 242.0 242.0 243.0 242.0 243.0 243.0 243.0 242.0 242.0 242.0 242.0
242.0 243.0 244.0 243.0 242.0 242.0 242.0 240.0 243.0 243.0 242.0 242.0
244.0 244.0 244.0 247.0 247.0 243.0 244.0 244.0 244.0 244.0 244.0 243.0
241.0 243.0 244.0 244.0 244.0 244.0 244.0 243.0 243.0 244.0 244.0 242.0
244.0 244.0 247.0 247.0 247.0 247.0 247.0 247.0 246.0 247.0 247.0 244.0
20.8637 80.397 12.3038 0.543514 40 67.4074 36.2748 55.9555 4.04898 
14.0 15.0 12.0 14.0 11.0
242.0 242.0 241.0 242.0 242.0 242.0 242.0 242.0 242.0 242.0 242.0 242.0
243.0 243.0 244.0 243.0 242.0 242.0 242.0 240.0 243.0 243.0 242.0 242.0
244.0 244.0 244.0 248.0 247.0 243.0 244.0 244.0 245.0 244.0 244.0 243.0
241.0 243.0 244.0 244.0 244.0 244.0 243.0 243.0 244.0 244.0 243.0 242.0
244.0 244.0 247.0 248.0 248.0 247.0 248.0 249.0 246.0 247.0 247.0 244.0
20.8637 80.5086 12.3038 0.543514 40.3876 67.4074 36.2748 55.9555 4.04898 
13.0 15.0 12.0 14.0 12.0
242.0 242.0 241.0 243.0 242.0 243.0 242.0 242.0 243.0 242.0 242.0 242.0
243.0 243.0 244.0 243.0 242.0 242.0 242.0 240.0 243.0 243.0 242.0 242.0
244.0 244.0 244.0 247.0 247.0 243.0 244.0 244.0 245.0 244.0 244.0 244.0
241.0 243.0 244.0 244.0 244.0 244.0 244.0 243.0 244.0 244.0 244.0 243.0
244.0 244.0 247.0 248.0 247.0 247.0 249.0 247.0 246.0 247.0 248.0 244.0
21 80.5086 12.6885 0.543514 40 67.4074 36.2748 55.9555 4.04898 
14.0 15.0 12.0 14.0 11.0
242.0 242.0 241.0 243.0 242.0 242.0 243.0 243.0 242.0 242.0 242.0 242.0
243.0 243.0 244.0 243.0 242.0 242.0 242.0 240.0 243.0 243.0 242.0 242.0
244.0 244.0 244.0 247.0 247.0 243.0 244.0 244.0 245.0 244.0 244.0 243.0
241.0 243.0 244.0 244.0 244.0 244.0 243.0 244.0 244.0 244.0 243.0 242.0
242.0 244.0 246.0 249.0 248.0 247.0 247.0 248.0 246.0 247.0 248.0 244.0
21 80.5086 14.6115 0.543514 40.3876 67.4074 36.2748 55.9555 4.04898 
14.0 15.0 13.0 14.0 12.0
242.0 242.0 241.0 242.0 242.0 243.0 242.0 242.0 242.0 242.0 242.0 242.0
242.0 243.0 244.0 243.0 242.0 242.0 242.0 240.0 243.0 243.0 242.0 242.0
244.0 244.0 244.0 247.0 247.0 243.0 244.0 244.0 245.0 244.0 244.0 243.0
241.0 243.0 244.0 244.0 244.0 244.0 243.0 243.0 244.0 244.0 244.0 243.0
244.0 245.0 247.0 248.0 247.0 247.0 248.0 247.0 246.0 247.0 247.0 245.0
21 80.2854 16.5346 0.543514 40.3876 67.4074 36.2748 55.9555 4.04898 
14.0 15.0 12.0 14.0 11.0
242.0 241.0 241.0 242.0 242.0 242.0 242.0 242.0 242.0 242.0 242.0 242.0
243.0 243.0 244.0 243.0 242.0 242.0 242.0 240.0 243.0 243.0 242.0 242.0
244.0 244.0 244.0 247.0 247.0 243.0 244.0 244.0 244.0 244.0 244.0 243.0
241.0 242.0 244.0 244.0 244.0 244.0 244.0 243.0 244.0 244.0 244.0 242.0
243.0 244.0 247.0 248.0 248.0 247.0 248.0 247.0 246.0 247.0 246.0 245.0
21 80.0621 17.6885 0.543514 40 67.7778 36.2748 55.9555 4.04898 
14.0 15.0 12.0 13.0 11.0
242.0 241.0 241.0 242.0 242.0 242.0 242.0 242.0 242.0 242.0 242.0 242.0
243.0 243.0 244.0 243.0 242.0 242.0 242.0 240.0 243.0 243.0 242.0 242.0
244.0 244.0 244.0 247.0 248.0 242.0 244.0 244.0 244.0 244.0 244.0 243.0
241.0 243.0 244.0 244.0 244.0 244.0 244.0 243.0 243.0 244.0 244.0 242.0
243.0 244.0 246.0 248.0 247.0 247.0 248.0 248.0 245.0 246.0 248.0 244.0
20.7273 79.8389 18.4577 0.543514 40 67.7778 36.2748 55.5405 4.04898 
14.0 15.0 12.0 14.0 11.0
242.0 241.0 241.0 242.0 242.0 242.0 242.0 242.0 242.0 242.0 242.0 242.0
243.0 243.0 244.0 243.0 242.0 242.0 242.0 240.0 243.0 243.0 242.0 242.0
244.0 244.0 244.0 247.0 248.0 242.0 244.0 243.0 244.0 244.0 244.0 243.0
241.0 243.0 244.0 244.0 244.0 244.0 243.0 243.0 244.0 244.0 244.0 243.0
244.0 244.0 247.0 247.0 248.0 247.0 248.0 247.0 246.0 247.0 247.0 244.0
20.7273 79.7273 19.2269 0.543514 40 67.4074 36.2748 55.1256 4.04898 
14.0 15.0 13.0 14.0 12.0
242.0 241.0 241.0 242.0 242.0 242.0 242.0 242.0 242.0 242.0 242.0 242.0
243.0 243.0 244.0 243.0 242.0 242.0 242.0 240.0 243.0 243.0 242.0 242.0
244.0 244.0 244.0 247.0 248.0 243.0 243.0 244.0 244.0 244.0 244.0 243.0
242.0 243.0 244.0 244.0 244.0 244.0 243.0 243.0 243.0 244.0 243.0 242.0
244.0 244.0 247.0 248.0 247.0 247.0 249.0 247.0 247.0 247.0 247.0 244.0
20.7273 79.6157 19.2269 0.543514 40 67.7778 36.2748 55.1256 4.04898 
14.0 15.0 12.0 14.0 11.0
242.0 241.0 241.0 242.0 243.0 241.0 242.0 242.0 242.0 242.0 242.0 242.0
242.0 243.0 244.0 243.0 242.0 242.0 242.0 240.0 243.0 243.0 242.0 242.0
244.0 244.0 244.0 247.0 247.0 242.0 243.0 244.0 245.0 244.0 244.0 243.0
241.0 243.0 244.0 244.0 244.0 244.0 243.0 243.0 244.0 244.0 244.0 243.0
244.0 244.0 247.0 248.0 247.0 248.0 247.0 247.0 247.0 248.0 247.0 244.0
20.7273 79.5041 19.6115 0.543514 40 67.4074 36.2748 55.1256 4.04898 
14.0 15.0 13.0 14.0 12.0
242.0 240.0 241.0 242.0 242.0 242.0 242.0 242.0 242.0 242.0 242.0 242.0
243.0 243.0 244.0 243.0 242.0 242.0 242.0 240.0 243.0 243.0 242.0 242.0
244.0 244.0 244.0 247.0 248.0 242.0 243.0 244.0 245.0 244.0 244.0 243.0
241.0 243.0 244.0 244.0 244.0 244.0 244.0 243.0 244.0 244.0 244.0 243.0
243.0 244.0 247.0 247.0 247.0 247.0 247.0 247.0 246.0 246.0 247.0 244.0
20.8637 79.6157 19.9962 0.543514 40 67.4074 36.2748 55.1256 4.04898 
15.0 15.0 13.0 14.0 12.0
242.0 240.0 241.0 242.0 242.0 242.0 242.0 242.0 242.0 242.0 242.0 242.0
243.0 243.0 244.0 243.0 242.0 242.0 242.0 240.0 243.0 243.0 242.0 242.0
244.0 244.0 244.0 247.0 248.0 242.0 243.0 244.0 244.0 244.0 244.0 243.0
241.0 243.0 244.0 244.0 244.0 244.0 244.0 243.0 244.0 244.0 244.0 242.0
243.0 244.0 247.0 248.0 247.0 246.0 248.0 247.0 246.0 246.0 247.0 245.0
