-10000
21 80.397 11.9192 0.543514 39.2248 67.037 35.5285 55.1256 4.55918 
14.0 15.0 12.0 14.0 11.0
242.0 242.0 241.0 243.0 242.0 242.0 242.0 242.0 243.0 242.0 243.0 242.0
243.0 243.0 244.0 243.0 242.0 242.0 242.0 240.0 243.0 243.0 242.0 242.0
243.0 244.0 244.0 247.0 247.0 243.0 244.0 244.0 245.0 244.0 244.0 243.0
241.0 243.0 244.0 244.0 244.0 244.0 243.0 243.0 244.0 244.0 244.0 242.0
243.0 244.0 247.0 248.0 248.0 247.0 247.0 247.0 247.0 248.0 247.0 244.0
20.8637 80.2854 12.3038 0.543514 40 67.037 35.5285 55.9555 4.55918 
14.0 15.0 12.0 14.0 12.0
242.0 242.0 242.0 242.0 242.0 242.0 242.0 243.0 242.0 242.0 242.0 242.0
242.0 243.0 244.0 243.0 242.0 242.0 242.0 240.0 243.0 243.0 242.0 242.0
244.0 244.0 244.0 247.0 247.0 243.0 244.0 244.0 245.0 244.0 244.0 243.0
241.0 243.0 244.0 244.0 244.0 244.0 243.0 243.0 244.0 244.0 244.0 242.0
244.0 243.0 248.0 248.0 247.0 247.0 248.0 247.0 246.0 247.0 247.0 245.0
20.8637 80.2854 12.6885 0.543514 40 67.037 35.5285 55.9555 4.55918 
14.0 15.0 12.0 14.0 12.0
242.0 242.0 242.0 242.0 242.0 242.0 242.0 242.0 242.0 242.0 242.0 242.0
243.0 243.0 244.0 243.0 242.0 242.0 242.0 240.0 243.0 243.0 242.0 242.0
244.0 244.0 244.0 247.0 247.0 243.0 244.0 244.0 244.0 244.0 244.0 243.0
241.0 243.0 244.0 244.0 244.0 244.0 243.0 243.0 244.0 244.0 243.0 242.0
244.0 243.0 248.0 248.0 247.0 247.0 248.0 247.0 246.0 246.0 248.0 244.0
20.8637 80.2854 12.6885 0.543514 40 67.037 35.5285 55.9555 4.55918 
13.0 15.0 13.0 13.0 12.0
242.0 242.0 241.0 243.0 242.0 243.0 242.0 242.0 242.0 242.0 243.0 242.0
243.0 243.0 244.0 243.0 242.0 242.0 242.0 240.0 243.0 243.0 242.0 242.0
244.0 244.0 244.0 247.0 247.0 243.0 244.0 244.0 244.0 244.0 244.0 243.0
241.0 242.0 244.0 244.0 244.0 244.0 243.0 243.0 244.0 244.0 244.0 242.0
243.0 244.0 246.0 248.0 248.0 247.0 248.0 247.0 246.0 247.0 247.0 244.0
20.8637 80.2854 13.4577 0.543514 40 67.037 35.5285 55.9555 4.55918 
14.0 15.0 12.0 14.0 12.0
242.0 242.0 241.0 242.0 242.0 242.0 242.0 242.0 242.0 242.0 242.0 242.0
243.0 243.0 244.0 243.0 242.0 242.0 242.0 240.0 243.0 243.0 242.0 242.0
244.0 244.0 244.0 247.0 247.0 243.0 244.0 244.0 245.0 244.0 244.0 243.0
241.0 243.0 244.0 244.0 244.0 244.0 243.0 243.0 244.0 244.0 244.0 243.0
244.0 244.0 246.0 248.0 246.0 247.0 247.0 247.0 247.0 247.0 248.0 245.0
21 80.2854 15.7654 0.543514 40 67.037 35.5285 55.9555 4.55918 
14.0 15.0 12.0 14.0 12.0
242.0 242.0 241.0 242.0 242.0 242.0 242.0 242.0 243.0 242.0 242.0 242.0
243.0 243.0 244.0 243.0 242.0 242.0 242.0 240.0 243.0 243.0 242.0 242.0
244.0 244.0 244.0 247.0 247.0 243.0 244.0 244.0 244.0 244.0 244.0 243.0
241.0 243.0 244.0 244.0 244.0 244.0 243.0 242.0 244.0 244.0 243.0 243.0
242.0 244.0 247.0 248.0 247.0 247.0 248.0 247.0 246.0 247.0 247.0 244.0
21 80.1737 17.3038 0.543514 40 67.037 35.5285 55.9555 4.55918 
14.0 15.0 12.0 14.0 11.0
242.0 241.0 241.0 242.0 242.0 242.0 242.0 242.0 242.0 242.0 242.0 242.0
243.0 243.0 244.0 243.0 242.0 242.0 242.0 240.0 243.0 243.0 242.0 242.0
244.0 244.0 244.0 247.0 247.0 242.0 244.0 244.0 245.0 244.0 244.0 243.0
241.0 243.0 244.0 244.0 244.0 244.0 243.0 243.0 243.0 244.0 243.0 242.0
244.0 244.0 247.0 249.0 247.0 247.0 247.0 247.0 246.0 247.0 247.0 244.0
21 79.9505 18.4577 0.543514 40 67.037 35.5285 55.9555 4.55918 
14.0 15.0 12.0 14.0 12.0
242.0 242.0 241.0 243.0 242.0 242.0 241.0 242.0 242.0 242.0 242.0 242.0
243.0 243.0 244.0 243.0 242.0 242.0 242.0 240.0 243.0 243.0 242.0 242.0
244.0 244.0 244.0 247.0 247.0 243.0 244.0 244.0 244.0 244.0 244.0 243.0
241.0 243.0 244.0 244.0 244.0 244.0 243.0 243.0 243.0 244.0 244.0 242.0
243.0 244.0 247.0 248.0 247.0 248.0 247.0 247.0 246.0 247.0 248.0 244.0
21 79.8389 18.8423 0.543514 40 67.037 35.5285 55.9555 4.55918 
14.0 15.0 12.0 14.0 11.0
242.0 241.0 241.0 242.0 242.0 242.0 242.0 242.0 242.0 242.0 242.0 241.0
243.0 243.0 244.0 243.0 242.0 242.0 242.0 240.0 243.0 243.0 242.0 242.0
244.0 244.0 244.0 247.0 247.0 243.0 244.0 244.0 244.0 244.0 244.0 243.0
241.0 243.0 244.0 244.0 244.0 244.0 243.0 243.0 243.0 244.0 244.0 242.0
244.0 244.0 247.0 248.0 247.0 247.0 247.0 249.0 245.0 247.0 248.0 244.0
20.8637 79.6157 19.2269 0.543514 40 67.037 35.5285 55.9555 4.55918 
15.0 15.0 12.0 14.0 12.0
242.0 241.0 241.0 243.0 242.0 242.0 242.0 242.0 242.0 242.0 243.0 241.0
243.0 243.0 244.0 243.0 242.0 242.0 242.0 240.0 243.0 243.0 242.0 242.0
244.0 244.0 244.0 247.0 247.0 243.0 243.0 244.0 244.0 244.0 244.0 243.0
241.0 243.0 244.0 244.0 244.0 244.0 244.0 243.0 243.0 244.0 243.0 243.0
244.0 244.0 247.0 248.0 248.0 247.0 248.0 247.0 246.0 247.0 248.0 244.0
20.8637 79.5041 19.6115 0.543514 40 67.037 35.5285 55.5405 4.55918 
14.0 15.0 13.0 14.0 11.0
242.0 241.0 241.0 242.0 242.0 241.0 242.0 242.0 243.0 242.0 242.0 241.0
243.0 243.0 244.0 243.0 242.0 242.0 242.0 240.0 243.0 243.0 242.0 242.0
244.0 244.0 244.0 246.0 248.0 242.0 244.0 244.0 244.0 244.0 244.0 243.0
241.0 243.0 244.0 244.0 244.0 244.0 243.0 243.0 243.0 244.0 243.0 242.0
243.0 244.0 246.0 248.0 247.0 246.0 249.0 247.0 246.0 247.0 248.0 245.0
20.8637 79.5041 19.6115 0.543514 40 67.4074 35.5285 55.9555 4.55918 
14.0 15.0 12.0 14.0 12.0
242.0 241.0 241.0 242.0 242.0 242.0 242.0 242.0 242.0 242.0 242.0 241.0
243.0 243.0 244.0 243.0 242.0 242.0 242.0 240.0 243.0 243.0 242.0 242.0
244.0 244.0 244.0 247.0 247.0 242.0 243.0 244.0 244.0 244.0 244.0 243.0
241.0 243.0 244.0 244.0 244.0 244.0 244.0 243.0 244.0 244.0 244.0 243.0
243.0 244.0 246.0 248.0 247.0 248.0 247.0 247.0 246.0 247.0 247.0 244.0
