-10000
21 80.6202 12.3038 0.543514 40 67.4074 36.2748 55.9555 4.04898 
14.0 15.0 12.0 14.0 11.0
242.0 242.0 241.0 243.0 242.0 243.0 242.0 243.0 242.0 243.0 243.0 242.0
243.0 243.0 244.0 243.0 242.0 242.0 242.0 240.0 243.0 243.0 242.0 242.0
244.0 244.0 244.0 247.0 248.0 243.0 244.0 244.0 245.0 244.0 244.0 243.0
241.0 243.0 244.0 244.0 244.0 244.0 243.0 243.0 244.0 244.0 244.0 243.0
244.0 244.0 246.0 248.0 247.0 248.0 248.0 247.0 246.0 247.0 247.0 244.0
20.8637 80.6202 12.6885 0.543514 40.3876 67.4074 36.2748 55.9555 3.53878 
13.0 15.0 12.0 14.0 12.0
242.0 242.0 241.0 242.0 242.0 242.0 242.0 242.0 242.0 242.0 242.0 242.0
243.0 243.0 244.0 243.0 242.0 242.0 242.0 240.0 243.0 243.0 242.0 242.0
244.0 244.0 244.0 247.0 247.0 243.0 244.0 244.0 245.0 244.0 244.0 243.0
241.0 243.0 244.0 244.0 244.0 244.0 244.0 243.0 244.0 244.0 243.0 242.0
244.0 244.0 247.0 248.0 247.0 246.0 248.0 247.0 247.0 246.0 248.0 245.0
20.8637 80.6202 13.4577 0.543514 40.3876 67.7778 36.2748 55.9555 3.53878 
14.0 15.0 12.0 14.0 11.0
242.0 242.0 241.0 242.0 242.0 242.0 242.0 242.0 243.0 242.0 243.0 242.0
243.0 243.0 244.0 243.0 242.0 242.0 242.0 240.0 243.0 243.0 242.0 242.0
244.0 244.0 244.0 247.0 248.0 243.0 244.0 244.0 245.0 244.0 244.0 244.0
241.0 243.0 244.0 244.0 244.0 244.0 243.0 244.0 244.0 244.0 244.0 242.0
244.0 244.0 247.0 248.0 247.0 247.0 248.0 248.0 245.0 247.0 247.0 244.0
20.8637 80.5086 15.3808 0.543514 40.3876 67.4074 36.2748 55.9555 3.53878 
14.0 15.0 12.0 14.0 13.0
242.0 242.0 241.0 242.0 242.0 242.0 242.0 242.0 243.0 242.0 243.0 242.0
243.0 243.0 244.0 243.0 242.0 242.0 242.0 240.0 243.0 243.0 242.0 242.0
244.0 244.0 244.0 248.0 247.0 243.0 244.0 244.0 245.0 244.0 244.0 244.0
241.0 243.0 244.0 244.0 244.0 244.0 243.0 243.0 244.0 244.0 244.0 242.0
244.0 244.0 246.0 249.0 247.0 247.0 248.0 248.0 247.0 246.0 247.0 244.0
20.8637 80.5086 16.9192 0.543514 40.3876 67.4074 36.2748 55.9555 3.53878 
14.0 15.0 12.0 13.0 11.0
242.0 241.0 241.0 242.0 243.0 242.0 241.0 242.0 242.0 242.0 242.0 242.0
242.0 243.0 244.0 243.0 242.0 242.0 242.0 240.0 243.0 243.0 242.0 242.0
244.0 244.0 244.0 248.0 248.0 243.0 244.0 244.0 245.0 244.0 244.0 243.0
241.0 243.0 244.0 244.0 244.0 244.0 243.0 243.0 244.0 244.0 244.0 242.0
244.0 244.0 248.0 248.0 247.0 247.0 248.0 248.0 246.0 247.0 247.0 244.0
20.8637 80.2854 18.0731 0.543514 40.3876 67.4074 36.2748 55.9555 3.53878 
14.0 15.0 12.0 14.0 12.0
243.0 241.0 241.0 243.0 242.0 242.0 242.0 242.0 242.0 242.0 242.0 242.0
243.0 243.0 244.0 243.0 242.0 242.0 242.0 240.0 243.0 243.0 242.0 242.0
244.0 244.0 245.0 247.0 248.0 242.0 244.0 244.0 245.0 244.0 244.0 243.0
241.0 243.0 245.0 244.0 244.0 244.0 243.0 243.0 243.0 244.0 243.0 243.0
244.0 243.0 248.0 247.0 248.0 247.0 248.0 249.0 245.0 247.0 247.0 245.0
21 80.0621 18.8423 0.543514 40.3876 67.7778 36.2748 55.5405 3.53878 
14.0 15.0 12.0 14.0 12.0
242.0 241.0 241.0 242.0 242.0 241.0 242.0 242.0 242.0 242.0 242.0 242.0
242.0 243.0 244.0 243.0 242.0 242.0 242.0 240.0 243.0 243.0 242.0 242.0
244.0 244.0 245.0 247.0 247.0 243.0 244.0 244.0 245.0 244.0 244.0 244.0
241.0 243.0 244.0 244.0 244.0 244.0 244.0 243.0 244.0 244.0 244.0 242.0
244.0 244.0 247.0 248.0 246.0 247.0 248.0 248.0 246.0 246.0 248.0 245.0
20.8637 79.9505 19.2269 0.543514 40.3876 67.7778 36.2748 55.5405 3.53878 
14.0 15.0 12.0 14.0 12.0
243.0 241.0 241.0 242.0 242.0 242.0 242.0 242.0 242.0 242.0 243.0 242.0
243.0 243.0 244.0 243.0 242.0 242.0 242.0 240.0 243.0 243.0 242.0 242.0
244.0 244.0 245.0 247.0 248.0 243.0 244.0 244.0 245.0 244.0 245.0 243.0
241.0 243.0 244.0 244.0 244.0 244.0 244.0 243.0 244.0 244.0 244.0 242.0
243.0 244.0 248.0 247.0 247.0 247.0 248.0 247.0 245.0 248.0 247.0 244.0
20.7273 79.7273 19.6115 0.543514 40.3876 67.4074 36.2748 55.5405 3.53878 
14.0 15.0 13.0 14.0 11.0
242.0 241.0 241.0 242.0 242.0 241.0 242.0 242.0 242.0 242.0 242.0 242.0
242.0 243.0 244.0 243.0 242.0 242.0 242.0 240.0 243.0 243.0 242.0 242.0
244.0 244.0 244.0 248.0 248.0 242.0 244.0 244.0 245.0 244.0 244.0 243.0
241.0 243.0 244.0 244.0 244.0 244.0 244.0 243.0 243.0 244.0 244.0 243.0
243.0 244.0 246.0 248.0 247.0 248.0 247.0 248.0 245.0 247.0 247.0 244.0
20.7273 79.7273 19.6115 0.543514 40.3876 67.7778 36.2748 55.5405 3.53878 
14.0 15.0 12.0 14.0 11.0
242.0 241.0 241.0 242.0 242.0 241.0 242.0 242.0 242.0 242.0 242.0 242.0
242.0 243.0 244.0 243.0 242.0 242.0 242.0 240.0 243.0 243.0 242.0 242.0
244.0 244.0 244.0 247.0 248.0 242.0 244.0 244.0 245.0 244.0 244.0 243.0
241.0 243.0 244.0 244.0 244.0 244.0 243.0 243.0 243.0 244.0 244.0 243.0
243.0 244.0 248.0 248.0 249.0 246.0 247.0 249.0 247.0 246.0 248.0 244.0
20.7273 79.6157 20.3808 0.543514 40.3876 67.4074 36.2748 55.5405 3.53878 
15.0 15.0 13.0 14.0 11.0
242.0 241.0 241.0 242.0 242.0 241.0 243.0 242.0 242.0 242.0 242.0 242.0
242.0 243.0 244.0 243.0 242.0 242.0 242.0 240.0 243.0 243.0 242.0 242.0
244.0 244.0 245.0 248.0 248.0 242.0 244.0 244.0 245.0 244.0 244.0 243.0
242.0 243.0 244.0 244.0 244.0 244.0 243.0 243.0 244.0 244.0 244.0 243.0
244.0 244.0 246.0 248.0 247.0 246.0 247.0 248.0 245.0 247.0 247.0 244.0
20.8637 79.6157 20.3808 0.543514 40.3876 67.7778 36.2748 55.5405 3.53878 
14.0 15.0 13.0 14.0 12.0
242.0 241.0 241.0 242.0 243.0 242.0 242.0 241.0 242.0 242.0 242.0 242.0
243.0 243.0 244.0 243.0 242.0 242.0 242.0 240.0 243.0 243.0 242.0 242.0
244.0 244.0 245.0 248.0 248.0 242.0 243.0 243.0 246.0 244.0 244.0 243.0
241.0 242.0 244.0 244.0 244.0 244.0 244.0 243.0 244.0 244.0 244.0 242.0
243.0 244.0 247.0 248.0 246.0 247.0 247.0 248.0 246.0 245.0 248.0 245.0
