-10000
21.1364 80.2854 11.9192 0.543514 40.3876 67.4074 35.9016 55.5405 4.04898 
14.0 15.0 12.0 14.0 12.0
242.0 242.0 241.0 242.0 242.0 242.0 242.0 243.0 242.0 242.0 242.0 242.0
242.0 243.0 244.0 243.0 242.0 242.0 242.0 240.0 243.0 243.0 242.0 242.0
244.0 244.0 244.0 247.0 247.0 243.0 244.0 244.0 244.0 244.0 244.0 243.0
241.0 243.0 244.0 244.0 244.0 244.0 243.0 243.0 243.0 244.0 244.0 242.0
243.0 244.0 246.0 248.0 247.0 247.0 248.0 247.0 246.0 247.0 247.0 244.0
21.1364 80.5086 12.3038 0.543514 40.3876 67.7778 35.9016 55.9555 4.04898 
14.0 15.0 12.0 14.0 11.0
242.0 242.0 242.0 242.0 242.0 242.0 242.0 242.0 242.0 242.0 243.0 242.0
243.0 243.0 244.0 243.0 242.0 242.0 242.0 240.0 243.0 243.0 242.0 242.0
244.0 244.0 244.0 247.0 247.0 243.0 244.0 244.0 244.0 244.0 244.0 243.0
241.0 243.0 244.0 244.0 244.0 244.0 244.0 243.0 244.0 244.0 243.0 242.0
244.0 244.0 246.0 248.0 247.0 246.0 248.0 247.0 246.0 246.0 248.0 244.0
21.2728 80.5086 12.3038 0.543514 40.3876 67.7778 35.9016 56.3704 5.06939 
14.0 15.0 12.0 14.0 12.0
242.0 242.0 242.0 242.0 242.0 242.0 242.0 242.0 243.0 242.0 243.0 242.0
243.0 243.0 244.0 243.0 242.0 242.0 242.0 240.0 243.0 243.0 242.0 242.0
244.0 244.0 244.0 247.0 247.0 242.0 244.0 244.0 244.0 244.0 244.0 243.0
241.0 243.0 244.0 244.0 244.0 244.0 244.0 243.0 243.0 244.0 243.0 242.0
244.0 244.0 247.0 248.0 247.0 246.0 248.0 247.0 246.0 247.0 247.0 244.0
21.1364 80.5086 12.6885 0.543514 40.3876 68.1481 36.2748 56.3704 4.04898 
14.0 15.0 12.0 13.0 12.0
242.0 242.0 241.0 242.0 242.0 242.0 242.0 242.0 242.0 242.0 243.0 242.0
242.0 243.0 244.0 243.0 242.0 242.0 242.0 240.0 243.0 243.0 242.0 242.0
244.0 244.0 244.0 247.0 247.0 243.0 244.0 244.0 245.0 244.0 244.0 243.0
241.0 243.0 244.0 244.0 244.0 244.0 244.0 243.0 244.0 244.0 244.0 242.0
244.0 244.0 246.0 248.0 247.0 247.0 248.0 248.0 246.0 247.0 248.0 244.0
21.2728 80.397 13.8423 0.543514 40.3876 67.7778 35.9016 56.3704 4.04898 
13.0 15.0 12.0 14.0 12.0
242.0 242.0 241.0 243.0 242.0 242.0 242.0 243.0 242.0 242.0 243.0 242.0
242.0 243.0 244.0 243.0 242.0 242.0 242.0 240.0 243.0 243.0 242.0 242.0
244.0 244.0 244.0 247.0 247.0 242.0 244.0 244.0 244.0 244.0 244.0 243.0
241.0 243.0 244.0 244.0 244.0 244.0 244.0 243.0 244.0 244.0 243.0 243.0
244.0 244.0 247.0 248.0 247.0 246.0 247.0 247.0 246.0 247.0 248.0 244.0
21.1364 80.1737 16.15 0.543514 40.3876 67.7778 35.9016 56.3704 4.55918 
14.0 15.0 12.0 14.0 11.0
242.0 242.0 241.0 242.0 242.0 242.0 242.0 242.0 242.0 242.0 242.0 242.0
243.0 243.0 244.0 243.0 242.0 242.0 242.0 240.0 243.0 243.0 242.0 242.0
244.0 244.0 244.0 247.0 247.0 242.0 243.0 244.0 245.0 244.0 244.0 243.0
241.0 243.0 244.0 244.0 244.0 244.0 243.0 243.0 244.0 244.0 243.0 242.0
243.0 244.0 247.0 248.0 246.0 247.0 247.0 247.0 246.0 246.0 249.0 245.0
21.1364 79.9505 17.6885 0.543514 40.3876 68.1481 35.9016 56.3704 4.55918 
14.0 15.0 12.0 14.0 12.0
242.0 241.0 241.0 242.0 242.0 242.0 242.0 242.0 242.0 242.0 242.0 242.0
243.0 243.0 244.0 243.0 242.0 242.0 242.0 240.0 243.0 243.0 242.0 242.0
244.0 244.0 244.0 247.0 247.0 242.0 244.0 244.0 245.0 244.0 244.0 243.0
241.0 243.0 244.0 244.0 244.0 244.0 243.0 243.0 243.0 244.0 243.0 242.0
244.0 244.0 247.0 248.0 248.0 247.0 248.0 247.0 246.0 246.0 248.0 244.0
21.1364 79.8389 18.4577 0.543514 40.3876 68.1481 35.9016 56.3704 4.04898 
14.0 15.0 13.0 14.0 11.0
242.0 241.0 241.0 242.0 242.0 242.0 241.0 242.0 242.0 242.0 242.0 241.0
242.0 243.0 244.0 243.0 242.0 242.0 242.0 240.0 243.0 243.0 242.0 242.0
244.0 244.0 244.0 247.0 248.0 242.0 244.0 244.0 244.0 244.0 244.0 243.0
241.0 243.0 244.0 244.0 244.0 244.0 243.0 243.0 244.0 244.0 244.0 243.0
243.0 243.0 247.0 248.0 247.0 248.0 248.0 247.0 246.0 247.0 248.0 245.0
21.1364 79.7273 18.8423 0.543514 40.3876 67.7778 35.9016 56.3704 4.55918 
14.0 15.0 12.0 14.0 11.0
242.0 241.0 241.0 242.0 242.0 241.0 242.0 242.0 242.0 242.0 242.0 241.0
242.0 243.0 244.0 243.0 242.0 242.0 242.0 240.0 243.0 243.0 242.0 242.0
244.0 244.0 244.0 247.0 247.0 242.0 243.0 244.0 244.0 244.0 244.0 243.0
241.0 243.0 244.0 244.0 244.0 244.0 244.0 243.0 243.0 244.0 243.0 243.0
243.0 244.0 247.0 248.0 247.0 248.0 246.0 247.0 246.0 247.0 247.0 244.0
21.2728 79.7273 19.2269 0.543514 40.3876 68.1481 35.9016 56.3704 4.55918 
14.0 15.0 13.0 14.0 11.0
242.0 241.0 241.0 242.0 242.0 242.0 242.0 242.0 242.0 242.0 242.0 241.0
242.0 243.0 244.0 243.0 242.0 242.0 242.0 240.0 243.0 243.0 242.0 242.0
244.0 244.0 244.0 247.0 247.0 243.0 243.0 244.0 245.0 244.0 244.0 243.0
241.0 243.0 244.0 244.0 244.0 244.0 244.0 243.0 244.0 244.0 244.0 242.0
243.0 244.0 247.0 248.0 247.0 247.0 248.0 247.0 246.0 248.0 247.0 244.0
21.2728 79.7273 19.6115 0.543514 40.3876 67.7778 35.9016 56.3704 4.55918 
14.0 15.0 13.0 14.0 11.0
242.0 241.0 241.0 242.0 242.0 241.0 242.0 242.0 242.0 242.0 242.0 241.0
243.0 243.0 244.0 243.0 242.0 242.0 242.0 240.0 243.0 243.0 242.0 242.0
244.0 244.0 244.0 247.0 247.0 243.0 243.0 243.0 244.0 244.0 244.0 243.0
241.0 243.0 244.0 244.0 244.0 244.0 244.0 243.0 244.0 244.0 243.0 243.0
243.0 244.0 247.0 248.0 247.0 247.0 248.0 247.0 245.0 247.0 248.0 244.0
21.2728 79.6157 19.6115 0.543514 40.3876 67.7778 35.9016 56.3704 4.55918 
14.0 15.0 13.0 14.0 11.0
242.0 241.0 241.0 242.0 242.0 241.0 242.0 242.0 242.0 242.0 242.0 241.0
242.0 243.0 244.0 243.0 242.0 242.0 242.0 240.0 243.0 243.0 242.0 242.0
244.0 244.0 244.0 247.0 247.0 243.0 243.0 244.0 244.0 244.0 244.0 243.0
241.0 243.0 244.0 244.0 244.0 244.0 244.0 243.0 244.0 244.0 243.0 243.0
243.0 244.0 246.0 248.0 248.0 247.0 248.0 247.0 246.0 246.0 247.0 245.0
