-10000
21 80.5086 13.0731 0.543514 39.6124 67.4074 35.9016 55.5405 3.02857 
13.0 15.0 12.0 13.0 12.0
242.0 242.0 241.0 243.0 242.0 243.0 242.0 243.0 242.0 242.0 243.0 242.0
242.0 243.0 244.0 243.0 242.0 242.0 242.0 240.0 243.0 243.0 242.0 242.0
244.0 244.0 245.0 248.0 249.0 244.0 246.0 245.0 246.0 245.0 245.0 244.0
242.0 243.0 244.0 244.0 244.0 244.0 243.0 243.0 244.0 244.0 244.0 243.0
244.0 244.0 248.0 249.0 248.0 247.0 248.0 249.0 246.0 248.0 247.0 244.0
21 80.6202 13.0731 0.543514 40 67.4074 36.2748 55.5405 3.02857 
13.0 15.0 12.0 14.0 11.0
243.0 242.0 241.0 243.0 242.0 242.0 242.0 242.0 243.0 242.0 243.0 242.0
242.0 243.0 244.0 243.0 242.0 242.0 242.0 240.0 243.0 243.0 242.0 242.0
244.0 244.0 245.0 248.0 249.0 244.0 247.0 246.0 246.0 244.0 245.0 244.0
242.0 243.0 245.0 244.0 244.0 244.0 244.0 243.0 244.0 244.0 243.0 243.0
244.0 244.0 247.0 248.0 248.0 247.0 248.0 248.0 247.0 248.0 247.0 245.0
20.8637 80.5086 13.0731 0.543514 40 67.4074 36.2748 55.5405 3.02857 
13.0 15.0 12.0 13.0 11.0
242.0 242.0 242.0 243.0 242.0 242.0 243.0 243.0 243.0 242.0 243.0 242.0
242.0 243.0 244.0 243.0 242.0 242.0 242.0 240.0 243.0 243.0 242.0 242.0
244.0 244.0 245.0 249.0 249.0 243.0 246.0 245.0 246.0 245.0 245.0 244.0
241.0 243.0 244.0 244.0 244.0 244.0 243.0 243.0 244.0 244.0 244.0 242.0
244.0 244.0 247.0 248.0 248.0 248.0 248.0 247.0 246.0 248.0 247.0 244.0
20.8637 80.5086 13.0731 0.543514 40 67.4074 36.2748 55.5405 3.02857 
13.0 15.0 11.0 13.0 11.0
242.0 242.0 242.0 243.0 242.0 243.0 242.0 243.0 242.0 242.0 243.0 242.0
242.0 243.0 244.0 243.0 242.0 242.0 242.0 240.0 243.0 243.0 242.0 242.0
244.0 244.0 245.0 248.0 249.0 244.0 245.0 246.0 246.0 244.0 245.0 243.0
241.0 243.0 244.0 244.0 244.0 244.0 244.0 243.0 244.0 244.0 243.0 242.0
244.0 244.0 248.0 248.0 247.0 247.0 247.0 247.0 246.0 246.0 248.0 244.0
20.8637 80.397 14.2269 0.543514 40 67.4074 36.2748 55.5405 3.02857 
13.0 15.0 11.0 13.0 11.0
242.0 242.0 242.0 243.0 242.0 242.0 242.0 243.0 243.0 242.0 242.0 242.0
242.0 243.0 244.0 243.0 242.0 242.0 242.0 240.0 243.0 243.0 242.0 242.0
244.0 244.0 245.0 248.0 249.0 244.0 246.0 245.0 246.0 245.0 245.0 243.0
241.0 243.0 244.0 244.0 244.0 244.0 244.0 244.0 244.0 245.0 244.0 243.0
244.0 244.0 247.0 249.0 247.0 247.0 248.0 248.0 246.0 247.0 247.0 245.0
21.1364 80.397 16.15 0.543514 40 67.037 36.2748 55.5405 3.02857 
14.0 15.0 11.0 14.0 11.0
242.0 242.0 241.0 243.0 242.0 242.0 242.0 243.0 243.0 242.0 243.0 242.0
242.0 243.0 244.0 243.0 242.0 242.0 242.0 240.0 243.0 243.0 242.0 242.0
244.0 244.0 245.0 248.0 249.0 244.0 246.0 245.0 246.0 245.0 245.0 244.0
242.0 243.0 244.0 244.0 244.0 244.0 244.0 243.0 244.0 244.0 243.0 242.0
244.0 245.0 247.0 248.0 248.0 247.0 249.0 247.0 246.0 247.0 247.0 245.0
21.1364 80.2854 17.6885 0.543514 40 67.4074 36.2748 55.5405 3.02857 
14.0 15.0 11.0 14.0 12.0
242.0 242.0 241.0 243.0 242.0 242.0 242.0 242.0 243.0 242.0 242.0 242.0
242.0 243.0 244.0 243.0 242.0 242.0 242.0 240.0 243.0 243.0 242.0 242.0
244.0 244.0 245.0 248.0 250.0 244.0 245.0 245.0 246.0 245.0 245.0 243.0
241.0 242.0 244.0 244.0 244.0 244.0 244.0 243.0 244.0 244.0 243.0 243.0
243.0 244.0 247.0 249.0 247.0 246.0 248.0 248.0 246.0 247.0 248.0 244.0
21.1364 80.1737 18.4577 0.543514 40 67.4074 36.2748 55.5405 2.51837 
14.0 15.0 11.0 14.0 11.0
242.0 241.0 241.0 242.0 242.0 242.0 242.0 242.0 243.0 242.0 242.0 242.0
243.0 243.0 244.0 243.0 242.0 242.0 242.0 240.0 243.0 243.0 242.0 242.0
244.0 244.0 245.0 248.0 249.0 244.0 245.0 245.0 246.0 244.0 245.0 243.0
242.0 243.0 244.0 244.0 244.0 244.0 243.0 243.0 243.0 244.0 244.0 243.0
244.0 244.0 247.0 249.0 247.0 247.0 248.0 247.0 246.0 248.0 248.0 244.0
21.1364 80.0621 19.2269 0.543514 40 67.037 36.2748 55.1256 2.51837 
14.0 15.0 11.0 14.0 11.0
242.0 241.0 241.0 243.0 242.0 242.0 242.0 242.0 243.0 242.0 242.0 242.0
242.0 243.0 244.0 243.0 242.0 242.0 242.0 240.0 243.0 243.0 242.0 242.0
244.0 244.0 245.0 248.0 249.0 243.0 245.0 245.0 246.0 244.0 245.0 244.0
241.0 243.0 244.0 244.0 244.0 244.0 244.0 243.0 244.0 244.0 244.0 243.0
243.0 244.0 247.0 249.0 247.0 247.0 249.0 247.0 246.0 248.0 248.0 245.0
21.1364 79.9505 19.6115 0.543514 40 67.4074 36.2748 55.1256 2.51837 
14.0 15.0 11.0 14.0 11.0
242.0 241.0 241.0 242.0 243.0 241.0 242.0 242.0 242.0 242.0 242.0 242.0
242.0 243.0 244.0 243.0 242.0 242.0 242.0 240.0 243.0 243.0 242.0 242.0
244.0 244.0 245.0 248.0 249.0 243.0 245.0 245.0 246.0 244.0 245.0 243.0
241.0 243.0 244.0 244.0 244.0 244.0 243.0 243.0 244.0 244.0 244.0 243.0
244.0 244.0 248.0 248.0 248.0 248.0 248.0 248.0 246.0 247.0 247.0 245.0
21.1364 79.8389 19.9962 0.543514 40 67.037 36.2748 55.1256 2.51837 
14.0 15.0 12.0 14.0 12.0
242.0 241.0 241.0 242.0 242.0 242.0 242.0 242.0 243.0 242.0 242.0 242.0
242.0 243.0 244.0 243.0 242.0 242.0 242.0 240.0 243.0 243.0 242.0 242.0
244.0 244.0 245.0 248.0 249.0 244.0 245.0 245.0 246.0 245.0 245.0 244.0
242.0 243.0 244.0 244.0 244.0 244.0 244.0 243.0 244.0 244.0 244.0 243.0
243.0 244.0 246.0 248.0 247.0 247.0 248.0 248.0 246.0 246.0 247.0 245.0
21 79.7273 19.9962 0.543514 40 67.037 36.2748 55.1256 2.51837 
14.0 15.0 11.0 14.0 11.0
242.0 241.0 241.0 242.0 242.0 241.0 242.0 242.0 242.0 242.0 242.0 242.0
243.0 243.0 244.0 243.0 242.0 242.0 242.0 240.0 243.0 243.0 242.0 242.0
244.0 244.0 245.0 248.0 249.0 243.0 244.0 245.0 246.0 244.0 245.0 244.0
241.0 243.0 244.0 244.0 244.0 244.0 244.0 243.0 244.0 244.0 243.0 243.0
243.0 244.0 247.0 248.0 247.0 248.0 248.0 246.0 246.0 247.0 247.0 245.0
