-10000
21 80.397 12.3038 0.543514 40 67.037 35.9016 55.1256 4.04898 
14.0 15.0 12.0 14.0 12.0
242.0 242.0 241.0 243.0 242.0 242.0 243.0 243.0 243.0 242.0 243.0 242.0
242.0 243.0 244.0 243.0 242.0 242.0 242.0 240.0 243.0 243.0 242.0 242.0
244.0 244.0 244.0 247.0 247.0 243.0 244.0 244.0 245.0 244.0 244.0 243.0
241.0 243.0 244.0 244.0 244.0 244.0 244.0 243.0 244.0 244.0 244.0 243.0
244.0 245.0 247.0 249.0 246.0 248.0 248.0 247.0 246.0 247.0 248.0 244.0
21 80.5086 12.6885 0.543514 40 67.037 35.9016 55.9555 4.04898 
14.0 15.0 12.0 14.0 11.0
242.0 242.0 241.0 243.0 242.0 242.0 242.0 242.0 242.0 242.0 242.0 242.0
242.0 243.0 244.0 243.0 242.0 242.0 242.0 240.0 243.0 243.0 242.0 242.0
244.0 244.0 244.0 247.0 247.0 243.0 244.0 244.0 245.0 244.0 244.0 243.0
241.0 243.0 244.0 244.0 244.0 244.0 243.0 243.0 244.0 244.0 243.0 243.0
243.0 244.0 247.0 248.0 248.0 247.0 248.0 248.0 246.0 247.0 248.0 244.0
20.8637 80.2854 13.0731 0.543514 40 67.4074 35.9016 55.9555 4.04898 
14.0 15.0 12.0 14.0 11.0
242.0 242.0 242.0 243.0 242.0 243.0 242.0 242.0 242.0 242.0 242.0 242.0
242.0 243.0 244.0 243.0 242.0 242.0 242.0 240.0 243.0 243.0 242.0 242.0
244.0 244.0 244.0 247.0 248.0 243.0 245.0 244.0 245.0 244.0 244.0 244.0
241.0 243.0 244.0 245.0 244.0 245.0 243.0 243.0 244.0 244.0 244.0 242.0
244.0 244.0 247.0 249.0 247.0 247.0 247.0 247.0 247.0 246.0 247.0 244.0
20.8637 80.2854 13.0731 0.543514 40 67.037 35.9016 55.9555 4.04898 
14.0 15.0 12.0 14.0 11.0
242.0 242.0 242.0 242.0 242.0 242.0 242.0 242.0 242.0 242.0 242.0 242.0
243.0 243.0 244.0 243.0 242.0 242.0 242.0 240.0 243.0 243.0 242.0 242.0
244.0 244.0 244.0 247.0 247.0 243.0 244.0 244.0 245.0 244.0 244.0 243.0
241.0 243.0 244.0 244.0 244.0 244.0 243.0 242.0 244.0 244.0 243.0 242.0
244.0 244.0 247.0 248.0 247.0 247.0 248.0 247.0 245.0 247.0 247.0 244.0
20.8637 80.2854 14.2269 0.543514 40 67.4074 35.9016 55.9555 4.04898 
14.0 15.0 12.0 14.0 11.0
242.0 242.0 241.0 242.0 242.0 242.0 242.0 243.0 242.0 243.0 243.0 242.0
242.0 243.0 244.0 243.0 242.0 242.0 242.0 240.0 243.0 243.0 242.0 242.0
244.0 244.0 244.0 247.0 247.0 243.0 244.0 244.0 245.0 244.0 244.0 243.0
241.0 242.0 244.0 244.0 244.0 244.0 243.0 243.0 244.0 244.0 244.0 242.0
244.0 244.0 247.0 248.0 247.0 246.0 247.0 248.0 247.0 247.0 248.0 244.0
20.8637 80.1737 16.15 0.543514 40 67.4074 35.9016 55.9555 4.04898 
14.0 15.0 12.0 14.0 12.0
242.0 242.0 241.0 242.0 242.0 242.0 242.0 242.0 243.0 242.0 242.0 242.0
242.0 243.0 244.0 243.0 242.0 242.0 242.0 240.0 243.0 243.0 242.0 242.0
244.0 244.0 244.0 247.0 248.0 243.0 244.0 244.0 245.0 244.0 244.0 243.0
241.0 242.0 244.0 244.0 244.0 244.0 243.0 243.0 243.0 244.0 244.0 242.0
244.0 244.0 246.0 249.0 247.0 247.0 249.0 247.0 247.0 247.0 247.0 244.0
20.8637 80.1737 17.6885 0.543514 40 67.4074 35.9016 55.9555 4.04898 
14.0 15.0 12.0 14.0 12.0
243.0 241.0 241.0 242.0 242.0 242.0 242.0 242.0 242.0 242.0 242.0 242.0
243.0 243.0 244.0 243.0 242.0 242.0 242.0 240.0 243.0 243.0 242.0 242.0
244.0 244.0 244.0 248.0 247.0 243.0 244.0 244.0 245.0 244.0 244.0 244.0
241.0 243.0 244.0 244.0 244.0 244.0 243.0 243.0 243.0 244.0 244.0 242.0
244.0 244.0 246.0 249.0 247.0 248.0 247.0 247.0 246.0 247.0 246.0 244.0
21 80.0621 18.4577 0.543514 40 67.4074 35.9016 55.9555 4.04898 
14.0 15.0 12.0 14.0 13.0
242.0 241.0 242.0 242.0 242.0 242.0 243.0 242.0 242.0 242.0 242.0 242.0
242.0 243.0 244.0 243.0 242.0 242.0 242.0 240.0 243.0 243.0 242.0 242.0
244.0 244.0 244.0 247.0 247.0 243.0 244.0 244.0 245.0 244.0 244.0 243.0
241.0 243.0 244.0 244.0 244.0 244.0 244.0 243.0 244.0 244.0 243.0 243.0
242.0 244.0 246.0 248.0 248.0 246.0 247.0 247.0 246.0 246.0 247.0 244.0
21 79.8389 18.8423 0.543514 40 67.4074 35.9016 55.9555 4.04898 
14.0 15.0 12.0 14.0 13.0
242.0 241.0 241.0 242.0 242.0 242.0 242.0 242.0 242.0 242.0 242.0 242.0
243.0 243.0 244.0 243.0 242.0 242.0 242.0 240.0 243.0 243.0 242.0 242.0
244.0 244.0 244.0 248.0 248.0 243.0 244.0 244.0 245.0 244.0 244.0 243.0
241.0 243.0 244.0 244.0 244.0 244.0 243.0 243.0 244.0 244.0 244.0 242.0
244.0 244.0 246.0 249.0 247.0 247.0 248.0 247.0 246.0 247.0 247.0 244.0
21 79.7273 19.6115 0.543514 40 67.037 35.5285 55.5405 4.04898 
15.0 15.0 12.0 14.0 11.0
243.0 241.0 241.0 243.0 242.0 242.0 242.0 242.0 242.0 242.0 243.0 242.0
243.0 243.0 244.0 243.0 242.0 242.0 242.0 240.0 243.0 243.0 242.0 242.0
244.0 244.0 244.0 248.0 248.0 243.0 244.0 244.0 245.0 244.0 244.0 244.0
241.0 244.0 244.0 244.0 244.0 244.0 243.0 243.0 244.0 244.0 243.0 243.0
244.0 244.0 246.0 248.0 247.0 247.0 247.0 247.0 246.0 248.0 246.0 245.0
20.8637 79.5041 19.6115 0.543514 40 67.4074 35.5285 55.5405 4.04898 
14.0 15.0 12.0 14.0 12.0
242.0 241.0 242.0 243.0 242.0 241.0 242.0 242.0 242.0 242.0 242.0 242.0
242.0 243.0 244.0 243.0 242.0 242.0 242.0 240.0 243.0 243.0 242.0 242.0
244.0 244.0 244.0 247.0 248.0 242.0 244.0 244.0 245.0 244.0 244.0 243.0
241.0 243.0 244.0 244.0 244.0 244.0 244.0 243.0 244.0 244.0 244.0 243.0
243.0 244.0 246.0 248.0 248.0 247.0 247.0 247.0 247.0 246.0 248.0 245.0
20.7273 79.5041 19.9962 0.543514 40 67.4074 35.5285 55.5405 4.04898 
14.0 15.0 12.0 14.0 11.0
242.0 241.0 241.0 242.0 242.0 241.0 242.0 242.0 242.0 242.0 242.0 242.0
243.0 243.0 244.0 243.0 242.0 242.0 242.0 240.0 243.0 243.0 242.0 242.0
244.0 244.0 245.0 247.0 248.0 243.0 244.0 244.0 245.0 244.0 244.0 244.0
241.0 243.0 244.0 244.0 244.0 244.0 244.0 243.0 244.0 244.0 243.0 242.0
244.0 244.0 247.0 249.0 247.0 247.0 248.0 247.0 246.0 246.0 248.0 244.0
