-10000
20.7273 81.0666 15.3808 0.543514 40.3876 66.6667 36.2748 55.5405 2.00816 
14.0 15.0 11.0 14.0 11.0
242.0 242.0 241.0 243.0 243.0 243.0 242.0 243.0 243.0 242.0 243.0 243.0
243.0 243.0 244.0 243.0 242.0 242.0 242.0 240.0 243.0 243.0 242.0 242.0
244.0 244.0 246.0 251.0 252.0 244.0 248.0 248.0 248.0 245.0 247.0 244.0
241.0 243.0 244.0 244.0 244.0 244.0 243.0 243.0 244.0 244.0 244.0 243.0
244.0 244.0 247.0 248.0 248.0 247.0 248.0 247.0 246.0 247.0 248.0 245.0
20.3182 80.7318 17.6885 0.543514 40.3876 66.6667 36.6479 55.1256 2.51837 
14.0 15.0 11.0 14.0 11.0
242.0 242.0 241.0 243.0 243.0 242.0 242.0 242.0 243.0 243.0 242.0 242.0
242.0 243.0 244.0 243.0 242.0 242.0 242.0 240.0 243.0 243.0 242.0 242.0
244.0 244.0 246.0 251.0 252.0 244.0 247.0 247.0 248.0 246.0 247.0 244.0
241.0 243.0 244.0 244.0 244.0 244.0 244.0 243.0 244.0 244.0 244.0 242.0
243.0 244.0 247.0 248.0 247.0 248.0 248.0 248.0 245.0 248.0 247.0 244.0
20.3182 80.5086 18.8423 0.543514 40.3876 66.6667 36.6479 55.1256 2.00816 
14.0 15.0 11.0 14.0 12.0
242.0 241.0 241.0 242.0 242.0 243.0 243.0 242.0 243.0 242.0 243.0 242.0
243.0 243.0 244.0 243.0 242.0 242.0 242.0 240.0 243.0 243.0 242.0 242.0
244.0 244.0 246.0 251.0 252.0 244.0 246.0 247.0 248.0 246.0 246.0 244.0
242.0 243.0 244.0 244.0 244.0 244.0 244.0 243.0 244.0 244.0 244.0 243.0
244.0 244.0 247.0 249.0 248.0 247.0 248.0 248.0 247.0 246.0 248.0 245.0
20.8637 80.5086 19.2269 0.543514 40.3876 66.2963 36.6479 55.1256 2.00816 
14.0 15.0 11.0 13.0 11.0
242.0 241.0 241.0 243.0 242.0 242.0 242.0 242.0 243.0 242.0 242.0 242.0
243.0 243.0 244.0 243.0 242.0 242.0 242.0 240.0 243.0 243.0 242.0 242.0
244.0 244.0 246.0 251.0 252.0 244.0 247.0 246.0 248.0 245.0 247.0 244.0
241.0 243.0 244.0 244.0 245.0 244.0 244.0 243.0 244.0 244.0 243.0 243.0
244.0 244.0 247.0 249.0 246.0 247.0 248.0 247.0 247.0 246.0 248.0 244.0
21.1364 80.397 19.9962 0.543514 40.3876 66.6667 36.6479 55.1256 2.00816 
14.0 15.0 11.0 14.0 11.0
242.0 241.0 241.0 242.0 242.0 242.0 243.0 242.0 243.0 243.0 242.0 242.0
243.0 243.0 244.0 243.0 242.0 242.0 242.0 240.0 243.0 243.0 242.0 242.0
245.0 244.0 246.0 250.0 252.0 244.0 246.0 247.0 248.0 245.0 247.0 244.0
241.0 243.0 244.0 244.0 244.0 244.0 244.0 243.0 244.0 244.0 244.0 243.0
244.0 244.0 247.0 249.0 246.0 247.0 248.0 248.0 246.0 248.0 247.0 245.0
21.1364 80.2854 19.9962 0.543514 40.3876 66.6667 36.6479 55.1256 2.00816 
14.0 15.0 12.0 14.0 11.0
243.0 242.0 241.0 243.0 242.0 242.0 242.0 242.0 243.0 242.0 242.0 242.0
243.0 243.0 244.0 243.0 242.0 242.0 242.0 240.0 243.0 243.0 242.0 242.0
244.0 244.0 246.0 251.0 252.0 244.0 246.0 247.0 248.0 245.0 246.0 244.0
241.0 243.0 244.0 244.0 244.0 244.0 244.0 243.0 244.0 244.0 244.0 243.0
244.0 244.0 247.0 249.0 247.0 247.0 249.0 247.0 247.0 246.0 247.0 245.0
21.1364 80.1737 20.3808 0.543514 40.3876 66.2963 36.6479 55.1256 2.00816 
14.0 15.0 11.0 14.0 12.0
243.0 241.0 241.0 243.0 242.0 242.0 242.0 242.0 242.0 242.0 242.0 242.0
243.0 243.0 244.0 243.0 242.0 242.0 242.0 240.0 243.0 243.0 242.0 242.0
244.0 244.0 246.0 251.0 252.0 244.0 246.0 247.0 248.0 245.0 246.0 244.0
241.0 243.0 244.0 244.0 244.0 244.0 243.0 243.0 244.0 244.0 244.0 243.0
243.0 244.0 247.0 248.0 247.0 248.0 248.0 246.0 247.0 247.0 247.0 245.0
21 80.0621 20.3808 0.543514 40.3876 66.6667 36.6479 55.1256 2.00816 
14.0 15.0 11.0 14.0 11.0
243.0 241.0 241.0 242.0 243.0 243.0 243.0 242.0 243.0 242.0 242.0 242.0
242.0 243.0 244.0 243.0 242.0 242.0 242.0 240.0 243.0 243.0 242.0 242.0
245.0 244.0 247.0 251.0 252.0 244.0 246.0 246.0 248.0 245.0 246.0 244.0
242.0 243.0 244.0 244.0 244.0 244.0 244.0 243.0 244.0 244.0 244.0 243.0
244.0 244.0 248.0 247.0 248.0 247.0 249.0 248.0 247.0 247.0 247.0 244.0
21 80.0621 20.3808 0.543514 40.3876 66.6667 36.6479 55.1256 1.49796 
14.0 15.0 11.0 14.0 11.0
243.0 242.0 242.0 242.0 242.0 242.0 242.0 242.0 243.0 242.0 242.0 242.0
243.0 243.0 244.0 243.0 242.0 242.0 242.0 240.0 243.0 243.0 242.0 242.0
244.0 244.0 246.0 251.0 252.0 244.0 247.0 247.0 247.0 245.0 246.0 244.0
242.0 243.0 244.0 244.0 244.0 244.0 244.0 243.0 244.0 244.0 244.0 243.0
244.0 244.0 248.0 248.0 247.0 247.0 248.0 247.0 247.0 247.0 247.0 244.0
21 80.0621 20.3808 0.543514 40.3876 66.6667 36.6479 55.1256 1.49796 
14.0 15.0 11.0 14.0 12.0
242.0 241.0 242.0 243.0 242.0 243.0 242.0 242.0 243.0 242.0 242.0 242.0
243.0 243.0 244.0 243.0 242.0 242.0 242.0 240.0 243.0 243.0 242.0 242.0
244.0 244.0 246.0 250.0 252.0 244.0 246.0 246.0 248.0 246.0 247.0 244.0
241.0 243.0 244.0 244.0 244.0 244.0 244.0 243.0 244.0 244.0 244.0 243.0
244.0 244.0 247.0 249.0 247.0 247.0 248.0 247.0 246.0 247.0 247.0 245.0
21 79.9505 20.7654 0.543514 40.3876 66.6667 36.6479 55.1256 2.00816 
14.0 15.0 11.0 14.0 11.0
242.0 241.0 241.0 243.0 242.0 242.0 242.0 242.0 243.0 242.0 242.0 242.0
242.0 243.0 244.0 243.0 242.0 242.0 242.0 240.0 243.0 243.0 242.0 242.0
244.0 244.0 246.0 250.0 252.0 244.0 247.0 246.0 248.0 245.0 246.0 244.0
242.0 243.0 244.0 244.0 244.0 244.0 244.0 244.0 244.0 244.0 244.0 243.0
244.0 243.0 247.0 249.0 247.0 248.0 249.0 247.0 246.0 247.0 248.0 245.0
21 79.9505 21.15 0.543514 40.3876 66.6667 36.6479 55.1256 2.00816 
14.0 15.0 11.0 14.0 11.0
243.0 241.0 241.0 242.0 242.0 242.0 242.0 242.0 242.0 242.0 242.0 242.0
243.0 243.0 244.0 243.0 242.0 242.0 242.0 240.0 243.0 243.0 242.0 242.0
244.0 244.0 246.0 250.0 252.0 243.0 246.0 246.0 248.0 245.0 246.0 244.0
241.0 243.0 244.0 244.0 244.0 244.0 244.0 243.0 244.0 244.0 244.0 242.0
244.0 244.0 248.0 248.0 247.0 248.0 249.0 247.0 247.0 247.0 247.0 245.0
