-10000
21 80.6202 12.3038 0.543514 39.6124 67.4074 35.9016 55.5405 3.53878 
13.0 15.0 12.0 13.0 12.0
242.0 242.0 241.0 243.0 242.0 242.0 242.0 242.0 243.0 242.0 243.0 242.0
243.0 243.0 244.0 243.0 242.0 242.0 242.0 240.0 243.0 243.0 242.0 242.0
244.0 244.0 245.0 248.0 249.0 244.0 245.0 245.0 246.0 244.0 244.0 244.0
241.0 243.0 244.0 244.0 244.0 244.0 243.0 243.0 244.0 244.0 244.0 242.0
244.0 244.0 246.0 248.0 248.0 247.0 248.0 247.0 247.0 246.0 247.0 245.0
20.8637 80.5086 12.6885 0.543514 39.6124 67.4074 36.2748 55.5405 3.53878 
14.0 15.0 12.0 14.0 12.0
242.0 242.0 242.0 243.0 242.0 242.0 242.0 243.0 243.0 242.0 242.0 242.0
243.0 243.0 244.0 243.0 242.0 242.0 242.0 240.0 243.0 243.0 242.0 242.0
244.0 244.0 245.0 248.0 249.0 244.0 245.0 245.0 246.0 244.0 244.0 243.0
241.0 243.0 244.0 244.0 244.0 244.0 243.0 243.0 244.0 244.0 244.0 243.0
243.0 244.0 246.0 249.0 248.0 247.0 248.0 247.0 246.0 247.0 248.0 244.0
20.7273 80.5086 12.6885 0.543514 39.6124 67.4074 36.2748 55.5405 3.53878 
14.0 15.0 12.0 14.0 12.0
242.0 242.0 241.0 243.0 242.0 242.0 242.0 243.0 243.0 243.0 243.0 242.0
242.0 243.0 244.0 243.0 242.0 242.0 242.0 240.0 243.0 243.0 242.0 242.0
244.0 244.0 245.0 249.0 248.0 244.0 245.0 245.0 247.0 244.0 244.0 243.0
241.0 243.0 244.0 244.0 244.0 244.0 244.0 243.0 244.0 244.0 244.0 243.0
243.0 244.0 247.0 249.0 247.0 248.0 248.0 247.0 246.0 247.0 247.0 244.0
20.7273 80.5086 12.6885 0.543514 39.6124 67.4074 36.2748 55.5405 3.53878 
13.0 15.0 11.0 14.0 11.0
242.0 242.0 241.0 242.0 242.0 242.0 242.0 242.0 243.0 242.0 243.0 242.0
242.0 243.0 244.0 243.0 242.0 242.0 242.0 240.0 243.0 243.0 242.0 242.0
244.0 244.0 245.0 248.0 249.0 244.0 245.0 245.0 246.0 245.0 244.0 244.0
241.0 243.0 244.0 244.0 244.0 244.0 244.0 243.0 244.0 244.0 244.0 243.0
244.0 244.0 247.0 250.0 248.0 247.0 247.0 247.0 246.0 247.0 247.0 245.0
20.7273 80.5086 14.2269 0.543514 39.6124 67.4074 36.2748 55.5405 3.02857 
13.0 15.0 12.0 14.0 12.0
242.0 242.0 241.0 243.0 242.0 242.0 242.0 243.0 243.0 243.0 243.0 242.0
243.0 243.0 244.0 243.0 242.0 242.0 242.0 240.0 243.0 243.0 242.0 242.0
244.0 244.0 245.0 248.0 249.0 243.0 245.0 245.0 246.0 244.0 244.0 243.0
241.0 243.0 245.0 244.0 244.0 244.0 243.0 243.0 244.0 244.0 244.0 243.0
244.0 244.0 247.0 247.0 247.0 248.0 247.0 247.0 246.0 247.0 248.0 245.0
20.8637 80.5086 16.5346 0.543514 39.6124 67.4074 36.2748 55.5405 3.02857 
14.0 15.0 12.0 13.0 12.0
242.0 242.0 241.0 242.0 242.0 242.0 242.0 242.0 243.0 243.0 242.0 242.0
243.0 243.0 244.0 243.0 242.0 242.0 242.0 240.0 243.0 243.0 242.0 242.0
244.0 244.0 245.0 248.0 249.0 243.0 244.0 245.0 246.0 244.0 244.0 244.0
241.0 243.0 244.0 244.0 245.0 244.0 244.0 243.0 243.0 244.0 244.0 243.0
243.0 244.0 247.0 247.0 248.0 248.0 247.0 247.0 246.0 247.0 247.0 244.0
20.8637 80.2854 17.6885 0.543514 39.6124 67.4074 36.2748 55.5405 3.02857 
14.0 15.0 12.0 14.0 12.0
242.0 241.0 241.0 242.0 242.0 242.0 242.0 242.0 242.0 242.0 242.0 242.0
242.0 243.0 244.0 243.0 242.0 242.0 242.0 240.0 243.0 243.0 242.0 242.0
244.0 244.0 245.0 248.0 249.0 244.0 244.0 244.0 246.0 245.0 245.0 243.0
241.0 243.0 244.0 244.0 244.0 244.0 243.0 243.0 244.0 244.0 244.0 242.0
243.0 245.0 247.0 248.0 247.0 248.0 247.0 247.0 247.0 248.0 248.0 244.0
20.8637 80.0621 18.4577 0.543514 39.6124 67.4074 36.2748 55.5405 3.02857 
13.0 15.0 12.0 14.0 11.0
243.0 242.0 241.0 242.0 242.0 242.0 242.0 242.0 242.0 242.0 242.0 242.0
243.0 243.0 244.0 243.0 242.0 242.0 242.0 240.0 243.0 243.0 242.0 242.0
244.0 244.0 245.0 248.0 249.0 243.0 244.0 245.0 246.0 244.0 244.0 244.0
241.0 243.0 245.0 244.0 244.0 244.0 244.0 243.0 244.0 244.0 244.0 243.0
243.0 244.0 246.0 249.0 247.0 247.0 248.0 248.0 246.0 247.0 247.0 245.0
20.8637 79.8389 19.2269 0.543514 39.6124 67.4074 36.2748 55.5405 3.02857 
14.0 15.0 12.0 13.0 11.0
242.0 241.0 241.0 242.0 242.0 242.0 242.0 242.0 242.0 242.0 242.0 242.0
243.0 243.0 244.0 243.0 242.0 242.0 242.0 240.0 243.0 243.0 242.0 242.0
244.0 244.0 245.0 248.0 249.0 243.0 244.0 244.0 246.0 244.0 245.0 243.0
242.0 243.0 244.0 244.0 244.0 244.0 244.0 243.0 244.0 244.0 244.0 242.0
244.0 244.0 247.0 248.0 248.0 247.0 248.0 248.0 247.0 247.0 247.0 245.0
20.591 79.6157 19.6115 0.543514 39.6124 67.4074 36.2748 55.5405 3.02857 
14.0 15.0 12.0 14.0 12.0
242.0 241.0 241.0 242.0 242.0 242.0 242.0 242.0 243.0 242.0 242.0 242.0
243.0 243.0 244.0 243.0 242.0 242.0 242.0 240.0 243.0 243.0 242.0 242.0
244.0 244.0 245.0 248.0 249.0 244.0 244.0 244.0 246.0 244.0 244.0 243.0
241.0 243.0 244.0 244.0 244.0 244.0 243.0 243.0 244.0 244.0 244.0 243.0
244.0 244.0 248.0 248.0 247.0 247.0 248.0 248.0 247.0 247.0 248.0 244.0
20.591 79.5041 19.6115 0.543514 39.6124 67.4074 36.2748 55.1256 3.02857 
14.0 15.0 12.0 14.0 11.0
243.0 241.0 241.0 243.0 242.0 242.0 242.0 242.0 243.0 242.0 242.0 242.0
243.0 243.0 244.0 243.0 242.0 242.0 242.0 240.0 243.0 243.0 242.0 242.0
244.0 244.0 245.0 248.0 249.0 243.0 244.0 244.0 246.0 244.0 245.0 244.0
241.0 243.0 244.0 244.0 244.0 244.0 243.0 243.0 243.0 244.0 244.0 243.0
243.0 244.0 248.0 249.0 248.0 247.0 248.0 248.0 246.0 248.0 248.0 244.0
20.4546 79.5041 19.9962 0.543514 39.6124 67.4074 36.2748 55.1256 3.02857 
14.0 15.0 12.0 14.0 11.0
242.0 241.0 241.0 242.0 242.0 242.0 242.0 242.0 243.0 242.0 242.0 242.0
243.0 243.0 244.0 243.0 242.0 242.0 242.0 240.0 243.0 243.0 242.0 242.0
244.0 244.0 245.0 248.0 249.0 243.0 244.0 244.0 246.0 244.0 244.0 243.0
241.0 243.0 244.0 244.0 244.0 244.0 243.0 243.0 243.0 244.0 243.0 243.0
244.0 244.0 247.0 249.0 247.0 248.0 249.0 247.0 247.0 247.0 247.0 244.0
