-10000
21.1364 79.7273 14.9962 45.9489 33.0233 59.2593 36.6479 55.9555 4.04898 
19.0 17.0 18.0 13.0 11.0
242.0 240.0 236.0 242.0 241.0 238.0 241.0 239.0 241.0 242.0 238.0 241.0
243.0 243.0 244.0 243.0 243.0 242.0 244.0 238.0 243.0 243.0 242.0 243.0
243.0 244.0 243.0 243.0 248.0 244.0 237.0 242.0 244.0 243.0 244.0 244.0
242.0 243.0 245.0 245.0 245.0 244.0 244.0 244.0 244.0 244.0 244.0 243.0
244.0 244.0 249.0 250.0 250.0 250.0 249.0 250.0 248.0 250.0 249.0 245.0
21.2728 79.9505 15.3808 46.4895 34.186 59.2593 37.021 55.9555 3.53878 
19.0 17.0 18.0 13.0 11.0
243.0 240.0 236.0 242.0 242.0 238.0 240.0 238.0 242.0 242.0 238.0 241.0
243.0 243.0 244.0 243.0 243.0 242.0 244.0 238.0 243.0 243.0 241.0 242.0
242.0 244.0 243.0 243.0 247.0 243.0 236.0 242.0 244.0 243.0 244.0 244.0
242.0 243.0 245.0 245.0 244.0 245.0 245.0 244.0 244.0 245.0 244.0 244.0
244.0 244.0 249.0 250.0 248.0 249.0 250.0 249.0 248.0 249.0 249.0 245.0
21.4091 79.9505 15.3808 47.5705 34.9612 60 37.021 56.3704 3.53878 
19.0 17.0 19.0 13.0 11.0
242.0 240.0 236.0 242.0 241.0 238.0 240.0 238.0 242.0 242.0 238.0 241.0
242.0 243.0 244.0 243.0 243.0 242.0 244.0 237.0 242.0 243.0 242.0 243.0
243.0 245.0 243.0 243.0 247.0 244.0 236.0 242.0 244.0 244.0 244.0 244.0
242.0 243.0 245.0 244.0 245.0 245.0 245.0 244.0 244.0 245.0 244.0 243.0
244.0 244.0 248.0 252.0 249.0 249.0 250.0 250.0 248.0 249.0 249.0 245.0
21.2728 79.8389 19.9962 48.1111 36.124 60 37.021 56.3704 3.53878 
20.0 18.0 18.0 13.0 11.0
242.0 240.0 235.0 242.0 241.0 236.0 240.0 237.0 241.0 241.0 237.0 242.0
242.0 243.0 243.0 243.0 243.0 242.0 244.0 236.0 242.0 243.0 241.0 243.0
243.0 244.0 243.0 242.0 247.0 243.0 236.0 242.0 244.0 243.0 244.0 244.0
242.0 243.0 244.0 244.0 245.0 244.0 245.0 244.0 244.0 245.0 245.0 243.0
244.0 245.0 249.0 250.0 249.0 249.0 250.0 250.0 249.0 249.0 250.0 246.0
21.2728 79.8389 21.15 48.6516 36.5116 60 37.021 56.3704 3.02857 
20.0 19.0 18.0 13.0 11.0
242.0 241.0 234.0 242.0 241.0 235.0 240.0 237.0 241.0 241.0 237.0 242.0
242.0 243.0 243.0 243.0 243.0 241.0 242.0 236.0 241.0 243.0 241.0 242.0
243.0 244.0 243.0 243.0 247.0 244.0 237.0 242.0 244.0 244.0 244.0 244.0
242.0 244.0 245.0 244.0 245.0 244.0 244.0 244.0 244.0 245.0 245.0 243.0
243.0 244.0 250.0 250.0 249.0 249.0 251.0 248.0 248.0 249.0 249.0 246.0
21.2728 79.8389 21.9192 48.6516 36.8992 60 37.021 56.3704 3.02857 
20.0 21.0 17.0 13.0 11.0
242.0 240.0 235.0 241.0 241.0 235.0 239.0 237.0 241.0 241.0 237.0 242.0
242.0 243.0 243.0 243.0 243.0 240.0 241.0 235.0 241.0 242.0 241.0 242.0
243.0 245.0 243.0 243.0 248.0 244.0 237.0 242.0 244.0 244.0 244.0 244.0
242.0 243.0 245.0 245.0 245.0 245.0 245.0 244.0 244.0 244.0 244.0 243.0
244.0 244.0 247.0 249.0 249.0 249.0 249.0 250.0 249.0 249.0 250.0 247.0
21.4091 80.0621 22.3038 48.6516 36.8992 60.7407 37.021 56.7854 2.51837 
21.0 20.0 17.0 13.0 11.0
242.0 240.0 234.0 242.0 241.0 235.0 239.0 236.0 242.0 241.0 236.0 242.0
242.0 243.0 243.0 243.0 242.0 240.0 242.0 235.0 241.0 243.0 241.0 242.0
242.0 244.0 243.0 242.0 248.0 244.0 237.0 242.0 244.0 244.0 244.0 244.0
242.0 243.0 244.0 244.0 245.0 244.0 245.0 244.0 244.0 244.0 245.0 243.0
244.0 245.0 249.0 250.0 248.0 248.0 250.0 250.0 249.0 249.0 249.0 244.0
21.4091 80.0621 22.3038 48.6516 37.2868 61.1111 37.3942 56.7854 2.51837 
21.0 20.0 17.0 13.0 11.0
242.0 240.0 234.0 241.0 241.0 235.0 239.0 236.0 241.0 242.0 237.0 242.0
242.0 242.0 243.0 243.0 242.0 242.0 240.0 235.0 241.0 243.0 240.0 242.0
243.0 244.0 243.0 243.0 247.0 243.0 238.0 242.0 244.0 243.0 244.0 244.0
242.0 244.0 245.0 245.0 245.0 245.0 245.0 244.0 244.0 244.0 244.0 244.0
244.0 244.0 249.0 251.0 248.0 249.0 250.0 249.0 249.0 248.0 250.0 245.0
21.4091 80.1737 22.3038 49.1922 38.062 62.2222 37.3942 57.2003 2.51837 
21.0 21.0 17.0 13.0 11.0
242.0 240.0 234.0 242.0 241.0 234.0 239.0 236.0 242.0 242.0 236.0 242.0
243.0 243.0 242.0 243.0 242.0 240.0 239.0 235.0 241.0 243.0 241.0 242.0
243.0 244.0 243.0 243.0 247.0 243.0 238.0 242.0 244.0 243.0 244.0 244.0
242.0 243.0 245.0 245.0 244.0 244.0 244.0 244.0 244.0 244.0 244.0 244.0
244.0 246.0 249.0 251.0 249.0 248.0 250.0 250.0 248.0 249.0 250.0 246.0
21.2728 80.0621 22.3038 49.7327 38.062 63.3333 37.3942 57.2003 2.51837 
21.0 20.0 16.0 13.0 11.0
242.0 240.0 234.0 242.0 241.0 234.0 240.0 237.0 241.0 241.0 236.0 242.0
243.0 242.0 242.0 243.0 242.0 240.0 238.0 235.0 241.0 243.0 240.0 242.0
242.0 244.0 242.0 242.0 246.0 244.0 239.0 242.0 244.0 244.0 244.0 244.0
242.0 243.0 245.0 245.0 245.0 244.0 245.0 244.0 244.0 245.0 244.0 244.0
244.0 245.0 249.0 250.0 249.0 250.0 251.0 249.0 248.0 249.0 249.0 246.0
21.2728 80.0621 22.3038 49.7327 38.4496 63.3333 37.7673 57.2003 2.51837 
21.0 21.0 16.0 13.0 11.0
242.0 240.0 234.0 242.0 241.0 235.0 240.0 236.0 242.0 241.0 236.0 242.0
242.0 242.0 242.0 243.0 242.0 239.0 237.0 235.0 241.0 243.0 240.0 242.0
242.0 244.0 242.0 243.0 247.0 243.0 239.0 242.0 244.0 244.0 244.0 244.0
242.0 243.0 245.0 245.0 245.0 244.0 245.0 244.0 244.0 244.0 244.0 244.0
244.0 244.0 250.0 249.0 250.0 249.0 249.0 249.0 248.0 248.0 249.0 246.0
21.1364 80.0621 21.9192 49.1922 38.8372 63.7037 37.7673 57.2003 2.51837 
22.0 21.0 17.0 13.0 11.0
242.0 241.0 234.0 241.0 241.0 234.0 239.0 237.0 241.0 241.0 236.0 242.0
243.0 243.0 242.0 243.0 242.0 239.0 237.0 235.0 241.0 242.0 240.0 242.0
243.0 244.0 243.0 243.0 247.0 244.0 238.0 242.0 244.0 243.0 243.0 244.0
242.0 244.0 245.0 245.0 245.0 244.0 245.0 244.0 244.0 245.0 244.0 243.0
244.0 245.0 249.0 249.0 249.0 249.0 251.0 250.0 248.0 248.0 250.0 246.0
21.2728 80.2854 21.9192 49.7327 39.2248 63.7037 37.7673 57.2003 2.51837 
22.0 21.0 16.0 13.0 12.0
242.0 240.0 234.0 241.0 241.0 234.0 239.0 236.0 241.0 241.0 236.0 242.0
242.0 242.0 242.0 243.0 242.0 239.0 235.0 235.0 240.0 243.0 240.0 242.0
243.0 244.0 242.0 243.0 247.0 243.0 239.0 242.0 244.0 243.0 243.0 244.0
242.0 243.0 245.0 245.0 245.0 244.0 245.0 244.0 244.0 244.0 244.0 243.0
244.0 244.0 250.0 250.0 248.0 249.0 250.0 250.0 248.0 249.0 250.0 245.0
21.2728 80.397 21.9192 50.2732 40 63.7037 37.7673 57.2003 2.51837 
22.0 22.0 16.0 13.0 11.0
242.0 240.0 233.0 242.0 241.0 234.0 239.0 237.0 242.0 241.0 236.0 242.0
242.0 242.0 242.0 243.0 242.0 239.0 233.0 233.0 240.0 243.0 240.0 242.0
242.0 245.0 242.0 243.0 246.0 243.0 239.0 243.0 244.0 243.0 243.0 244.0
242.0 243.0 244.0 245.0 245.0 244.0 245.0 244.0 244.0 245.0 244.0 243.0
244.0 244.0 248.0 250.0 248.0 250.0 250.0 250.0 248.0 249.0 249.0 246.0
