-10000
20.8637 79.8389 14.6115 43.7868 33.0233 61.8519 37.021 55.1256 5.06939 
19.0 16.0 17.0 14.0 11.0
242.0 241.0 236.0 242.0 241.0 238.0 241.0 239.0 243.0 242.0 239.0 241.0
242.0 243.0 243.0 243.0 242.0 242.0 243.0 239.0 242.0 243.0 242.0 242.0
242.0 244.0 242.0 242.0 246.0 242.0 238.0 241.0 243.0 242.0 242.0 244.0
241.0 243.0 244.0 245.0 245.0 244.0 245.0 244.0 244.0 244.0 244.0 243.0
244.0 244.0 247.0 249.0 249.0 248.0 251.0 249.0 248.0 248.0 249.0 244.0
21.1364 79.8389 14.6115 45.9489 33.4109 61.8519 37.021 56.3704 5.06939 
19.0 16.0 19.0 13.0 11.0
242.0 240.0 236.0 242.0 241.0 238.0 241.0 239.0 242.0 242.0 238.0 241.0
242.0 243.0 244.0 243.0 242.0 241.0 243.0 239.0 242.0 243.0 242.0 242.0
242.0 244.0 241.0 242.0 247.0 242.0 236.0 241.0 244.0 243.0 242.0 244.0
242.0 243.0 244.0 245.0 244.0 244.0 244.0 244.0 244.0 244.0 244.0 243.0
244.0 245.0 249.0 249.0 248.0 248.0 250.0 248.0 249.0 249.0 249.0 244.0
21.2728 79.9505 15.3808 47.5705 34.186 61.8519 37.021 56.3704 5.06939 
19.0 17.0 19.0 14.0 11.0
242.0 241.0 236.0 242.0 241.0 237.0 240.0 238.0 242.0 242.0 238.0 242.0
242.0 243.0 243.0 242.0 242.0 241.0 243.0 238.0 242.0 243.0 242.0 242.0
242.0 244.0 241.0 242.0 246.0 242.0 236.0 241.0 244.0 243.0 242.0 244.0
241.0 243.0 245.0 245.0 244.0 244.0 245.0 244.0 244.0 244.0 244.0 243.0
244.0 244.0 248.0 250.0 248.0 249.0 250.0 250.0 249.0 249.0 249.0 245.0
21.2728 79.9505 18.8423 48.1111 35.3488 61.8519 37.021 56.7854 4.55918 
19.0 17.0 18.0 13.0 11.0
242.0 242.0 236.0 242.0 241.0 237.0 240.0 239.0 242.0 242.0 238.0 242.0
242.0 243.0 243.0 243.0 242.0 242.0 243.0 238.0 242.0 242.0 241.0 242.0
242.0 244.0 242.0 242.0 245.0 242.0 236.0 241.0 244.0 242.0 242.0 244.0
241.0 243.0 245.0 244.0 245.0 244.0 244.0 244.0 244.0 244.0 244.0 243.0
243.0 244.0 249.0 249.0 249.0 248.0 251.0 248.0 248.0 249.0 249.0 245.0
21.4091 79.9505 20.7654 48.1111 36.124 61.8519 37.021 56.7854 4.55918 
21.0 17.0 19.0 13.0 11.0
243.0 241.0 234.0 241.0 241.0 236.0 240.0 237.0 242.0 242.0 237.0 242.0
242.0 243.0 243.0 243.0 243.0 241.0 242.0 238.0 241.0 242.0 241.0 242.0
242.0 244.0 241.0 242.0 246.0 242.0 237.0 241.0 244.0 243.0 242.0 244.0
242.0 243.0 244.0 244.0 245.0 244.0 245.0 244.0 244.0 244.0 244.0 243.0
244.0 244.0 248.0 249.0 249.0 249.0 249.0 250.0 248.0 248.0 249.0 246.0
21.4091 79.7273 21.5346 48.6516 37.2868 62.2222 37.021 56.7854 4.55918 
20.0 17.0 18.0 13.0 11.0
242.0 241.0 234.0 241.0 241.0 236.0 240.0 237.0 241.0 242.0 237.0 242.0
243.0 243.0 244.0 243.0 242.0 242.0 243.0 238.0 242.0 243.0 242.0 242.0
242.0 244.0 241.0 242.0 246.0 242.0 237.0 241.0 244.0 243.0 242.0 244.0
242.0 243.0 244.0 244.0 244.0 244.0 245.0 244.0 244.0 244.0 244.0 243.0
244.0 244.0 248.0 249.0 248.0 249.0 249.0 249.0 248.0 249.0 249.0 245.0
21.2728 79.7273 21.9192 48.1111 38.062 61.8519 37.021 56.7854 4.55918 
21.0 17.0 18.0 13.0 11.0
242.0 241.0 234.0 242.0 241.0 235.0 240.0 237.0 242.0 241.0 237.0 242.0
242.0 243.0 243.0 243.0 242.0 241.0 242.0 237.0 241.0 243.0 241.0 242.0
242.0 244.0 242.0 242.0 246.0 242.0 237.0 241.0 244.0 242.0 242.0 244.0
241.0 243.0 244.0 245.0 245.0 244.0 245.0 244.0 244.0 245.0 244.0 243.0
244.0 244.0 249.0 249.0 249.0 249.0 250.0 248.0 248.0 249.0 248.0 245.0
21.2728 79.7273 21.9192 48.6516 38.062 62.2222 37.021 57.2003 4.55918 
21.0 18.0 18.0 14.0 11.0
242.0 241.0 234.0 241.0 241.0 235.0 240.0 237.0 242.0 242.0 237.0 242.0
242.0 243.0 242.0 243.0 242.0 241.0 241.0 236.0 241.0 243.0 242.0 242.0
242.0 244.0 241.0 242.0 246.0 242.0 237.0 241.0 244.0 243.0 242.0 244.0
241.0 243.0 244.0 245.0 245.0 244.0 244.0 244.0 244.0 244.0 244.0 243.0
244.0 244.0 249.0 250.0 249.0 249.0 249.0 250.0 247.0 250.0 249.0 245.0
21.2728 79.7273 21.9192 48.6516 38.4496 62.5926 37.021 56.7854 4.04898 
21.0 19.0 18.0 13.0 11.0
242.0 241.0 234.0 241.0 241.0 235.0 240.0 237.0 242.0 241.0 236.0 242.0
242.0 242.0 243.0 242.0 243.0 241.0 240.0 237.0 241.0 242.0 241.0 241.0
242.0 244.0 242.0 242.0 246.0 242.0 238.0 241.0 244.0 243.0 242.0 244.0
242.0 243.0 245.0 244.0 244.0 244.0 244.0 244.0 244.0 244.0 244.0 243.0
244.0 244.0 249.0 249.0 248.0 249.0 249.0 250.0 247.0 249.0 249.0 246.0
21.4091 79.8389 21.9192 48.6516 38.8372 62.5926 37.021 57.2003 4.04898 
21.0 19.0 18.0 13.0 10.0
242.0 240.0 234.0 242.0 241.0 235.0 240.0 237.0 242.0 241.0 237.0 242.0
242.0 242.0 242.0 242.0 242.0 241.0 239.0 236.0 240.0 243.0 241.0 242.0
242.0 244.0 241.0 242.0 246.0 242.0 237.0 241.0 244.0 242.0 242.0 244.0
241.0 243.0 244.0 245.0 244.0 244.0 245.0 244.0 244.0 244.0 244.0 243.0
244.0 244.0 248.0 249.0 248.0 249.0 250.0 248.0 247.0 249.0 249.0 246.0
21.4091 79.9505 21.9192 49.1922 38.4496 63.3333 37.021 57.2003 4.04898 
20.0 19.0 18.0 14.0 11.0
242.0 240.0 234.0 242.0 241.0 235.0 239.0 237.0 241.0 241.0 236.0 242.0
242.0 242.0 243.0 243.0 243.0 240.0 239.0 236.0 241.0 243.0 240.0 242.0
242.0 244.0 241.0 242.0 246.0 242.0 237.0 241.0 244.0 243.0 242.0 244.0
241.0 243.0 244.0 244.0 244.0 244.0 244.0 244.0 244.0 244.0 244.0 243.0
243.0 245.0 248.0 249.0 249.0 249.0 251.0 249.0 247.0 249.0 249.0 245.0
21.4091 79.9505 21.9192 49.7327 38.8372 64.0741 37.021 57.2003 3.53878 
21.0 19.0 18.0 14.0 11.0
242.0 240.0 234.0 242.0 241.0 234.0 239.0 236.0 241.0 242.0 236.0 242.0
242.0 243.0 242.0 243.0 242.0 240.0 237.0 235.0 241.0 243.0 241.0 241.0
242.0 244.0 242.0 242.0 246.0 242.0 238.0 241.0 243.0 242.0 242.0 243.0
241.0 243.0 245.0 244.0 244.0 244.0 244.0 244.0 244.0 245.0 244.0 243.0
244.0 244.0 248.0 250.0 249.0 248.0 251.0 249.0 247.0 248.0 249.0 245.0
21.2728 79.8389 21.9192 49.7327 39.2248 63.7037 37.021 57.2003 3.02857 
21.0 20.0 17.0 13.0 11.0
242.0 241.0 233.0 241.0 241.0 234.0 239.0 236.0 242.0 242.0 236.0 242.0
242.0 242.0 243.0 243.0 242.0 240.0 236.0 235.0 240.0 242.0 241.0 242.0
242.0 244.0 242.0 242.0 246.0 243.0 238.0 241.0 243.0 242.0 242.0 244.0
241.0 244.0 244.0 244.0 244.0 244.0 244.0 244.0 244.0 244.0 244.0 243.0
243.0 244.0 249.0 250.0 249.0 249.0 250.0 249.0 248.0 249.0 249.0 245.0
