-10000
21 79.8389 14.6115 47.5705 32.6357 59.2593 37.021 55.9555 4.55918 
19.0 17.0 19.0 13.0 11.0
242.0 241.0 236.0 242.0 241.0 237.0 240.0 238.0 242.0 241.0 238.0 242.0
243.0 243.0 243.0 243.0 242.0 242.0 244.0 238.0 243.0 242.0 241.0 242.0
242.0 244.0 242.0 242.0 247.0 243.0 237.0 241.0 244.0 243.0 243.0 244.0
242.0 243.0 244.0 245.0 245.0 244.0 245.0 244.0 244.0 244.0 244.0 243.0
244.0 244.0 249.0 249.0 249.0 248.0 250.0 249.0 248.0 249.0 249.0 245.0
21 79.8389 16.5346 48.1111 32.2481 59.6296 37.021 56.7854 4.04898 
19.0 16.0 19.0 14.0 11.0
242.0 241.0 235.0 242.0 241.0 237.0 240.0 238.0 242.0 242.0 238.0 242.0
242.0 242.0 243.0 243.0 243.0 242.0 244.0 238.0 242.0 243.0 241.0 242.0
243.0 244.0 242.0 242.0 247.0 242.0 236.0 240.0 244.0 243.0 243.0 244.0
242.0 243.0 244.0 245.0 245.0 244.0 245.0 244.0 244.0 244.0 244.0 243.0
244.0 244.0 248.0 250.0 248.0 249.0 250.0 249.0 249.0 250.0 249.0 246.0
21.1364 79.9505 19.9962 48.1111 33.7984 59.6296 37.021 56.7854 4.04898 
20.0 17.0 19.0 13.0 11.0
242.0 241.0 235.0 242.0 241.0 236.0 240.0 237.0 242.0 241.0 237.0 242.0
242.0 243.0 244.0 243.0 242.0 242.0 244.0 238.0 242.0 243.0 242.0 243.0
242.0 244.0 242.0 243.0 247.0 242.0 236.0 241.0 244.0 243.0 243.0 244.0
242.0 243.0 244.0 245.0 245.0 244.0 244.0 244.0 244.0 244.0 244.0 243.0
244.0 245.0 249.0 250.0 250.0 249.0 250.0 250.0 248.0 249.0 249.0 245.0
21.2728 79.9505 21.5346 48.6516 34.5736 59.6296 37.021 57.2003 4.04898 
20.0 17.0 19.0 13.0 12.0
242.0 241.0 235.0 241.0 241.0 236.0 240.0 237.0 241.0 241.0 237.0 242.0
243.0 243.0 243.0 244.0 242.0 242.0 244.0 238.0 242.0 243.0 242.0 242.0
242.0 244.0 242.0 243.0 247.0 242.0 236.0 240.0 244.0 243.0 243.0 244.0
242.0 243.0 245.0 245.0 245.0 244.0 245.0 244.0 244.0 244.0 244.0 243.0
244.0 245.0 249.0 250.0 248.0 248.0 250.0 250.0 247.0 249.0 250.0 246.0
21.2728 79.8389 22.3038 49.1922 35.3488 60 37.021 56.7854 4.04898 
21.0 18.0 19.0 13.0 11.0
243.0 241.0 235.0 242.0 241.0 235.0 240.0 236.0 241.0 241.0 237.0 242.0
242.0 243.0 243.0 243.0 242.0 242.0 244.0 237.0 242.0 243.0 242.0 242.0
242.0 244.0 242.0 242.0 246.0 242.0 236.0 241.0 243.0 243.0 243.0 244.0
242.0 243.0 244.0 245.0 245.0 244.0 245.0 244.0 244.0 244.0 244.0 243.0
244.0 245.0 248.0 250.0 248.0 248.0 250.0 249.0 249.0 248.0 249.0 246.0
21.1364 79.7273 22.6885 49.1922 36.124 60.3704 37.021 57.2003 4.04898 
20.0 18.0 19.0 13.0 11.0
242.0 241.0 235.0 242.0 241.0 235.0 240.0 236.0 241.0 242.0 237.0 242.0
243.0 243.0 243.0 243.0 243.0 242.0 244.0 237.0 242.0 243.0 241.0 242.0
242.0 244.0 242.0 242.0 246.0 243.0 237.0 241.0 244.0 243.0 243.0 244.0
241.0 243.0 245.0 244.0 244.0 244.0 245.0 244.0 244.0 245.0 244.0 243.0
244.0 244.0 249.0 250.0 248.0 249.0 250.0 249.0 248.0 248.0 249.0 246.0
21.1364 79.7273 22.6885 49.1922 36.5116 60 37.021 57.2003 3.53878 
21.0 19.0 18.0 13.0 11.0
242.0 241.0 234.0 242.0 241.0 235.0 240.0 236.0 241.0 241.0 237.0 242.0
242.0 243.0 243.0 243.0 242.0 240.0 242.0 236.0 241.0 242.0 241.0 242.0
242.0 244.0 242.0 242.0 247.0 242.0 237.0 241.0 244.0 243.0 243.0 244.0
241.0 243.0 244.0 245.0 244.0 244.0 245.0 244.0 244.0 245.0 244.0 243.0
244.0 244.0 248.0 250.0 249.0 248.0 250.0 250.0 248.0 249.0 250.0 244.0
21.1364 79.8389 22.6885 49.1922 37.2868 60 37.021 57.6152 3.53878 
21.0 20.0 18.0 14.0 11.0
242.0 241.0 234.0 242.0 241.0 235.0 239.0 236.0 241.0 242.0 236.0 242.0
242.0 242.0 243.0 243.0 243.0 240.0 241.0 235.0 241.0 243.0 241.0 242.0
242.0 244.0 242.0 243.0 247.0 242.0 238.0 241.0 244.0 243.0 242.0 244.0
242.0 243.0 245.0 245.0 245.0 244.0 246.0 244.0 244.0 245.0 245.0 243.0
244.0 244.0 248.0 250.0 249.0 249.0 251.0 249.0 249.0 249.0 249.0 245.0
21.1364 79.9505 22.3038 49.7327 36.8992 60.7407 37.021 57.6152 3.02857 
21.0 20.0 18.0 13.0 11.0
242.0 241.0 235.0 242.0 241.0 234.0 239.0 236.0 241.0 241.0 237.0 242.0
242.0 242.0 243.0 243.0 243.0 241.0 241.0 235.0 241.0 242.0 241.0 242.0
242.0 244.0 242.0 243.0 247.0 242.0 237.0 241.0 244.0 243.0 243.0 244.0
241.0 243.0 244.0 245.0 244.0 244.0 244.0 244.0 244.0 244.0 244.0 243.0
244.0 244.0 250.0 250.0 248.0 249.0 250.0 249.0 249.0 248.0 250.0 245.0
21.2728 79.9505 22.3038 49.7327 37.2868 61.1111 37.021 57.2003 3.02857 
21.0 21.0 18.0 14.0 11.0
242.0 241.0 234.0 241.0 241.0 234.0 239.0 236.0 241.0 242.0 237.0 242.0
243.0 242.0 242.0 243.0 242.0 240.0 240.0 234.0 240.0 243.0 240.0 242.0
242.0 244.0 242.0 242.0 246.0 242.0 237.0 241.0 243.0 243.0 242.0 244.0
241.0 243.0 244.0 244.0 245.0 244.0 245.0 244.0 244.0 244.0 244.0 244.0
244.0 245.0 248.0 249.0 247.0 248.0 251.0 249.0 249.0 249.0 249.0 246.0
21.2728 80.0621 22.3038 50.2732 37.6744 61.4815 37.021 57.6152 3.02857 
20.0 22.0 18.0 13.0 11.0
242.0 241.0 234.0 241.0 241.0 234.0 239.0 236.0 241.0 242.0 236.0 242.0
242.0 242.0 243.0 242.0 242.0 240.0 238.0 233.0 241.0 243.0 241.0 242.0
243.0 244.0 242.0 242.0 247.0 243.0 237.0 241.0 244.0 244.0 242.0 244.0
242.0 243.0 245.0 244.0 244.0 244.0 245.0 244.0 244.0 244.0 244.0 243.0
244.0 244.0 249.0 249.0 249.0 249.0 250.0 248.0 248.0 248.0 249.0 246.0
21.2728 80.0621 22.3038 50.2732 37.6744 62.2222 37.021 57.6152 3.02857 
21.0 21.0 18.0 13.0 12.0
242.0 241.0 235.0 241.0 241.0 234.0 240.0 236.0 242.0 241.0 236.0 242.0
242.0 243.0 242.0 243.0 242.0 239.0 238.0 233.0 240.0 243.0 240.0 242.0
243.0 244.0 242.0 242.0 246.0 242.0 237.0 241.0 244.0 243.0 244.0 244.0
242.0 243.0 245.0 245.0 244.0 245.0 245.0 244.0 244.0 245.0 244.0 243.0
243.0 245.0 248.0 250.0 248.0 249.0 250.0 250.0 248.0 249.0 249.0 245.0
