-10000
21 79.7273 13.8423 47.5705 33.4109 57.037 36.2748 55.5405 -0.542857 
19.0 16.0 17.0 13.0 11.0
243.0 241.0 236.0 241.0 241.0 239.0 240.0 238.0 242.0 241.0 238.0 241.0
243.0 243.0 243.0 243.0 243.0 243.0 246.0 239.0 243.0 243.0 242.0 243.0
243.0 245.0 243.0 244.0 248.0 244.0 238.0 242.0 244.0 244.0 245.0 244.0
242.0 244.0 245.0 245.0 245.0 244.0 245.0 244.0 244.0 245.0 244.0 244.0
244.0 245.0 249.0 250.0 249.0 250.0 251.0 250.0 248.0 250.0 251.0 246.0
21 79.7273 18.4577 48.6516 33.0233 57.7778 36.2748 55.9555 -0.0326531 
20.0 17.0 18.0 13.0 11.0
243.0 241.0 236.0 242.0 241.0 237.0 240.0 237.0 242.0 241.0 237.0 241.0
243.0 244.0 243.0 243.0 243.0 243.0 245.0 238.0 243.0 243.0 242.0 243.0
243.0 244.0 244.0 244.0 249.0 244.0 237.0 241.0 244.0 244.0 244.0 244.0
242.0 243.0 245.0 245.0 245.0 244.0 245.0 244.0 244.0 245.0 244.0 244.0
245.0 245.0 249.0 250.0 250.0 249.0 250.0 250.0 250.0 249.0 250.0 246.0
21.1364 79.8389 20.7654 48.6516 33.4109 58.1481 36.2748 56.3704 -0.0326531 
20.0 18.0 19.0 13.0 11.0
242.0 241.0 235.0 242.0 241.0 236.0 240.0 236.0 242.0 241.0 237.0 241.0
243.0 244.0 244.0 244.0 242.0 242.0 245.0 237.0 242.0 243.0 241.0 243.0
242.0 245.0 243.0 244.0 248.0 244.0 237.0 242.0 244.0 244.0 244.0 244.0
242.0 243.0 245.0 245.0 245.0 244.0 245.0 244.0 244.0 245.0 244.0 243.0
244.0 246.0 249.0 250.0 250.0 249.0 250.0 250.0 249.0 250.0 250.0 246.0
21.1364 79.8389 21.5346 49.1922 34.5736 58.5185 36.2748 56.3704 -0.0326531 
20.0 18.0 19.0 13.0 11.0
243.0 241.0 235.0 242.0 241.0 236.0 240.0 236.0 241.0 242.0 237.0 241.0
243.0 244.0 244.0 243.0 243.0 242.0 245.0 237.0 242.0 242.0 241.0 243.0
242.0 245.0 243.0 244.0 248.0 244.0 237.0 241.0 244.0 244.0 244.0 244.0
242.0 244.0 245.0 245.0 245.0 244.0 245.0 244.0 244.0 244.0 244.0 244.0
244.0 245.0 248.0 251.0 249.0 250.0 251.0 249.0 248.0 250.0 249.0 246.0
21.1364 79.8389 22.3038 49.1922 35.3488 58.8889 36.2748 56.3704 -0.0326531 
20.0 19.0 18.0 13.0 11.0
242.0 241.0 235.0 241.0 241.0 236.0 239.0 236.0 241.0 241.0 237.0 241.0
243.0 243.0 243.0 243.0 243.0 241.0 244.0 236.0 242.0 242.0 241.0 242.0
243.0 244.0 244.0 244.0 248.0 244.0 237.0 241.0 244.0 244.0 244.0 244.0
242.0 244.0 244.0 245.0 245.0 244.0 244.0 244.0 244.0 245.0 244.0 244.0
245.0 244.0 249.0 249.0 249.0 250.0 250.0 250.0 249.0 249.0 251.0 245.0
21.1364 79.8389 22.3038 48.6516 35.7364 58.8889 36.6479 56.7854 -0.0326531 
20.0 20.0 17.0 13.0 11.0
242.0 241.0 234.0 241.0 241.0 236.0 240.0 236.0 242.0 242.0 237.0 241.0
242.0 242.0 243.0 243.0 243.0 241.0 244.0 235.0 242.0 243.0 241.0 242.0
242.0 245.0 244.0 244.0 248.0 244.0 238.0 242.0 244.0 244.0 244.0 244.0
242.0 244.0 245.0 245.0 245.0 244.0 245.0 244.0 244.0 245.0 244.0 243.0
244.0 245.0 249.0 249.0 249.0 250.0 252.0 250.0 249.0 250.0 249.0 246.0
21 79.7273 22.3038 49.1922 36.124 59.2593 36.6479 56.7854 -0.0326531 
21.0 20.0 17.0 13.0 11.0
242.0 241.0 234.0 242.0 241.0 236.0 240.0 236.0 241.0 241.0 236.0 242.0
242.0 243.0 243.0 243.0 243.0 240.0 243.0 234.0 241.0 243.0 240.0 242.0
243.0 244.0 244.0 244.0 248.0 244.0 239.0 243.0 244.0 244.0 244.0 244.0
242.0 243.0 244.0 245.0 245.0 244.0 245.0 244.0 244.0 245.0 244.0 243.0
244.0 244.0 249.0 250.0 249.0 249.0 250.0 250.0 249.0 250.0 249.0 247.0
21 79.7273 22.3038 49.1922 36.124 59.2593 36.6479 57.2003 -0.0326531 
21.0 21.0 16.0 13.0 11.0
242.0 240.0 234.0 241.0 241.0 235.0 239.0 236.0 241.0 241.0 237.0 241.0
242.0 242.0 243.0 243.0 243.0 240.0 243.0 234.0 241.0 243.0 241.0 242.0
243.0 244.0 244.0 244.0 248.0 244.0 239.0 242.0 244.0 244.0 244.0 244.0
242.0 244.0 244.0 244.0 245.0 244.0 245.0 244.0 244.0 245.0 244.0 243.0
244.0 244.0 250.0 250.0 250.0 250.0 250.0 251.0 249.0 250.0 250.0 246.0
21 79.8389 22.3038 49.1922 36.5116 60.7407 37.021 57.6152 -0.0326531 
21.0 21.0 16.0 13.0 11.0
242.0 240.0 234.0 242.0 241.0 235.0 239.0 236.0 241.0 241.0 237.0 242.0
243.0 242.0 242.0 243.0 242.0 240.0 241.0 234.0 241.0 243.0 240.0 242.0
242.0 245.0 243.0 244.0 248.0 244.0 239.0 243.0 244.0 244.0 244.0 244.0
242.0 244.0 245.0 245.0 245.0 244.0 245.0 245.0 244.0 244.0 244.0 243.0
244.0 245.0 248.0 250.0 249.0 250.0 251.0 250.0 249.0 250.0 250.0 246.0
21.1364 80.0621 22.3038 49.7327 36.8992 61.4815 37.021 57.6152 -0.0326531 
21.0 22.0 16.0 13.0 11.0
242.0 240.0 234.0 242.0 241.0 235.0 239.0 236.0 241.0 241.0 236.0 242.0
242.0 243.0 242.0 243.0 243.0 240.0 240.0 233.0 241.0 243.0 241.0 242.0
243.0 244.0 244.0 244.0 248.0 244.0 239.0 242.0 244.0 244.0 244.0 244.0
242.0 243.0 245.0 245.0 245.0 244.0 245.0 244.0 244.0 244.0 244.0 243.0
244.0 245.0 249.0 249.0 248.0 251.0 251.0 249.0 250.0 251.0 250.0 246.0
21.1364 80.0621 22.3038 49.7327 37.2868 61.4815 37.021 57.6152 -0.0326531 
21.0 22.0 16.0 13.0 11.0
242.0 241.0 234.0 242.0 241.0 234.0 240.0 236.0 241.0 241.0 236.0 241.0
242.0 243.0 242.0 243.0 242.0 239.0 239.0 233.0 241.0 243.0 241.0 242.0
242.0 244.0 244.0 244.0 248.0 244.0 239.0 242.0 244.0 244.0 244.0 244.0
242.0 244.0 244.0 245.0 245.0 244.0 244.0 244.0 244.0 245.0 244.0 243.0
244.0 246.0 249.0 250.0 249.0 249.0 252.0 249.0 249.0 249.0 250.0 246.0
21.1364 80.0621 22.3038 49.7327 37.2868 61.8519 37.3942 58.0302 -0.0326531 
21.0 21.0 15.0 13.0 11.0
242.0 241.0 234.0 241.0 241.0 235.0 240.0 236.0 242.0 241.0 236.0 241.0
242.0 243.0 243.0 243.0 242.0 240.0 239.0 233.0 241.0 243.0 240.0 242.0
243.0 244.0 244.0 244.0 248.0 245.0 239.0 242.0 244.0 244.0 244.0 244.0
242.0 244.0 245.0 245.0 245.0 245.0 245.0 244.0 244.0 244.0 244.0 244.0
245.0 244.0 249.0 250.0 248.0 249.0 251.0 249.0 250.0 250.0 250.0 245.0
20.8637 80.0621 22.3038 50.2732 37.6744 62.2222 37.3942 58.0302 -0.0326531 
21.0 21.0 16.0 13.0 11.0
242.0 240.0 234.0 241.0 241.0 234.0 239.0 236.0 241.0 241.0 236.0 242.0
242.0 242.0 242.0 243.0 242.0 239.0 238.0 232.0 240.0 244.0 240.0 242.0
243.0 244.0 243.0 244.0 248.0 244.0 239.0 242.0 244.0 244.0 244.0 244.0
242.0 244.0 245.0 245.0 244.0 244.0 245.0 244.0 244.0 244.0 245.0 243.0
244.0 245.0 248.0 250.0 248.0 249.0 250.0 251.0 249.0 250.0 249.0 246.0
20.591 80.0621 22.3038 50.2732 38.8372 62.2222 37.3942 58.0302 -0.0326531 
21.0 22.0 16.0 13.0 11.0
242.0 240.0 234.0 241.0 241.0 234.0 239.0 237.0 241.0 241.0 236.0 242.0
243.0 242.0 242.0 243.0 242.0 239.0 235.0 232.0 240.0 243.0 240.0 242.0
243.0 245.0 243.0 244.0 248.0 244.0 239.0 242.0 244.0 244.0 244.0 244.0
242.0 244.0 245.0 245.0 245.0 244.0 245.0 245.0 244.0 244.0 244.0 244.0
244.0 245.0 249.0 250.0 249.0 250.0 250.0 250.0 249.0 249.0 250.0 246.0
20.591 80.1737 22.3038 50.2732 39.2248 62.2222 37.3942 58.0302 -0.0326531 
22.0 22.0 16.0 13.0 11.0
242.0 239.0 233.0 241.0 241.0 234.0 239.0 236.0 241.0 241.0 236.0 241.0
243.0 243.0 242.0 243.0 242.0 238.0 235.0 233.0 240.0 243.0 241.0 242.0
243.0 244.0 243.0 244.0 248.0 244.0 240.0 243.0 244.0 243.0 244.0 244.0
242.0 243.0 244.0 245.0 245.0 245.0 245.0 244.0 244.0 245.0 244.0 244.0
244.0 245.0 250.0 250.0 250.0 250.0 251.0 250.0 248.0 251.0 249.0 245.0
