-10000
21 79.8389 14.6115 43.7868 33.7984 58.5185 37.021 55.5405 5.06939 
19.0 17.0 18.0 13.0 11.0
242.0 240.0 236.0 242.0 241.0 238.0 240.0 239.0 242.0 242.0 238.0 241.0
242.0 243.0 244.0 243.0 242.0 242.0 243.0 239.0 242.0 242.0 242.0 242.0
242.0 244.0 242.0 242.0 246.0 241.0 237.0 241.0 244.0 243.0 242.0 244.0
242.0 243.0 244.0 245.0 244.0 244.0 245.0 244.0 244.0 244.0 244.0 243.0
244.0 244.0 248.0 250.0 249.0 249.0 249.0 248.0 247.0 249.0 249.0 245.0
21 79.9505 14.6115 44.3273 33.7984 58.8889 37.021 56.3704 5.06939 
19.0 17.0 19.0 13.0 11.0
242.0 240.0 236.0 242.0 241.0 238.0 241.0 239.0 242.0 242.0 239.0 241.0
242.0 242.0 243.0 243.0 243.0 242.0 243.0 238.0 242.0 243.0 242.0 242.0
242.0 244.0 242.0 242.0 246.0 242.0 237.0 241.0 244.0 243.0 242.0 244.0
242.0 243.0 245.0 244.0 244.0 244.0 244.0 244.0 244.0 244.0 244.0 243.0
244.0 244.0 249.0 250.0 249.0 248.0 250.0 248.0 248.0 248.0 249.0 246.0
20.8637 79.8389 14.6115 45.9489 34.186 59.2593 37.021 56.7854 5.06939 
19.0 17.0 19.0 14.0 11.0
242.0 240.0 235.0 242.0 241.0 238.0 240.0 239.0 242.0 241.0 238.0 241.0
242.0 243.0 243.0 243.0 242.0 242.0 243.0 238.0 242.0 242.0 241.0 242.0
243.0 244.0 241.0 242.0 246.0 242.0 237.0 241.0 244.0 243.0 243.0 244.0
242.0 243.0 244.0 245.0 245.0 244.0 245.0 244.0 244.0 244.0 244.0 243.0
243.0 245.0 248.0 248.0 248.0 248.0 249.0 250.0 247.0 249.0 250.0 245.0
20.7273 79.8389 18.0731 46.4895 35.3488 59.6296 37.021 56.3704 5.06939 
19.0 18.0 18.0 13.0 12.0
243.0 240.0 235.0 242.0 241.0 237.0 240.0 238.0 242.0 242.0 238.0 241.0
242.0 243.0 243.0 243.0 242.0 242.0 243.0 237.0 242.0 242.0 241.0 242.0
242.0 244.0 242.0 242.0 246.0 242.0 237.0 241.0 244.0 243.0 242.0 244.0
242.0 243.0 244.0 244.0 244.0 244.0 245.0 244.0 244.0 244.0 244.0 243.0
245.0 244.0 249.0 250.0 248.0 248.0 249.0 249.0 247.0 249.0 249.0 245.0
20.7273 79.7273 20.7654 47.03 35.7364 60.3704 37.021 56.7854 5.06939 
20.0 17.0 18.0 14.0 11.0
242.0 240.0 235.0 242.0 241.0 236.0 240.0 238.0 242.0 242.0 237.0 242.0
242.0 242.0 243.0 243.0 243.0 242.0 243.0 237.0 242.0 243.0 241.0 242.0
242.0 244.0 242.0 242.0 246.0 242.0 237.0 241.0 243.0 242.0 241.0 244.0
241.0 244.0 244.0 245.0 244.0 244.0 245.0 244.0 244.0 244.0 244.0 243.0
244.0 245.0 248.0 250.0 248.0 249.0 249.0 249.0 249.0 249.0 248.0 245.0
20.7273 79.7273 21.9192 47.5705 36.8992 60.7407 37.021 56.7854 4.55918 
21.0 18.0 18.0 13.0 11.0
242.0 241.0 234.0 242.0 241.0 236.0 240.0 237.0 242.0 241.0 237.0 242.0
242.0 242.0 243.0 243.0 243.0 242.0 243.0 237.0 241.0 242.0 241.0 241.0
242.0 244.0 242.0 242.0 245.0 242.0 237.0 241.0 243.0 243.0 242.0 244.0
242.0 243.0 244.0 244.0 244.0 244.0 244.0 244.0 244.0 244.0 244.0 243.0
243.0 244.0 249.0 249.0 249.0 249.0 250.0 249.0 248.0 248.0 250.0 245.0
20.8637 79.8389 22.3038 47.03 38.062 61.1111 37.021 57.2003 4.55918 
21.0 18.0 18.0 13.0 12.0
242.0 241.0 234.0 242.0 241.0 235.0 240.0 237.0 241.0 242.0 237.0 242.0
243.0 243.0 243.0 243.0 242.0 242.0 242.0 237.0 242.0 243.0 241.0 242.0
242.0 244.0 241.0 242.0 245.0 242.0 237.0 241.0 244.0 242.0 242.0 243.0
241.0 243.0 244.0 245.0 245.0 244.0 245.0 244.0 244.0 244.0 244.0 244.0
244.0 244.0 248.0 248.0 249.0 249.0 250.0 248.0 248.0 248.0 250.0 246.0
20.8637 79.8389 22.3038 47.5705 38.4496 61.4815 37.021 56.7854 4.55918 
21.0 18.0 17.0 13.0 11.0
242.0 241.0 234.0 242.0 241.0 235.0 239.0 237.0 242.0 242.0 236.0 242.0
242.0 243.0 243.0 243.0 242.0 241.0 242.0 237.0 241.0 243.0 241.0 242.0
243.0 244.0 242.0 242.0 245.0 242.0 237.0 241.0 243.0 243.0 242.0 244.0
242.0 243.0 244.0 244.0 244.0 244.0 244.0 244.0 244.0 244.0 244.0 243.0
244.0 244.0 249.0 251.0 248.0 249.0 250.0 249.0 248.0 249.0 250.0 245.0
20.8637 79.8389 22.3038 48.6516 38.8372 61.4815 37.021 57.2003 4.55918 
21.0 19.0 17.0 14.0 11.0
242.0 240.0 234.0 242.0 241.0 235.0 240.0 237.0 242.0 241.0 236.0 242.0
242.0 243.0 243.0 243.0 242.0 241.0 240.0 236.0 241.0 242.0 241.0 242.0
242.0 244.0 241.0 242.0 245.0 242.0 238.0 241.0 244.0 243.0 241.0 244.0
242.0 243.0 244.0 244.0 245.0 244.0 245.0 244.0 244.0 244.0 244.0 243.0
244.0 244.0 249.0 249.0 247.0 249.0 250.0 249.0 247.0 249.0 249.0 246.0
20.7273 79.7273 22.3038 48.6516 38.8372 61.8519 37.021 57.2003 4.04898 
21.0 19.0 17.0 14.0 11.0
242.0 240.0 234.0 242.0 241.0 235.0 239.0 237.0 242.0 242.0 236.0 242.0
242.0 243.0 243.0 243.0 242.0 241.0 240.0 236.0 241.0 242.0 241.0 242.0
242.0 244.0 241.0 242.0 245.0 242.0 239.0 241.0 243.0 243.0 241.0 243.0
242.0 243.0 245.0 245.0 244.0 244.0 245.0 244.0 244.0 245.0 244.0 243.0
244.0 244.0 248.0 250.0 248.0 249.0 250.0 248.0 248.0 248.0 249.0 245.0
20.7273 79.7273 22.3038 48.6516 38.8372 62.2222 37.021 57.2003 4.04898 
21.0 19.0 17.0 14.0 11.0
242.0 240.0 234.0 242.0 241.0 234.0 240.0 237.0 242.0 241.0 237.0 242.0
242.0 243.0 243.0 243.0 242.0 241.0 239.0 236.0 241.0 242.0 241.0 241.0
242.0 244.0 241.0 243.0 245.0 242.0 238.0 241.0 243.0 242.0 242.0 244.0
242.0 243.0 244.0 245.0 244.0 244.0 244.0 244.0 244.0 244.0 244.0 243.0
244.0 244.0 249.0 250.0 248.0 248.0 250.0 249.0 247.0 248.0 250.0 244.0
20.7273 79.7273 22.3038 49.7327 38.4496 64.0741 37.021 57.2003 4.04898 
21.0 19.0 17.0 14.0 12.0
242.0 241.0 234.0 242.0 241.0 234.0 240.0 236.0 241.0 241.0 236.0 242.0
242.0 242.0 243.0 243.0 242.0 240.0 238.0 236.0 240.0 242.0 241.0 242.0
242.0 244.0 241.0 242.0 246.0 242.0 238.0 241.0 243.0 242.0 242.0 243.0
242.0 243.0 244.0 245.0 244.0 244.0 244.0 244.0 244.0 244.0 244.0 243.0
244.0 245.0 248.0 249.0 249.0 249.0 250.0 249.0 247.0 248.0 249.0 245.0
20.8637 79.8389 21.9192 50.2732 39.2248 64.0741 37.021 57.6152 3.53878 
21.0 20.0 16.0 14.0 12.0
242.0 240.0 233.0 242.0 241.0 234.0 239.0 236.0 241.0 241.0 236.0 242.0
242.0 243.0 243.0 242.0 242.0 240.0 236.0 235.0 240.0 242.0 240.0 242.0
242.0 244.0 243.0 242.0 245.0 242.0 240.0 241.0 244.0 243.0 242.0 243.0
242.0 243.0 245.0 244.0 245.0 244.0 245.0 244.0 244.0 244.0 244.0 243.0
244.0 244.0 249.0 249.0 250.0 249.0 249.0 249.0 248.0 249.0 249.0 245.0
20.8637 79.9505 21.9192 49.7327 39.2248 63.7037 37.021 57.2003 3.53878 
22.0 20.0 16.0 13.0 12.0
242.0 240.0 233.0 241.0 241.0 234.0 239.0 236.0 241.0 241.0 236.0 242.0
242.0 242.0 242.0 242.0 242.0 240.0 235.0 235.0 241.0 243.0 240.0 241.0
242.0 244.0 241.0 242.0 245.0 242.0 239.0 241.0 243.0 242.0 242.0 244.0
242.0 243.0 245.0 244.0 245.0 244.0 245.0 244.0 244.0 244.0 244.0 243.0
244.0 244.0 249.0 249.0 248.0 248.0 250.0 249.0 248.0 248.0 248.0 246.0
20.8637 79.9505 21.9192 49.7327 39.2248 64.0741 37.021 57.6152 3.53878 
22.0 20.0 16.0 14.0 12.0
242.0 240.0 233.0 241.0 241.0 234.0 239.0 236.0 241.0 242.0 236.0 242.0
242.0 243.0 242.0 243.0 243.0 240.0 235.0 234.0 240.0 242.0 241.0 241.0
242.0 244.0 241.0 242.0 245.0 242.0 239.0 241.0 243.0 243.0 242.0 244.0
242.0 243.0 244.0 244.0 245.0 244.0 245.0 244.0 244.0 244.0 244.0 243.0
244.0 244.0 247.0 249.0 248.0 249.0 249.0 249.0 247.0 248.0 249.0 246.0
20.7273 79.8389 21.9192 50.2732 39.6124 64.4444 37.021 57.2003 3.53878 
22.0 21.0 16.0 13.0 11.0
242.0 240.0 233.0 241.0 241.0 233.0 239.0 236.0 241.0 242.0 236.0 242.0
241.0 243.0 242.0 243.0 242.0 240.0 235.0 235.0 240.0 242.0 241.0 242.0
242.0 244.0 241.0 242.0 245.0 242.0 239.0 241.0 244.0 242.0 242.0 244.0
242.0 243.0 245.0 244.0 244.0 244.0 244.0 244.0 244.0 244.0 244.0 243.0
244.0 244.0 248.0 250.0 249.0 249.0 249.0 250.0 247.0 250.0 250.0 245.0
20.591 79.8389 21.9192 50.2732 39.6124 64.8148 37.021 57.2003 3.53878 
22.0 21.0 16.0 13.0 11.0
242.0 240.0 233.0 242.0 241.0 234.0 239.0 236.0 241.0 241.0 237.0 242.0
242.0 242.0 242.0 243.0 242.0 240.0 234.0 234.0 240.0 242.0 240.0 242.0
242.0 244.0 241.0 242.0 246.0 242.0 240.0 241.0 244.0 243.0 242.0 243.0
242.0 243.0 244.0 244.0 245.0 244.0 244.0 244.0 244.0 244.0 244.0 243.0
243.0 244.0 249.0 249.0 249.0 248.0 250.0 249.0 247.0 249.0 249.0 246.0
