-10000
21.2728 79.9505 13.8423 44.3273 33.0233 62.2222 37.021 55.5405 5.06939 
19.0 16.0 18.0 13.0 11.0
242.0 241.0 236.0 242.0 241.0 238.0 241.0 239.0 242.0 242.0 239.0 242.0
242.0 242.0 243.0 243.0 242.0 242.0 243.0 239.0 242.0 243.0 241.0 242.0
243.0 244.0 242.0 242.0 246.0 242.0 237.0 241.0 243.0 242.0 242.0 244.0
241.0 243.0 244.0 244.0 244.0 244.0 245.0 244.0 244.0 244.0 244.0 243.0
244.0 244.0 249.0 249.0 248.0 248.0 250.0 248.0 249.0 248.0 250.0 244.0
21 79.8389 14.9962 44.8678 33.0233 62.2222 37.021 56.3704 5.06939 
19.0 16.0 19.0 14.0 11.0
242.0 240.0 236.0 242.0 241.0 238.0 240.0 239.0 242.0 242.0 238.0 242.0
242.0 242.0 243.0 243.0 242.0 241.0 243.0 238.0 242.0 243.0 242.0 242.0
242.0 244.0 242.0 242.0 246.0 242.0 237.0 241.0 244.0 243.0 243.0 244.0
242.0 243.0 245.0 244.0 244.0 244.0 245.0 244.0 244.0 244.0 244.0 243.0
244.0 244.0 249.0 250.0 248.0 249.0 249.0 250.0 247.0 249.0 248.0 246.0
21 79.8389 18.8423 45.4084 33.7984 61.8519 37.021 56.3704 4.55918 
20.0 17.0 19.0 14.0 11.0
243.0 241.0 236.0 242.0 241.0 237.0 240.0 238.0 242.0 242.0 238.0 242.0
243.0 242.0 243.0 242.0 242.0 241.0 242.0 239.0 242.0 242.0 242.0 242.0
243.0 244.0 242.0 242.0 246.0 242.0 236.0 240.0 243.0 242.0 242.0 244.0
242.0 243.0 244.0 245.0 244.0 244.0 244.0 244.0 244.0 244.0 244.0 243.0
244.0 244.0 248.0 250.0 248.0 249.0 250.0 248.0 248.0 249.0 249.0 244.0
21 79.7273 21.15 45.9489 34.9612 61.8519 37.021 56.3704 4.55918 
20.0 17.0 19.0 13.0 11.0
242.0 241.0 235.0 242.0 241.0 236.0 240.0 237.0 242.0 241.0 237.0 242.0
242.0 242.0 243.0 243.0 242.0 241.0 242.0 238.0 242.0 243.0 241.0 242.0
242.0 244.0 242.0 242.0 246.0 242.0 236.0 241.0 244.0 243.0 242.0 244.0
241.0 243.0 244.0 244.0 245.0 244.0 245.0 244.0 244.0 244.0 244.0 243.0
244.0 244.0 248.0 250.0 248.0 249.0 250.0 248.0 248.0 249.0 249.0 245.0
21.1364 79.8389 21.9192 45.9489 35.7364 62.2222 37.021 56.7854 4.55918 
21.0 17.0 18.0 13.0 11.0
242.0 241.0 234.0 242.0 241.0 236.0 240.0 238.0 242.0 242.0 237.0 242.0
243.0 243.0 244.0 244.0 243.0 242.0 243.0 239.0 242.0 242.0 241.0 241.0
242.0 244.0 242.0 242.0 246.0 242.0 237.0 240.0 244.0 243.0 242.0 244.0
242.0 243.0 245.0 245.0 244.0 244.0 244.0 244.0 244.0 244.0 244.0 243.0
244.0 244.0 248.0 249.0 248.0 249.0 250.0 249.0 247.0 249.0 249.0 246.0
21.2728 79.8389 22.3038 46.4895 36.5116 62.2222 37.021 56.3704 4.55918 
20.0 17.0 18.0 13.0 12.0
242.0 240.0 235.0 242.0 241.0 236.0 240.0 237.0 242.0 241.0 237.0 242.0
243.0 243.0 244.0 243.0 243.0 242.0 243.0 238.0 242.0 243.0 242.0 243.0
242.0 244.0 242.0 242.0 246.0 242.0 237.0 241.0 243.0 243.0 242.0 244.0
242.0 243.0 244.0 245.0 245.0 244.0 244.0 244.0 244.0 244.0 244.0 243.0
244.0 244.0 248.0 249.0 249.0 248.0 249.0 249.0 247.0 249.0 249.0 245.0
21.2728 79.8389 22.3038 47.03 37.6744 62.2222 37.021 56.7854 4.55918 
20.0 17.0 18.0 13.0 11.0
242.0 241.0 234.0 242.0 241.0 235.0 240.0 237.0 242.0 241.0 236.0 242.0
243.0 243.0 243.0 243.0 242.0 241.0 242.0 238.0 241.0 242.0 242.0 242.0
242.0 244.0 241.0 242.0 246.0 242.0 237.0 241.0 244.0 242.0 242.0 244.0
242.0 243.0 245.0 244.0 244.0 245.0 244.0 244.0 244.0 244.0 244.0 243.0
244.0 244.0 249.0 249.0 248.0 249.0 249.0 248.0 248.0 249.0 249.0 245.0
21.2728 79.8389 22.3038 48.1111 38.062 62.2222 37.021 57.2003 4.55918 
21.0 18.0 18.0 14.0 12.0
242.0 241.0 234.0 242.0 241.0 235.0 240.0 237.0 241.0 241.0 236.0 242.0
242.0 242.0 243.0 243.0 242.0 241.0 241.0 237.0 241.0 242.0 241.0 242.0
242.0 244.0 242.0 242.0 245.0 242.0 237.0 240.0 244.0 242.0 242.0 244.0
242.0 243.0 245.0 245.0 245.0 244.0 245.0 244.0 244.0 245.0 244.0 244.0
244.0 244.0 248.0 249.0 248.0 249.0 249.0 249.0 249.0 248.0 250.0 245.0
21.1364 79.7273 21.9192 48.6516 38.062 62.5926 37.021 56.7854 4.04898 
21.0 18.0 18.0 13.0 11.0
242.0 240.0 234.0 241.0 241.0 235.0 240.0 237.0 242.0 241.0 236.0 242.0
242.0 242.0 243.0 242.0 242.0 240.0 240.0 236.0 241.0 242.0 241.0 242.0
243.0 244.0 242.0 242.0 245.0 242.0 237.0 241.0 243.0 242.0 242.0 244.0
242.0 243.0 244.0 244.0 244.0 244.0 245.0 244.0 244.0 244.0 244.0 243.0
244.0 244.0 249.0 249.0 248.0 248.0 249.0 248.0 248.0 248.0 250.0 246.0
21.1364 79.7273 21.9192 48.6516 38.8372 62.5926 37.021 56.7854 4.04898 
21.0 19.0 17.0 13.0 11.0
242.0 241.0 234.0 241.0 241.0 235.0 240.0 237.0 241.0 241.0 237.0 242.0
242.0 243.0 242.0 243.0 242.0 241.0 238.0 237.0 241.0 243.0 241.0 242.0
242.0 244.0 241.0 242.0 245.0 241.0 237.0 241.0 243.0 242.0 241.0 243.0
242.0 243.0 244.0 244.0 244.0 244.0 244.0 244.0 244.0 244.0 244.0 243.0
244.0 244.0 248.0 250.0 248.0 249.0 249.0 249.0 247.0 249.0 250.0 245.0
21.1364 79.7273 22.3038 48.6516 38.4496 63.3333 37.021 57.2003 4.04898 
21.0 19.0 16.0 13.0 11.0
242.0 240.0 234.0 241.0 241.0 235.0 239.0 237.0 242.0 241.0 236.0 242.0
242.0 243.0 242.0 243.0 242.0 240.0 239.0 236.0 240.0 242.0 241.0 242.0
242.0 244.0 241.0 242.0 246.0 242.0 238.0 241.0 243.0 243.0 241.0 244.0
242.0 243.0 244.0 245.0 245.0 244.0 244.0 244.0 244.0 244.0 244.0 243.0
244.0 244.0 249.0 249.0 249.0 248.0 250.0 248.0 247.0 248.0 249.0 245.0
21.2728 79.9505 21.9192 49.7327 38.8372 64.0741 37.021 57.2003 3.53878 
21.0 19.0 17.0 13.0 11.0
242.0 240.0 234.0 241.0 241.0 234.0 239.0 236.0 241.0 242.0 236.0 242.0
242.0 242.0 242.0 243.0 242.0 240.0 238.0 236.0 240.0 242.0 241.0 242.0
242.0 244.0 242.0 242.0 245.0 242.0 237.0 240.0 243.0 242.0 242.0 244.0
242.0 243.0 244.0 245.0 244.0 244.0 244.0 244.0 244.0 244.0 244.0 243.0
244.0 244.0 248.0 250.0 248.0 249.0 251.0 248.0 247.0 249.0 249.0 245.0
21.2728 79.9505 21.9192 49.7327 39.2248 63.7037 37.021 57.6152 3.53878 
22.0 20.0 17.0 13.0 11.0
242.0 241.0 234.0 241.0 241.0 234.0 239.0 236.0 242.0 241.0 236.0 242.0
242.0 243.0 242.0 243.0 242.0 240.0 236.0 235.0 240.0 243.0 241.0 242.0
242.0 244.0 242.0 242.0 245.0 242.0 238.0 240.0 243.0 242.0 242.0 244.0
241.0 243.0 244.0 245.0 244.0 244.0 245.0 244.0 244.0 245.0 244.0 243.0
244.0 244.0 248.0 250.0 248.0 247.0 250.0 250.0 247.0 249.0 250.0 245.0
21.2728 79.9505 21.9192 49.7327 39.2248 63.7037 37.021 57.6152 3.53878 
21.0 20.0 17.0 14.0 11.0
242.0 240.0 234.0 241.0 241.0 234.0 239.0 236.0 242.0 242.0 236.0 242.0
242.0 242.0 242.0 243.0 242.0 240.0 236.0 235.0 241.0 243.0 241.0 242.0
242.0 244.0 241.0 242.0 246.0 243.0 238.0 241.0 243.0 242.0 242.0 244.0
241.0 243.0 244.0 245.0 244.0 244.0 244.0 244.0 244.0 244.0 244.0 243.0
244.0 244.0 250.0 249.0 249.0 249.0 250.0 248.0 249.0 249.0 249.0 244.0
