-10000
21.1364 79.8389 14.6115 48.1111 33.0233 58.5185 37.021 55.5405 3.53878 
19.0 16.0 18.0 13.0 11.0
243.0 240.0 237.0 242.0 241.0 238.0 240.0 238.0 242.0 242.0 238.0 241.0
242.0 244.0 244.0 244.0 243.0 243.0 244.0 239.0 243.0 243.0 242.0 243.0
242.0 245.0 243.0 243.0 248.0 243.0 237.0 241.0 244.0 244.0 244.0 244.0
242.0 244.0 244.0 245.0 245.0 244.0 245.0 244.0 244.0 244.0 244.0 244.0
244.0 245.0 248.0 250.0 249.0 249.0 251.0 250.0 249.0 248.0 249.0 246.0
21.1364 79.8389 19.6115 48.6516 33.0233 58.8889 37.3942 55.9555 2.51837 
20.0 16.0 21.0 13.0 11.0
243.0 241.0 236.0 242.0 241.0 237.0 240.0 237.0 242.0 241.0 237.0 241.0
243.0 243.0 244.0 243.0 243.0 243.0 244.0 238.0 244.0 243.0 242.0 243.0
242.0 245.0 243.0 243.0 248.0 244.0 235.0 241.0 245.0 244.0 244.0 244.0
242.0 244.0 245.0 245.0 246.0 245.0 244.0 244.0 244.0 244.0 244.0 243.0
244.0 245.0 249.0 250.0 250.0 250.0 250.0 250.0 247.0 250.0 249.0 246.0
21 79.8389 21.15 48.6516 33.4109 59.2593 37.3942 55.9555 2.51837 
20.0 17.0 20.0 13.0 11.0
243.0 241.0 235.0 241.0 241.0 236.0 240.0 237.0 242.0 242.0 237.0 241.0
243.0 244.0 244.0 243.0 243.0 243.0 244.0 238.0 242.0 243.0 242.0 243.0
242.0 244.0 243.0 243.0 248.0 244.0 234.0 241.0 244.0 244.0 244.0 244.0
242.0 244.0 245.0 245.0 244.0 244.0 245.0 244.0 244.0 244.0 244.0 244.0
244.0 244.0 250.0 250.0 248.0 249.0 251.0 249.0 249.0 249.0 250.0 246.0
20.8637 79.7273 21.9192 49.1922 34.5736 59.2593 37.3942 55.9555 2.51837 
21.0 17.0 20.0 13.0 11.0
242.0 240.0 234.0 242.0 241.0 236.0 240.0 236.0 241.0 241.0 237.0 241.0
242.0 243.0 243.0 243.0 243.0 242.0 244.0 237.0 242.0 242.0 241.0 242.0
243.0 244.0 243.0 243.0 248.0 243.0 234.0 241.0 244.0 244.0 244.0 245.0
242.0 244.0 245.0 245.0 244.0 244.0 245.0 244.0 244.0 245.0 244.0 243.0
244.0 244.0 248.0 249.0 250.0 249.0 250.0 249.0 249.0 248.0 250.0 246.0
20.8637 79.6157 22.3038 49.1922 35.3488 59.6296 37.3942 55.9555 2.51837 
21.0 17.0 21.0 13.0 11.0
242.0 240.0 234.0 242.0 241.0 235.0 240.0 236.0 241.0 241.0 237.0 241.0
243.0 244.0 244.0 243.0 242.0 242.0 244.0 237.0 242.0 243.0 241.0 242.0
243.0 244.0 243.0 244.0 248.0 244.0 235.0 241.0 244.0 244.0 244.0 244.0
242.0 243.0 245.0 245.0 245.0 245.0 245.0 244.0 244.0 245.0 245.0 244.0
244.0 245.0 249.0 250.0 249.0 250.0 250.0 250.0 249.0 249.0 250.0 246.0
20.8637 79.7273 22.3038 49.1922 36.5116 60 37.3942 55.9555 2.51837 
20.0 18.0 20.0 13.0 11.0
242.0 241.0 234.0 242.0 241.0 235.0 240.0 236.0 242.0 241.0 236.0 241.0
243.0 244.0 244.0 244.0 243.0 242.0 244.0 237.0 242.0 243.0 241.0 243.0
243.0 244.0 243.0 243.0 248.0 244.0 235.0 241.0 244.0 244.0 244.0 244.0
242.0 244.0 244.0 245.0 244.0 245.0 245.0 244.0 245.0 245.0 245.0 243.0
244.0 245.0 249.0 250.0 248.0 249.0 250.0 249.0 249.0 249.0 251.0 245.0
21 79.8389 22.3038 49.1922 36.8992 60.3704 37.7673 56.3704 2.51837 
21.0 19.0 19.0 13.0 11.0
242.0 241.0 234.0 242.0 241.0 235.0 239.0 236.0 241.0 241.0 236.0 241.0
243.0 243.0 243.0 243.0 242.0 241.0 243.0 236.0 241.0 242.0 240.0 242.0
242.0 245.0 243.0 243.0 248.0 243.0 235.0 241.0 244.0 244.0 244.0 244.0
242.0 243.0 245.0 245.0 245.0 244.0 245.0 244.0 244.0 244.0 244.0 244.0
244.0 245.0 248.0 250.0 249.0 249.0 251.0 249.0 249.0 249.0 250.0 245.0
21 79.9505 22.3038 49.7327 37.2868 59.6296 37.7673 56.3704 2.51837 
21.0 20.0 19.0 13.0 11.0
242.0 240.0 234.0 241.0 241.0 235.0 240.0 237.0 242.0 241.0 236.0 241.0
243.0 242.0 243.0 243.0 243.0 241.0 241.0 235.0 241.0 243.0 241.0 242.0
242.0 245.0 243.0 243.0 248.0 244.0 235.0 242.0 244.0 244.0 244.0 244.0
242.0 243.0 245.0 245.0 245.0 244.0 245.0 244.0 244.0 245.0 244.0 243.0
244.0 245.0 249.0 250.0 248.0 249.0 251.0 249.0 249.0 250.0 250.0 246.0
21 79.9505 22.3038 49.7327 37.2868 60.3704 37.7673 56.3704 2.51837 
21.0 20.0 19.0 13.0 11.0
242.0 240.0 234.0 241.0 241.0 235.0 239.0 236.0 241.0 241.0 236.0 241.0
242.0 243.0 243.0 243.0 243.0 240.0 241.0 235.0 241.0 243.0 241.0 242.0
242.0 244.0 243.0 243.0 248.0 243.0 236.0 242.0 244.0 244.0 244.0 244.0
242.0 244.0 245.0 245.0 245.0 245.0 244.0 244.0 244.0 245.0 245.0 243.0
244.0 244.0 249.0 250.0 249.0 249.0 251.0 249.0 248.0 250.0 249.0 246.0
20.8637 79.8389 21.9192 49.7327 37.6744 60.7407 37.7673 56.7854 2.51837 
20.0 20.0 19.0 13.0 11.0
242.0 240.0 234.0 242.0 241.0 235.0 240.0 236.0 241.0 242.0 236.0 241.0
242.0 243.0 243.0 243.0 242.0 240.0 240.0 235.0 241.0 243.0 240.0 242.0
243.0 244.0 244.0 243.0 248.0 243.0 236.0 242.0 244.0 243.0 244.0 244.0
242.0 243.0 245.0 245.0 245.0 245.0 245.0 244.0 244.0 244.0 244.0 243.0
244.0 245.0 248.0 250.0 249.0 249.0 250.0 250.0 248.0 250.0 249.0 246.0
20.7273 79.8389 21.9192 50.2732 37.6744 61.4815 38.1404 56.7854 2.00816 
21.0 21.0 19.0 13.0 11.0
242.0 240.0 234.0 241.0 241.0 235.0 239.0 236.0 241.0 241.0 236.0 241.0
242.0 243.0 242.0 243.0 243.0 240.0 238.0 234.0 241.0 243.0 240.0 242.0
243.0 245.0 244.0 243.0 248.0 244.0 237.0 242.0 244.0 244.0 244.0 245.0
242.0 243.0 245.0 245.0 245.0 244.0 245.0 244.0 244.0 245.0 244.0 243.0
243.0 244.0 249.0 250.0 248.0 249.0 252.0 249.0 250.0 250.0 250.0 245.0
20.7273 79.8389 21.9192 50.2732 38.062 62.2222 38.1404 56.7854 2.00816 
21.0 22.0 18.0 13.0 11.0
242.0 240.0 234.0 242.0 241.0 234.0 239.0 236.0 241.0 241.0 236.0 241.0
242.0 243.0 243.0 244.0 242.0 240.0 237.0 234.0 241.0 243.0 240.0 242.0
242.0 245.0 243.0 243.0 248.0 244.0 236.0 242.0 244.0 244.0 244.0 244.0
242.0 243.0 244.0 244.0 245.0 244.0 244.0 244.0 244.0 244.0 244.0 243.0
244.0 244.0 249.0 250.0 248.0 249.0 250.0 250.0 247.0 249.0 249.0 246.0
