-10000
21.1364 79.7273 18.4577 43.2462 33.0233 60.7407 36.6479 55.5405 5.06939 
20.0 16.0 18.0 13.0 11.0
242.0 240.0 236.0 242.0 242.0 237.0 240.0 238.0 242.0 242.0 238.0 241.0
242.0 243.0 243.0 243.0 242.0 242.0 243.0 238.0 242.0 243.0 242.0 242.0
242.0 244.0 241.0 241.0 246.0 242.0 237.0 240.0 243.0 242.0 241.0 244.0
242.0 243.0 244.0 244.0 244.0 244.0 245.0 244.0 244.0 244.0 244.0 243.0
243.0 244.0 249.0 249.0 247.0 249.0 250.0 249.0 247.0 248.0 250.0 245.0
21.1364 79.8389 19.9962 43.7868 33.4109 60.7407 37.021 56.3704 4.55918 
20.0 17.0 18.0 14.0 12.0
242.0 240.0 235.0 242.0 242.0 237.0 240.0 238.0 242.0 242.0 237.0 241.0
242.0 243.0 243.0 243.0 242.0 242.0 243.0 238.0 242.0 242.0 242.0 242.0
242.0 244.0 241.0 242.0 246.0 241.0 237.0 240.0 243.0 243.0 242.0 244.0
242.0 243.0 245.0 244.0 244.0 244.0 245.0 244.0 244.0 244.0 244.0 243.0
244.0 244.0 249.0 249.0 248.0 248.0 250.0 249.0 248.0 248.0 249.0 245.0
21.1364 79.9505 20.3808 44.3273 34.186 60.3704 37.021 56.3704 4.55918 
20.0 17.0 19.0 14.0 11.0
243.0 240.0 235.0 242.0 242.0 237.0 240.0 238.0 242.0 242.0 237.0 241.0
242.0 242.0 243.0 243.0 242.0 242.0 243.0 238.0 242.0 243.0 241.0 242.0
242.0 244.0 241.0 242.0 245.0 242.0 236.0 240.0 243.0 243.0 241.0 244.0
242.0 243.0 244.0 245.0 245.0 244.0 244.0 244.0 244.0 245.0 244.0 243.0
243.0 244.0 249.0 249.0 248.0 249.0 249.0 248.0 248.0 249.0 248.0 246.0
21.1364 79.9505 20.7654 45.4084 35.3488 60.3704 37.021 56.7854 4.55918 
20.0 17.0 19.0 13.0 11.0
242.0 240.0 235.0 242.0 241.0 237.0 240.0 238.0 242.0 241.0 237.0 242.0
242.0 243.0 243.0 243.0 243.0 242.0 243.0 239.0 242.0 242.0 242.0 241.0
242.0 244.0 242.0 242.0 245.0 242.0 236.0 240.0 243.0 243.0 242.0 244.0
242.0 243.0 245.0 244.0 245.0 244.0 245.0 244.0 244.0 244.0 244.0 243.0
243.0 244.0 249.0 249.0 248.0 248.0 250.0 249.0 247.0 249.0 249.0 246.0
21.1364 79.8389 21.15 45.9489 35.7364 61.1111 37.021 56.3704 4.55918 
21.0 17.0 19.0 13.0 12.0
242.0 240.0 234.0 242.0 241.0 236.0 240.0 238.0 242.0 241.0 237.0 241.0
242.0 243.0 243.0 243.0 242.0 243.0 243.0 238.0 241.0 243.0 242.0 243.0
242.0 244.0 241.0 242.0 246.0 242.0 236.0 240.0 243.0 242.0 242.0 244.0
241.0 243.0 244.0 244.0 245.0 245.0 245.0 244.0 244.0 244.0 244.0 243.0
244.0 245.0 249.0 250.0 248.0 249.0 249.0 248.0 249.0 248.0 248.0 245.0
21 79.7273 21.15 47.03 36.8992 61.1111 37.021 56.3704 4.55918 
21.0 17.0 19.0 13.0 11.0
242.0 240.0 234.0 242.0 241.0 236.0 240.0 238.0 242.0 241.0 236.0 241.0
242.0 243.0 244.0 243.0 243.0 242.0 243.0 238.0 241.0 242.0 242.0 243.0
242.0 244.0 241.0 243.0 246.0 242.0 236.0 240.0 243.0 243.0 242.0 244.0
242.0 243.0 244.0 245.0 245.0 244.0 245.0 244.0 244.0 244.0 244.0 243.0
244.0 244.0 248.0 249.0 248.0 248.0 248.0 249.0 248.0 249.0 249.0 245.0
21 79.7273 21.15 47.5705 38.062 61.1111 37.021 56.7854 4.04898 
21.0 18.0 18.0 14.0 11.0
242.0 240.0 234.0 242.0 241.0 235.0 240.0 237.0 241.0 242.0 236.0 241.0
242.0 243.0 243.0 243.0 243.0 242.0 241.0 237.0 241.0 242.0 241.0 242.0
242.0 244.0 242.0 242.0 245.0 242.0 237.0 240.0 243.0 243.0 242.0 244.0
242.0 244.0 244.0 245.0 245.0 245.0 244.0 244.0 244.0 244.0 244.0 243.0
244.0 244.0 248.0 249.0 248.0 249.0 249.0 249.0 248.0 248.0 249.0 244.0
21 79.7273 21.5346 48.1111 38.062 61.4815 37.021 57.2003 4.04898 
21.0 18.0 18.0 14.0 11.0
242.0 240.0 234.0 242.0 241.0 235.0 240.0 237.0 241.0 241.0 236.0 241.0
242.0 242.0 243.0 242.0 242.0 241.0 241.0 237.0 241.0 242.0 241.0 242.0
242.0 244.0 241.0 242.0 245.0 241.0 237.0 240.0 243.0 243.0 242.0 243.0
241.0 243.0 244.0 245.0 244.0 244.0 244.0 244.0 244.0 245.0 244.0 243.0
244.0 244.0 249.0 249.0 249.0 248.0 250.0 248.0 248.0 248.0 249.0 246.0
21.1364 79.9505 21.5346 48.1111 38.8372 61.4815 37.021 56.7854 4.04898 
21.0 19.0 18.0 13.0 11.0
242.0 240.0 234.0 241.0 241.0 235.0 239.0 237.0 241.0 241.0 236.0 242.0
242.0 243.0 243.0 243.0 242.0 241.0 239.0 236.0 241.0 242.0 241.0 242.0
242.0 244.0 241.0 242.0 245.0 242.0 238.0 241.0 243.0 242.0 242.0 244.0
242.0 244.0 245.0 244.0 245.0 244.0 245.0 244.0 244.0 245.0 244.0 243.0
244.0 244.0 248.0 250.0 248.0 249.0 250.0 249.0 247.0 248.0 250.0 244.0
21.1364 79.9505 21.5346 48.6516 38.4496 61.8519 37.021 56.7854 4.04898 
21.0 19.0 18.0 13.0 11.0
242.0 240.0 234.0 242.0 241.0 235.0 240.0 237.0 241.0 241.0 236.0 241.0
242.0 242.0 243.0 243.0 242.0 241.0 239.0 236.0 241.0 243.0 241.0 242.0
242.0 244.0 241.0 242.0 245.0 242.0 237.0 241.0 243.0 242.0 242.0 244.0
242.0 243.0 244.0 245.0 245.0 244.0 244.0 244.0 244.0 244.0 244.0 243.0
244.0 244.0 248.0 250.0 250.0 248.0 249.0 249.0 247.0 249.0 248.0 245.0
21.1364 79.9505 21.5346 49.7327 38.8372 62.2222 37.021 56.7854 3.53878 
21.0 20.0 18.0 13.0 11.0
242.0 240.0 234.0 241.0 241.0 234.0 239.0 237.0 242.0 241.0 236.0 242.0
242.0 242.0 242.0 243.0 242.0 241.0 239.0 235.0 241.0 243.0 241.0 242.0
243.0 244.0 241.0 242.0 246.0 242.0 237.0 240.0 243.0 242.0 242.0 244.0
241.0 243.0 245.0 245.0 245.0 244.0 244.0 244.0 244.0 244.0 244.0 243.0
244.0 245.0 248.0 249.0 249.0 248.0 249.0 249.0 248.0 249.0 248.0 246.0
21 79.8389 21.5346 49.7327 38.8372 62.963 37.021 57.2003 3.53878 
22.0 20.0 17.0 13.0 11.0
242.0 240.0 233.0 241.0 241.0 234.0 240.0 237.0 241.0 241.0 236.0 242.0
242.0 242.0 242.0 243.0 242.0 240.0 237.0 236.0 240.0 243.0 241.0 241.0
242.0 244.0 242.0 242.0 245.0 242.0 238.0 240.0 243.0 243.0 242.0 244.0
242.0 243.0 244.0 244.0 245.0 244.0 244.0 244.0 244.0 244.0 244.0 243.0
244.0 244.0 248.0 249.0 248.0 248.0 250.0 248.0 249.0 249.0 248.0 246.0
21 79.8389 21.5346 50.2732 39.2248 63.3333 37.021 57.2003 3.02857 
21.0 21.0 17.0 13.0 11.0
241.0 241.0 233.0 241.0 241.0 234.0 239.0 236.0 241.0 241.0 236.0 241.0
242.0 243.0 242.0 242.0 242.0 239.0 236.0 235.0 240.0 242.0 241.0 242.0
242.0 244.0 241.0 242.0 245.0 242.0 238.0 241.0 243.0 242.0 241.0 244.0
242.0 243.0 245.0 244.0 245.0 244.0 244.0 244.0 244.0 244.0 244.0 243.0
244.0 245.0 248.0 249.0 249.0 248.0 250.0 249.0 247.0 248.0 249.0 245.0
