-10000
21 79.9505 14.2269 44.8678 33.4109 62.5926 36.6479 55.1256 5.06939 
19.0 16.0 18.0 13.0 11.0
243.0 240.0 237.0 242.0 242.0 238.0 240.0 239.0 242.0 242.0 238.0 241.0
242.0 243.0 244.0 243.0 242.0 241.0 243.0 239.0 242.0 242.0 241.0 242.0
242.0 244.0 242.0 242.0 245.0 242.0 237.0 240.0 243.0 242.0 242.0 244.0
242.0 243.0 244.0 245.0 244.0 245.0 245.0 244.0 244.0 244.0 244.0 243.0
244.0 245.0 248.0 250.0 248.0 249.0 250.0 249.0 248.0 248.0 249.0 245.0
21 79.9505 13.8423 46.4895 33.4109 62.2222 37.021 55.5405 5.06939 
19.0 17.0 20.0 13.0 11.0
243.0 240.0 236.0 242.0 241.0 238.0 241.0 239.0 242.0 242.0 238.0 241.0
241.0 243.0 243.0 243.0 242.0 243.0 242.0 238.0 241.0 242.0 242.0 242.0
243.0 244.0 241.0 241.0 246.0 241.0 236.0 240.0 243.0 243.0 242.0 244.0
242.0 243.0 244.0 244.0 245.0 244.0 245.0 244.0 244.0 244.0 244.0 243.0
244.0 245.0 248.0 248.0 249.0 249.0 249.0 250.0 247.0 249.0 249.0 245.0
20.8637 79.8389 13.8423 47.5705 34.9612 62.2222 37.021 55.9555 5.06939 
20.0 18.0 19.0 13.0 11.0
242.0 240.0 235.0 242.0 241.0 237.0 240.0 238.0 242.0 242.0 238.0 241.0
242.0 243.0 243.0 243.0 242.0 241.0 242.0 238.0 241.0 243.0 242.0 242.0
242.0 244.0 241.0 242.0 245.0 241.0 237.0 240.0 243.0 242.0 243.0 244.0
242.0 243.0 245.0 245.0 244.0 244.0 244.0 244.0 244.0 244.0 244.0 243.0
244.0 244.0 248.0 250.0 248.0 249.0 249.0 249.0 247.0 249.0 248.0 245.0
20.8637 79.8389 17.6885 48.1111 35.7364 61.8519 37.021 55.9555 5.06939 
20.0 17.0 18.0 13.0 11.0
242.0 241.0 235.0 241.0 241.0 237.0 240.0 238.0 242.0 241.0 237.0 241.0
242.0 243.0 243.0 243.0 243.0 242.0 242.0 238.0 241.0 243.0 241.0 242.0
243.0 244.0 242.0 242.0 245.0 241.0 236.0 240.0 243.0 243.0 242.0 244.0
242.0 243.0 244.0 244.0 245.0 244.0 246.0 244.0 244.0 244.0 244.0 243.0
244.0 245.0 247.0 249.0 249.0 249.0 251.0 249.0 248.0 247.0 249.0 246.0
20.8637 79.7273 19.9962 48.1111 36.5116 62.2222 37.021 55.9555 5.06939 
21.0 17.0 19.0 14.0 11.0
242.0 240.0 234.0 242.0 242.0 235.0 240.0 237.0 242.0 242.0 237.0 242.0
242.0 243.0 243.0 243.0 242.0 242.0 242.0 237.0 242.0 242.0 241.0 242.0
242.0 244.0 242.0 241.0 245.0 241.0 236.0 240.0 243.0 243.0 241.0 244.0
241.0 244.0 244.0 244.0 244.0 244.0 245.0 244.0 244.0 244.0 244.0 243.0
244.0 244.0 248.0 250.0 249.0 249.0 250.0 249.0 248.0 249.0 248.0 246.0
21 79.7273 21.5346 48.6516 37.6744 62.2222 37.021 55.9555 4.55918 
21.0 18.0 19.0 13.0 11.0
242.0 241.0 234.0 242.0 241.0 235.0 240.0 237.0 241.0 241.0 236.0 242.0
242.0 243.0 243.0 243.0 242.0 241.0 241.0 237.0 241.0 242.0 242.0 242.0
242.0 244.0 242.0 242.0 245.0 241.0 237.0 240.0 243.0 242.0 241.0 244.0
242.0 243.0 244.0 245.0 245.0 244.0 244.0 244.0 244.0 244.0 244.0 243.0
244.0 244.0 248.0 249.0 248.0 249.0 249.0 248.0 247.0 249.0 248.0 246.0
21 79.7273 21.9192 48.6516 38.4496 62.2222 37.021 56.3704 4.55918 
21.0 18.0 18.0 14.0 11.0
242.0 241.0 234.0 242.0 241.0 235.0 240.0 237.0 242.0 241.0 236.0 242.0
242.0 243.0 242.0 243.0 242.0 241.0 240.0 236.0 241.0 243.0 241.0 242.0
242.0 244.0 241.0 241.0 245.0 242.0 237.0 240.0 243.0 243.0 241.0 244.0
242.0 243.0 245.0 245.0 244.0 244.0 245.0 244.0 244.0 244.0 244.0 243.0
244.0 244.0 249.0 249.0 249.0 247.0 249.0 248.0 248.0 248.0 250.0 245.0
21 79.8389 21.9192 48.6516 38.4496 62.5926 37.021 56.3704 4.55918 
21.0 17.0 18.0 13.0 12.0
242.0 240.0 234.0 242.0 241.0 235.0 239.0 237.0 241.0 242.0 237.0 242.0
242.0 243.0 243.0 243.0 242.0 241.0 241.0 237.0 241.0 243.0 242.0 242.0
243.0 244.0 241.0 242.0 245.0 241.0 237.0 240.0 243.0 242.0 241.0 244.0
242.0 243.0 244.0 244.0 245.0 244.0 246.0 244.0 244.0 244.0 244.0 243.0
244.0 244.0 247.0 249.0 248.0 248.0 249.0 250.0 248.0 249.0 249.0 245.0
20.8637 79.7273 21.9192 49.1922 38.8372 62.5926 37.021 56.3704 4.55918 
21.0 18.0 18.0 13.0 11.0
242.0 241.0 234.0 242.0 241.0 235.0 240.0 237.0 242.0 241.0 236.0 242.0
242.0 242.0 243.0 243.0 242.0 241.0 239.0 235.0 241.0 242.0 241.0 242.0
242.0 244.0 241.0 242.0 245.0 242.0 238.0 240.0 243.0 242.0 241.0 244.0
242.0 243.0 244.0 245.0 245.0 244.0 245.0 244.0 244.0 244.0 244.0 244.0
244.0 245.0 249.0 249.0 247.0 249.0 250.0 249.0 247.0 248.0 249.0 246.0
20.7273 79.7273 21.9192 49.1922 38.8372 62.5926 37.021 56.7854 4.55918 
21.0 19.0 18.0 13.0 12.0
242.0 241.0 234.0 241.0 241.0 234.0 240.0 237.0 241.0 241.0 237.0 242.0
242.0 243.0 242.0 243.0 242.0 241.0 238.0 236.0 241.0 242.0 241.0 242.0
242.0 244.0 241.0 241.0 245.0 241.0 238.0 240.0 243.0 242.0 241.0 244.0
242.0 243.0 244.0 245.0 245.0 244.0 245.0 244.0 244.0 244.0 244.0 243.0
244.0 244.0 248.0 249.0 250.0 248.0 251.0 249.0 248.0 248.0 248.0 246.0
20.7273 79.7273 21.9192 49.1922 38.8372 63.7037 37.021 56.7854 4.04898 
21.0 19.0 18.0 14.0 11.0
242.0 240.0 234.0 242.0 241.0 235.0 239.0 237.0 242.0 241.0 236.0 242.0
242.0 242.0 243.0 243.0 242.0 241.0 237.0 235.0 240.0 242.0 241.0 242.0
242.0 244.0 241.0 242.0 245.0 241.0 237.0 240.0 243.0 242.0 241.0 244.0
242.0 243.0 245.0 245.0 245.0 244.0 245.0 244.0 244.0 244.0 244.0 243.0
244.0 244.0 249.0 249.0 248.0 249.0 249.0 248.0 247.0 249.0 249.0 245.0
20.8637 79.8389 21.9192 50.2732 39.2248 64.4444 37.021 56.3704 4.04898 
21.0 19.0 18.0 13.0 11.0
242.0 241.0 234.0 241.0 241.0 234.0 240.0 236.0 242.0 242.0 237.0 242.0
242.0 243.0 242.0 242.0 242.0 240.0 236.0 235.0 240.0 242.0 241.0 242.0
242.0 244.0 242.0 241.0 246.0 241.0 239.0 240.0 243.0 242.0 242.0 244.0
242.0 243.0 244.0 244.0 245.0 245.0 245.0 244.0 244.0 244.0 244.0 243.0
244.0 244.0 248.0 250.0 248.0 249.0 250.0 250.0 247.0 248.0 248.0 246.0
