-10000
20.7273 79.9505 14.2269 44.3273 33.4109 57.4074 36.6479 55.5405 5.57959 
19.0 17.0 18.0 14.0 11.0
242.0 240.0 236.0 242.0 241.0 238.0 240.0 239.0 242.0 242.0 239.0 241.0
242.0 243.0 243.0 243.0 243.0 242.0 242.0 238.0 242.0 243.0 242.0 242.0
243.0 244.0 241.0 242.0 245.0 241.0 236.0 240.0 243.0 243.0 242.0 244.0
241.0 243.0 244.0 245.0 244.0 244.0 245.0 244.0 244.0 244.0 244.0 243.0
244.0 244.0 248.0 249.0 249.0 247.0 250.0 249.0 247.0 248.0 249.0 246.0
20.8637 79.8389 14.6115 45.4084 33.4109 58.5185 37.021 55.9555 5.06939 
19.0 17.0 20.0 13.0 11.0
242.0 240.0 236.0 242.0 242.0 238.0 241.0 238.0 242.0 242.0 238.0 241.0
242.0 242.0 243.0 243.0 242.0 242.0 242.0 239.0 242.0 243.0 242.0 241.0
242.0 244.0 241.0 241.0 245.0 242.0 235.0 240.0 243.0 242.0 242.0 244.0
242.0 243.0 245.0 245.0 245.0 244.0 245.0 245.0 244.0 244.0 244.0 243.0
244.0 245.0 249.0 249.0 250.0 248.0 251.0 249.0 247.0 249.0 249.0 245.0
20.8637 79.8389 18.4577 45.9489 33.4109 58.5185 37.021 56.3704 5.06939 
20.0 17.0 20.0 13.0 11.0
242.0 240.0 235.0 242.0 241.0 237.0 240.0 238.0 242.0 242.0 238.0 242.0
243.0 243.0 243.0 243.0 242.0 242.0 242.0 238.0 242.0 243.0 242.0 242.0
242.0 244.0 241.0 242.0 245.0 241.0 235.0 240.0 243.0 243.0 242.0 244.0
242.0 243.0 244.0 245.0 244.0 244.0 245.0 244.0 244.0 244.0 244.0 243.0
244.0 244.0 248.0 249.0 248.0 249.0 250.0 249.0 247.0 249.0 250.0 245.0
21.2728 79.8389 21.15 46.4895 34.5736 59.2593 37.021 56.7854 4.55918 
20.0 17.0 20.0 14.0 12.0
242.0 240.0 234.0 242.0 241.0 236.0 240.0 238.0 242.0 241.0 237.0 242.0
242.0 243.0 243.0 243.0 242.0 242.0 242.0 237.0 242.0 242.0 242.0 242.0
242.0 244.0 241.0 242.0 246.0 242.0 235.0 240.0 243.0 242.0 242.0 244.0
242.0 244.0 244.0 245.0 245.0 244.0 245.0 244.0 244.0 245.0 244.0 243.0
244.0 244.0 248.0 250.0 248.0 250.0 249.0 249.0 248.0 248.0 249.0 246.0
21.4091 79.8389 22.3038 47.03 35.3488 60 37.021 56.7854 4.55918 
21.0 18.0 20.0 14.0 11.0
242.0 240.0 234.0 242.0 241.0 236.0 240.0 237.0 242.0 242.0 237.0 242.0
243.0 243.0 243.0 244.0 242.0 241.0 243.0 238.0 242.0 243.0 242.0 243.0
242.0 244.0 241.0 242.0 246.0 241.0 236.0 240.0 243.0 242.0 241.0 244.0
242.0 244.0 244.0 245.0 245.0 244.0 244.0 244.0 244.0 244.0 244.0 243.0
244.0 244.0 248.0 249.0 249.0 250.0 250.0 249.0 248.0 248.0 249.0 245.0
21.2728 79.8389 22.3038 47.03 36.124 60.7407 37.021 56.7854 4.55918 
21.0 18.0 19.0 13.0 12.0
242.0 240.0 234.0 242.0 241.0 235.0 240.0 238.0 242.0 241.0 237.0 242.0
242.0 242.0 243.0 243.0 242.0 241.0 243.0 237.0 241.0 243.0 241.0 242.0
242.0 244.0 241.0 243.0 245.0 242.0 236.0 240.0 243.0 242.0 242.0 244.0
242.0 243.0 244.0 244.0 244.0 244.0 245.0 244.0 244.0 245.0 244.0 243.0
244.0 244.0 249.0 249.0 248.0 248.0 249.0 249.0 248.0 249.0 249.0 245.0
21.4091 79.8389 22.3038 47.5705 37.6744 61.1111 37.021 57.2003 4.55918 
21.0 18.0 19.0 13.0 11.0
242.0 240.0 234.0 242.0 241.0 235.0 240.0 237.0 242.0 242.0 236.0 242.0
242.0 243.0 242.0 243.0 242.0 240.0 242.0 237.0 241.0 243.0 242.0 241.0
242.0 244.0 241.0 241.0 245.0 242.0 236.0 240.0 243.0 242.0 241.0 244.0
242.0 243.0 244.0 244.0 245.0 244.0 246.0 244.0 244.0 244.0 244.0 243.0
244.0 245.0 248.0 249.0 249.0 249.0 249.0 249.0 247.0 250.0 249.0 245.0
21.2728 79.7273 22.3038 48.1111 38.062 61.4815 37.021 56.7854 4.55918 
21.0 18.0 19.0 13.0 11.0
242.0 241.0 234.0 242.0 241.0 235.0 240.0 237.0 241.0 241.0 237.0 242.0
242.0 243.0 243.0 243.0 242.0 241.0 241.0 237.0 241.0 243.0 241.0 242.0
242.0 244.0 241.0 241.0 245.0 241.0 236.0 240.0 243.0 242.0 242.0 243.0
242.0 243.0 244.0 244.0 245.0 244.0 245.0 244.0 244.0 244.0 245.0 244.0
244.0 244.0 247.0 250.0 249.0 248.0 249.0 248.0 248.0 248.0 249.0 245.0
21.2728 79.7273 22.3038 48.6516 38.062 61.8519 37.021 57.2003 4.55918 
21.0 18.0 19.0 13.0 11.0
242.0 240.0 234.0 241.0 241.0 235.0 240.0 237.0 241.0 242.0 236.0 242.0
242.0 242.0 242.0 243.0 242.0 240.0 240.0 237.0 241.0 242.0 241.0 242.0
242.0 244.0 242.0 242.0 246.0 242.0 236.0 240.0 243.0 242.0 242.0 244.0
242.0 243.0 245.0 245.0 245.0 244.0 244.0 244.0 244.0 244.0 244.0 244.0
244.0 244.0 247.0 249.0 250.0 249.0 249.0 248.0 247.0 249.0 249.0 244.0
21.2728 79.7273 22.3038 48.6516 38.4496 62.2222 37.021 57.2003 4.04898 
21.0 19.0 18.0 13.0 12.0
242.0 240.0 234.0 242.0 241.0 234.0 239.0 237.0 241.0 241.0 236.0 242.0
242.0 243.0 243.0 243.0 243.0 241.0 239.0 236.0 241.0 243.0 241.0 242.0
242.0 244.0 242.0 242.0 245.0 242.0 237.0 240.0 243.0 242.0 241.0 244.0
242.0 243.0 244.0 245.0 244.0 244.0 245.0 244.0 244.0 244.0 244.0 243.0
244.0 243.0 248.0 250.0 250.0 248.0 249.0 248.0 247.0 249.0 249.0 244.0
21.4091 79.9505 22.3038 49.1922 38.4496 62.2222 37.021 57.2003 4.04898 
21.0 19.0 18.0 13.0 11.0
242.0 241.0 234.0 242.0 241.0 234.0 240.0 236.0 242.0 241.0 236.0 242.0
242.0 242.0 242.0 243.0 243.0 240.0 239.0 236.0 241.0 243.0 241.0 242.0
242.0 244.0 241.0 242.0 246.0 241.0 236.0 241.0 243.0 243.0 242.0 244.0
241.0 243.0 244.0 244.0 245.0 244.0 245.0 244.0 244.0 244.0 244.0 244.0
245.0 244.0 249.0 249.0 249.0 249.0 250.0 248.0 247.0 248.0 249.0 245.0
21.4091 79.9505 22.3038 49.7327 38.4496 63.7037 37.021 57.2003 4.04898 
21.0 19.0 19.0 14.0 11.0
242.0 240.0 234.0 242.0 241.0 234.0 239.0 236.0 241.0 241.0 237.0 242.0
242.0 242.0 243.0 242.0 242.0 240.0 238.0 235.0 241.0 242.0 241.0 241.0
242.0 244.0 241.0 242.0 246.0 241.0 236.0 240.0 243.0 242.0 241.0 244.0
242.0 243.0 244.0 245.0 244.0 245.0 245.0 244.0 244.0 245.0 244.0 243.0
244.0 245.0 248.0 250.0 249.0 249.0 249.0 249.0 248.0 250.0 250.0 246.0
21.4091 80.0621 21.9192 50.2732 38.8372 64.0741 37.021 57.6152 3.53878 
21.0 20.0 18.0 13.0 11.0
242.0 240.0 233.0 241.0 241.0 234.0 240.0 237.0 242.0 241.0 236.0 242.0
242.0 242.0 243.0 242.0 242.0 241.0 236.0 234.0 241.0 243.0 241.0 242.0
242.0 244.0 242.0 241.0 245.0 242.0 237.0 241.0 243.0 242.0 241.0 244.0
242.0 243.0 245.0 245.0 245.0 245.0 245.0 244.0 244.0 244.0 244.0 243.0
244.0 244.0 249.0 248.0 248.0 249.0 249.0 249.0 248.0 249.0 249.0 245.0
21.4091 79.9505 21.9192 50.2732 39.2248 64.0741 37.021 57.2003 3.53878 
21.0 20.0 18.0 13.0 11.0
242.0 240.0 233.0 241.0 241.0 234.0 239.0 236.0 241.0 241.0 236.0 242.0
242.0 242.0 242.0 243.0 242.0 240.0 236.0 234.0 240.0 243.0 241.0 242.0
242.0 244.0 241.0 241.0 245.0 242.0 237.0 240.0 243.0 242.0 241.0 243.0
242.0 243.0 244.0 245.0 244.0 244.0 245.0 244.0 244.0 244.0 244.0 243.0
243.0 245.0 247.0 250.0 249.0 248.0 249.0 249.0 247.0 249.0 248.0 245.0
21.2728 79.9505 21.9192 50.2732 39.2248 64.0741 37.3942 57.2003 3.53878 
21.0 20.0 18.0 13.0 11.0
242.0 240.0 233.0 241.0 241.0 234.0 240.0 236.0 241.0 241.0 236.0 242.0
242.0 242.0 242.0 243.0 242.0 240.0 236.0 235.0 240.0 243.0 241.0 242.0
242.0 244.0 241.0 242.0 245.0 242.0 237.0 240.0 243.0 242.0 241.0 244.0
242.0 243.0 245.0 245.0 244.0 244.0 245.0 244.0 244.0 244.0 244.0 243.0
244.0 244.0 249.0 249.0 248.0 248.0 249.0 249.0 248.0 247.0 249.0 245.0
21.2728 79.9505 21.9192 50.2732 39.6124 64.0741 37.3942 57.2003 3.53878 
22.0 21.0 18.0 14.0 12.0
242.0 240.0 234.0 241.0 241.0 233.0 239.0 236.0 241.0 242.0 236.0 242.0
242.0 243.0 242.0 243.0 242.0 239.0 235.0 234.0 240.0 243.0 241.0 242.0
242.0 244.0 241.0 242.0 245.0 241.0 237.0 240.0 242.0 242.0 242.0 244.0
241.0 243.0 244.0 245.0 244.0 244.0 245.0 244.0 244.0 244.0 244.0 243.0
244.0 244.0 248.0 249.0 248.0 249.0 250.0 249.0 247.0 248.0 249.0 245.0
21.2728 79.9505 21.9192 50.2732 39.6124 64.8148 37.3942 57.2003 3.53878 
22.0 21.0 18.0 13.0 11.0
242.0 241.0 233.0 241.0 241.0 234.0 239.0 237.0 241.0 242.0 236.0 242.0
242.0 243.0 242.0 243.0 242.0 239.0 234.0 235.0 240.0 242.0 241.0 242.0
242.0 244.0 241.0 242.0 246.0 241.0 237.0 240.0 243.0 242.0 241.0 244.0
242.0 243.0 245.0 244.0 244.0 244.0 244.0 244.0 244.0 245.0 244.0 243.0
243.0 244.0 249.0 249.0 248.0 248.0 249.0 249.0 248.0 249.0 249.0 245.0
