-10000
20.8637 79.8389 13.8423 43.7868 33.4109 62.2222 37.021 55.5405 5.06939 
19.0 16.0 18.0 14.0 11.0
243.0 240.0 236.0 242.0 242.0 239.0 241.0 239.0 242.0 242.0 239.0 242.0
242.0 243.0 243.0 242.0 243.0 242.0 243.0 238.0 242.0 242.0 242.0 242.0
242.0 244.0 242.0 242.0 246.0 242.0 237.0 241.0 243.0 243.0 242.0 244.0
241.0 243.0 244.0 245.0 245.0 244.0 245.0 244.0 244.0 244.0 244.0 243.0
244.0 244.0 248.0 248.0 248.0 249.0 250.0 248.0 248.0 248.0 249.0 246.0
21.1364 79.8389 17.3038 44.8678 33.4109 61.8519 37.021 56.7854 4.55918 
19.0 16.0 19.0 13.0 11.0
242.0 241.0 236.0 242.0 242.0 238.0 240.0 238.0 242.0 242.0 238.0 242.0
242.0 243.0 243.0 243.0 242.0 242.0 243.0 239.0 242.0 243.0 242.0 242.0
242.0 244.0 242.0 242.0 246.0 242.0 235.0 240.0 244.0 242.0 242.0 244.0
241.0 243.0 244.0 245.0 245.0 244.0 245.0 244.0 244.0 244.0 244.0 243.0
244.0 244.0 248.0 250.0 248.0 248.0 249.0 249.0 247.0 249.0 248.0 246.0
21.2728 79.9505 20.3808 44.8678 34.5736 61.8519 37.021 57.2003 4.55918 
19.0 17.0 19.0 13.0 12.0
242.0 241.0 235.0 242.0 241.0 237.0 240.0 238.0 242.0 242.0 238.0 242.0
242.0 242.0 242.0 243.0 242.0 242.0 242.0 238.0 242.0 243.0 242.0 242.0
242.0 244.0 241.0 242.0 245.0 242.0 236.0 241.0 243.0 242.0 242.0 244.0
241.0 243.0 244.0 245.0 245.0 244.0 244.0 244.0 244.0 244.0 244.0 243.0
243.0 244.0 249.0 249.0 249.0 248.0 250.0 248.0 247.0 249.0 248.0 245.0
21.2728 79.9505 21.9192 45.9489 35.7364 61.8519 37.021 56.7854 4.55918 
20.0 17.0 20.0 13.0 12.0
243.0 241.0 235.0 242.0 241.0 236.0 240.0 237.0 242.0 242.0 237.0 242.0
242.0 243.0 243.0 243.0 242.0 241.0 242.0 238.0 242.0 242.0 242.0 242.0
242.0 244.0 241.0 242.0 246.0 242.0 236.0 241.0 243.0 243.0 241.0 244.0
241.0 243.0 244.0 245.0 244.0 244.0 244.0 244.0 244.0 244.0 244.0 243.0
244.0 244.0 248.0 250.0 249.0 249.0 249.0 249.0 248.0 249.0 250.0 245.0
21.4091 79.8389 22.3038 45.9489 36.124 61.8519 37.021 57.2003 4.55918 
20.0 17.0 19.0 13.0 11.0
242.0 240.0 235.0 242.0 241.0 236.0 240.0 237.0 242.0 242.0 237.0 242.0
242.0 243.0 243.0 243.0 242.0 241.0 242.0 238.0 242.0 243.0 241.0 241.0
242.0 244.0 241.0 242.0 245.0 242.0 236.0 241.0 243.0 243.0 242.0 244.0
242.0 243.0 245.0 245.0 244.0 244.0 245.0 244.0 244.0 245.0 244.0 243.0
244.0 245.0 247.0 250.0 248.0 249.0 249.0 249.0 248.0 249.0 248.0 246.0
21.4091 79.8389 22.3038 47.03 37.2868 61.4815 37.021 57.2003 4.55918 
21.0 17.0 19.0 13.0 11.0
242.0 240.0 235.0 242.0 241.0 236.0 240.0 237.0 242.0 242.0 237.0 242.0
243.0 243.0 243.0 243.0 242.0 242.0 242.0 238.0 242.0 243.0 241.0 241.0
242.0 244.0 242.0 242.0 245.0 242.0 236.0 241.0 244.0 243.0 241.0 243.0
242.0 243.0 244.0 245.0 244.0 244.0 244.0 244.0 244.0 244.0 244.0 243.0
244.0 244.0 248.0 250.0 248.0 248.0 249.0 248.0 248.0 249.0 249.0 245.0
21.2728 79.7273 22.3038 47.5705 38.062 61.4815 37.021 57.2003 4.04898 
21.0 18.0 19.0 14.0 11.0
242.0 241.0 235.0 241.0 241.0 235.0 240.0 237.0 241.0 242.0 237.0 242.0
243.0 243.0 243.0 243.0 242.0 241.0 241.0 237.0 242.0 242.0 241.0 242.0
242.0 244.0 242.0 242.0 245.0 242.0 236.0 241.0 244.0 243.0 242.0 244.0
242.0 243.0 244.0 244.0 244.0 244.0 245.0 244.0 244.0 244.0 244.0 243.0
244.0 244.0 249.0 250.0 248.0 249.0 250.0 249.0 248.0 248.0 249.0 245.0
21.2728 79.7273 22.3038 47.5705 38.4496 61.8519 37.021 57.2003 4.04898 
21.0 18.0 18.0 13.0 11.0
242.0 240.0 234.0 241.0 241.0 235.0 240.0 237.0 241.0 241.0 237.0 242.0
242.0 243.0 243.0 243.0 242.0 241.0 241.0 237.0 241.0 242.0 241.0 242.0
242.0 244.0 242.0 242.0 246.0 241.0 236.0 241.0 243.0 243.0 242.0 244.0
241.0 243.0 244.0 244.0 245.0 244.0 244.0 244.0 244.0 244.0 244.0 243.0
244.0 244.0 248.0 250.0 248.0 249.0 249.0 249.0 247.0 248.0 249.0 245.0
21.2728 79.8389 22.3038 48.6516 38.8372 61.8519 37.021 57.2003 4.04898 
21.0 18.0 19.0 14.0 11.0
242.0 240.0 234.0 242.0 241.0 235.0 240.0 237.0 241.0 241.0 236.0 242.0
242.0 243.0 243.0 243.0 242.0 241.0 239.0 236.0 241.0 243.0 241.0 241.0
242.0 244.0 241.0 242.0 245.0 241.0 236.0 240.0 243.0 243.0 241.0 244.0
242.0 243.0 245.0 244.0 244.0 244.0 245.0 244.0 244.0 245.0 244.0 243.0
244.0 244.0 249.0 249.0 249.0 249.0 250.0 250.0 248.0 249.0 248.0 245.0
21.4091 79.9505 22.3038 48.1111 38.8372 62.2222 37.021 57.6152 4.04898 
21.0 19.0 18.0 14.0 11.0
242.0 240.0 234.0 241.0 241.0 234.0 240.0 237.0 242.0 242.0 236.0 242.0
242.0 242.0 243.0 243.0 242.0 241.0 239.0 236.0 241.0 243.0 241.0 242.0
242.0 244.0 242.0 243.0 246.0 242.0 236.0 241.0 243.0 242.0 242.0 244.0
242.0 244.0 244.0 245.0 244.0 244.0 245.0 244.0 244.0 244.0 244.0 243.0
244.0 244.0 249.0 249.0 248.0 248.0 250.0 249.0 248.0 250.0 248.0 245.0
21.4091 79.9505 21.9192 49.1922 38.8372 62.5926 37.021 57.6152 4.04898 
21.0 19.0 18.0 13.0 11.0
242.0 240.0 234.0 241.0 241.0 234.0 239.0 237.0 241.0 242.0 236.0 242.0
242.0 243.0 242.0 243.0 242.0 241.0 239.0 236.0 241.0 243.0 240.0 242.0
242.0 244.0 242.0 243.0 245.0 242.0 237.0 240.0 243.0 242.0 241.0 243.0
241.0 243.0 244.0 245.0 244.0 244.0 245.0 244.0 244.0 245.0 244.0 243.0
244.0 244.0 248.0 249.0 248.0 248.0 250.0 249.0 248.0 249.0 249.0 246.0
21.4091 79.9505 21.9192 49.7327 38.8372 63.7037 37.021 57.6152 3.53878 
21.0 20.0 18.0 13.0 12.0
242.0 241.0 234.0 241.0 241.0 234.0 239.0 236.0 241.0 242.0 236.0 242.0
242.0 242.0 243.0 243.0 242.0 240.0 238.0 236.0 241.0 242.0 241.0 242.0
242.0 244.0 241.0 242.0 245.0 243.0 236.0 241.0 243.0 242.0 242.0 244.0
241.0 244.0 245.0 244.0 244.0 244.0 244.0 244.0 244.0 244.0 244.0 243.0
244.0 245.0 248.0 250.0 249.0 249.0 249.0 249.0 248.0 248.0 249.0 245.0
21.2728 79.8389 21.9192 50.2732 39.2248 64.0741 37.021 57.6152 3.53878 
21.0 20.0 18.0 13.0 11.0
242.0 240.0 233.0 241.0 241.0 234.0 239.0 236.0 241.0 241.0 236.0 242.0
243.0 242.0 243.0 243.0 242.0 240.0 237.0 235.0 241.0 243.0 241.0 242.0
242.0 244.0 241.0 241.0 245.0 242.0 237.0 241.0 243.0 243.0 241.0 244.0
241.0 243.0 244.0 245.0 244.0 244.0 244.0 244.0 244.0 244.0 244.0 243.0
244.0 245.0 247.0 250.0 249.0 249.0 250.0 249.0 248.0 249.0 250.0 245.0
21.2728 79.8389 21.9192 50.2732 39.2248 64.4444 37.021 57.6152 3.02857 
21.0 20.0 17.0 13.0 11.0
242.0 240.0 234.0 241.0 241.0 234.0 239.0 236.0 241.0 241.0 236.0 242.0
242.0 242.0 242.0 243.0 242.0 239.0 236.0 235.0 240.0 243.0 241.0 242.0
242.0 244.0 241.0 242.0 246.0 242.0 237.0 241.0 243.0 243.0 242.0 244.0
242.0 243.0 244.0 245.0 245.0 244.0 244.0 244.0 244.0 245.0 244.0 244.0
244.0 244.0 249.0 250.0 248.0 248.0 249.0 249.0 248.0 249.0 248.0 246.0
21.2728 79.9505 21.9192 50.2732 39.6124 64.0741 37.021 57.6152 3.02857 
21.0 20.0 18.0 13.0 11.0
242.0 240.0 234.0 241.0 241.0 233.0 239.0 236.0 241.0 241.0 236.0 242.0
242.0 242.0 242.0 243.0 242.0 240.0 235.0 235.0 240.0 243.0 241.0 242.0
242.0 244.0 242.0 242.0 245.0 242.0 237.0 241.0 243.0 242.0 242.0 244.0
242.0 243.0 245.0 245.0 245.0 244.0 245.0 244.0 244.0 244.0 244.0 243.0
244.0 244.0 249.0 249.0 249.0 248.0 250.0 249.0 247.0 249.0 248.0 244.0
21.2728 80.0621 21.9192 50.2732 39.6124 64.4444 37.021 57.6152 3.02857 
21.0 20.0 17.0 13.0 11.0
242.0 240.0 234.0 242.0 241.0 234.0 239.0 236.0 241.0 242.0 236.0 242.0
242.0 242.0 243.0 243.0 242.0 240.0 235.0 234.0 240.0 242.0 241.0 242.0
242.0 244.0 242.0 242.0 245.0 242.0 238.0 241.0 243.0 243.0 241.0 244.0
241.0 243.0 244.0 244.0 244.0 244.0 244.0 244.0 244.0 244.0 244.0 243.0
244.0 244.0 249.0 249.0 249.0 247.0 251.0 248.0 247.0 249.0 249.0 245.0
21.2728 80.0621 21.9192 50.2732 39.6124 65.1852 37.021 57.6152 3.02857 
21.0 21.0 17.0 13.0 11.0
242.0 240.0 233.0 242.0 241.0 234.0 239.0 236.0 242.0 241.0 236.0 242.0
242.0 242.0 242.0 243.0 242.0 240.0 234.0 234.0 240.0 243.0 241.0 242.0
242.0 244.0 241.0 242.0 245.0 243.0 238.0 241.0 243.0 242.0 242.0 243.0
242.0 243.0 245.0 244.0 244.0 245.0 245.0 244.0 244.0 245.0 244.0 243.0
244.0 244.0 249.0 249.0 248.0 249.0 249.0 249.0 247.0 248.0 249.0 245.0
