-10000
21 79.8389 14.6115 44.3273 33.4109 61.8519 36.6479 55.1256 5.06939 
19.0 17.0 18.0 14.0 11.0
242.0 240.0 236.0 242.0 241.0 239.0 241.0 239.0 242.0 242.0 238.0 241.0
242.0 243.0 243.0 243.0 242.0 242.0 243.0 238.0 242.0 242.0 242.0 242.0
241.0 244.0 241.0 242.0 245.0 242.0 237.0 240.0 243.0 242.0 242.0 244.0
241.0 243.0 245.0 245.0 244.0 244.0 245.0 244.0 244.0 245.0 244.0 243.0
244.0 244.0 249.0 250.0 249.0 248.0 250.0 249.0 248.0 249.0 247.0 245.0
21 79.8389 14.6115 45.4084 33.4109 61.8519 37.021 55.5405 5.06939 
19.0 17.0 20.0 14.0 12.0
242.0 240.0 236.0 242.0 241.0 238.0 241.0 239.0 242.0 242.0 238.0 241.0
242.0 242.0 243.0 243.0 242.0 242.0 243.0 238.0 242.0 242.0 242.0 242.0
242.0 244.0 241.0 242.0 246.0 241.0 236.0 240.0 243.0 243.0 242.0 244.0
242.0 244.0 244.0 245.0 244.0 244.0 245.0 244.0 244.0 244.0 244.0 244.0
244.0 244.0 248.0 248.0 249.0 249.0 249.0 249.0 247.0 249.0 250.0 245.0
21 79.9505 14.6115 47.03 34.5736 61.8519 37.021 55.9555 5.06939 
20.0 17.0 19.0 13.0 11.0
242.0 240.0 236.0 241.0 241.0 237.0 240.0 238.0 242.0 242.0 238.0 242.0
242.0 243.0 243.0 243.0 242.0 241.0 242.0 238.0 241.0 242.0 241.0 241.0
242.0 244.0 242.0 242.0 246.0 242.0 236.0 240.0 243.0 242.0 242.0 244.0
242.0 244.0 244.0 245.0 245.0 244.0 245.0 244.0 244.0 244.0 244.0 243.0
244.0 244.0 248.0 250.0 248.0 248.0 250.0 249.0 248.0 248.0 249.0 245.0
21.1364 79.9505 18.4577 47.03 35.7364 61.4815 37.021 55.9555 5.06939 
20.0 18.0 19.0 13.0 11.0
242.0 240.0 235.0 242.0 241.0 237.0 240.0 238.0 242.0 242.0 237.0 241.0
242.0 242.0 243.0 243.0 242.0 242.0 242.0 237.0 242.0 242.0 241.0 242.0
242.0 244.0 241.0 242.0 245.0 241.0 236.0 240.0 244.0 242.0 241.0 244.0
242.0 243.0 245.0 245.0 244.0 244.0 244.0 244.0 244.0 244.0 244.0 243.0
244.0 244.0 247.0 249.0 247.0 249.0 250.0 249.0 249.0 248.0 248.0 245.0
21.1364 79.8389 20.7654 48.1111 36.124 61.8519 37.021 56.3704 5.06939 
20.0 18.0 19.0 13.0 11.0
242.0 241.0 234.0 242.0 241.0 236.0 240.0 237.0 241.0 242.0 236.0 242.0
242.0 242.0 242.0 243.0 242.0 241.0 242.0 238.0 241.0 243.0 243.0 242.0
242.0 244.0 242.0 242.0 245.0 242.0 237.0 240.0 243.0 243.0 242.0 244.0
242.0 243.0 245.0 244.0 245.0 244.0 245.0 244.0 246.0 244.0 244.0 243.0
244.0 244.0 248.0 249.0 249.0 248.0 250.0 249.0 248.0 248.0 249.0 244.0
21 79.7273 21.9192 47.5705 37.2868 61.4815 37.021 56.3704 4.55918 
21.0 18.0 19.0 13.0 11.0
242.0 240.0 234.0 241.0 241.0 235.0 240.0 237.0 242.0 242.0 236.0 242.0
242.0 243.0 243.0 243.0 243.0 241.0 241.0 237.0 241.0 243.0 242.0 242.0
242.0 244.0 242.0 242.0 245.0 241.0 236.0 241.0 243.0 243.0 241.0 243.0
241.0 243.0 244.0 244.0 245.0 244.0 245.0 244.0 244.0 244.0 244.0 243.0
244.0 244.0 249.0 250.0 248.0 249.0 249.0 249.0 248.0 249.0 248.0 246.0
20.8637 79.6157 22.3038 48.1111 38.4496 61.8519 37.021 56.7854 4.55918 
21.0 17.0 18.0 13.0 11.0
242.0 241.0 234.0 242.0 241.0 235.0 239.0 237.0 242.0 241.0 237.0 242.0
242.0 243.0 243.0 243.0 242.0 242.0 241.0 237.0 241.0 243.0 242.0 242.0
242.0 244.0 241.0 242.0 244.0 241.0 236.0 240.0 243.0 242.0 241.0 244.0
242.0 243.0 244.0 245.0 244.0 244.0 244.0 244.0 244.0 244.0 244.0 243.0
243.0 245.0 248.0 249.0 248.0 249.0 250.0 249.0 247.0 247.0 249.0 245.0
20.8637 79.6157 22.3038 48.1111 38.4496 61.8519 37.021 56.3704 4.55918 
21.0 17.0 18.0 13.0 11.0
242.0 240.0 234.0 241.0 241.0 235.0 239.0 237.0 242.0 242.0 237.0 242.0
243.0 242.0 243.0 243.0 242.0 241.0 241.0 237.0 241.0 242.0 241.0 242.0
242.0 244.0 241.0 241.0 244.0 241.0 237.0 240.0 243.0 242.0 241.0 243.0
242.0 243.0 244.0 245.0 244.0 244.0 245.0 244.0 244.0 244.0 244.0 243.0
244.0 245.0 248.0 250.0 250.0 248.0 249.0 249.0 249.0 248.0 248.0 245.0
20.7273 79.7273 22.3038 48.6516 38.8372 61.8519 37.021 56.3704 4.55918 
21.0 19.0 18.0 13.0 11.0
242.0 240.0 234.0 242.0 241.0 235.0 239.0 237.0 242.0 241.0 237.0 242.0
242.0 243.0 243.0 243.0 242.0 241.0 239.0 236.0 241.0 242.0 241.0 242.0
242.0 244.0 241.0 241.0 245.0 241.0 237.0 240.0 243.0 243.0 241.0 244.0
242.0 243.0 244.0 244.0 244.0 244.0 245.0 244.0 244.0 244.0 244.0 243.0
244.0 244.0 248.0 249.0 248.0 249.0 249.0 249.0 248.0 249.0 249.0 246.0
20.8637 79.8389 22.3038 48.6516 38.8372 62.2222 37.021 56.7854 4.04898 
21.0 19.0 18.0 13.0 11.0
242.0 240.0 234.0 241.0 241.0 235.0 240.0 237.0 241.0 241.0 237.0 242.0
242.0 242.0 243.0 243.0 242.0 241.0 239.0 235.0 241.0 242.0 241.0 242.0
242.0 244.0 241.0 242.0 245.0 241.0 237.0 240.0 243.0 242.0 241.0 244.0
242.0 243.0 245.0 244.0 244.0 244.0 244.0 244.0 244.0 244.0 244.0 243.0
244.0 244.0 248.0 250.0 249.0 249.0 248.0 250.0 248.0 249.0 249.0 245.0
20.8637 79.8389 22.3038 48.6516 38.8372 62.963 37.021 56.7854 4.04898 
21.0 19.0 18.0 14.0 11.0
242.0 240.0 234.0 242.0 241.0 234.0 239.0 237.0 242.0 241.0 236.0 242.0
242.0 242.0 243.0 243.0 242.0 241.0 238.0 236.0 241.0 242.0 241.0 242.0
242.0 244.0 241.0 241.0 245.0 241.0 237.0 241.0 243.0 242.0 241.0 244.0
242.0 243.0 244.0 245.0 245.0 244.0 244.0 244.0 244.0 244.0 244.0 243.0
244.0 245.0 248.0 249.0 248.0 248.0 250.0 249.0 248.0 249.0 249.0 246.0
20.8637 79.8389 22.3038 49.1922 38.8372 64.0741 37.021 56.7854 4.04898 
22.0 19.0 18.0 13.0 11.0
242.0 240.0 234.0 241.0 241.0 235.0 239.0 236.0 241.0 242.0 236.0 242.0
243.0 243.0 243.0 243.0 242.0 240.0 237.0 235.0 240.0 242.0 241.0 242.0
242.0 244.0 241.0 242.0 245.0 241.0 237.0 240.0 243.0 242.0 241.0 243.0
242.0 243.0 245.0 245.0 245.0 244.0 245.0 244.0 244.0 245.0 244.0 243.0
243.0 245.0 249.0 249.0 249.0 248.0 251.0 249.0 247.0 249.0 249.0 245.0
20.7273 79.8389 22.3038 50.2732 39.2248 64.0741 37.021 57.2003 3.53878 
22.0 20.0 18.0 14.0 11.0
242.0 240.0 233.0 241.0 241.0 234.0 240.0 236.0 241.0 241.0 236.0 242.0
242.0 242.0 243.0 243.0 242.0 240.0 235.0 235.0 240.0 243.0 241.0 242.0
242.0 244.0 241.0 242.0 245.0 242.0 238.0 240.0 243.0 242.0 242.0 243.0
242.0 243.0 245.0 245.0 244.0 244.0 245.0 244.0 244.0 244.0 244.0 243.0
244.0 244.0 248.0 250.0 247.0 249.0 250.0 249.0 248.0 248.0 249.0 244.0
20.7273 79.8389 21.9192 50.8138 39.2248 64.0741 37.021 56.7854 3.53878 
22.0 21.0 17.0 13.0 12.0
242.0 240.0 234.0 241.0 241.0 234.0 239.0 236.0 242.0 241.0 236.0 242.0
242.0 243.0 242.0 243.0 242.0 240.0 235.0 235.0 240.0 243.0 241.0 242.0
242.0 244.0 241.0 241.0 245.0 241.0 238.0 240.0 243.0 242.0 241.0 244.0
242.0 243.0 245.0 245.0 245.0 244.0 245.0 244.0 244.0 244.0 244.0 244.0
244.0 244.0 248.0 249.0 248.0 248.0 250.0 249.0 248.0 248.0 249.0 245.0
20.7273 79.8389 21.9192 50.2732 39.6124 64.0741 37.021 56.7854 3.53878 
22.0 20.0 17.0 13.0 11.0
242.0 240.0 233.0 241.0 241.0 234.0 239.0 236.0 241.0 241.0 236.0 242.0
242.0 243.0 243.0 242.0 242.0 240.0 235.0 235.0 240.0 242.0 240.0 242.0
242.0 244.0 241.0 242.0 244.0 242.0 238.0 240.0 243.0 242.0 241.0 244.0
241.0 243.0 244.0 245.0 244.0 244.0 245.0 244.0 244.0 245.0 244.0 243.0
244.0 245.0 248.0 249.0 248.0 248.0 250.0 248.0 248.0 247.0 249.0 244.0
20.8637 79.9505 21.9192 50.2732 39.6124 64.4444 37.021 57.2003 3.53878 
22.0 21.0 17.0 13.0 11.0
242.0 240.0 233.0 241.0 241.0 234.0 239.0 237.0 241.0 241.0 236.0 242.0
242.0 242.0 242.0 243.0 242.0 240.0 234.0 234.0 240.0 242.0 241.0 241.0
242.0 244.0 241.0 242.0 245.0 241.0 238.0 240.0 243.0 242.0 241.0 243.0
242.0 243.0 245.0 245.0 245.0 244.0 244.0 244.0 244.0 245.0 244.0 243.0
243.0 245.0 248.0 249.0 248.0 249.0 250.0 249.0 248.0 249.0 249.0 245.0
20.8637 80.0621 22.3038 50.8138 39.6124 64.8148 37.021 57.2003 3.53878 
22.0 22.0 17.0 13.0 11.0
242.0 240.0 234.0 241.0 241.0 234.0 240.0 236.0 241.0 241.0 236.0 242.0
242.0 243.0 243.0 242.0 242.0 239.0 233.0 234.0 240.0 242.0 241.0 242.0
242.0 244.0 241.0 242.0 245.0 241.0 238.0 241.0 243.0 242.0 241.0 244.0
242.0 244.0 244.0 245.0 245.0 244.0 244.0 244.0 244.0 244.0 245.0 243.0
244.0 244.0 249.0 250.0 248.0 250.0 250.0 249.0 248.0 248.0 248.0 246.0
