-10000
21.4091 79.5041 14.6115 47.5705 33.4109 57.7778 37.021 55.9555 4.55918 
19.0 16.0 17.0 13.0 11.0
242.0 241.0 236.0 242.0 241.0 237.0 240.0 238.0 242.0 241.0 238.0 242.0
242.0 243.0 243.0 243.0 242.0 242.0 244.0 239.0 243.0 243.0 242.0 242.0
242.0 244.0 243.0 243.0 247.0 243.0 238.0 241.0 244.0 243.0 243.0 244.0
242.0 244.0 245.0 244.0 245.0 245.0 245.0 244.0 244.0 244.0 244.0 243.0
244.0 245.0 248.0 251.0 249.0 249.0 250.0 249.0 249.0 249.0 250.0 247.0
21.2728 79.5041 17.3038 48.1111 33.4109 58.1481 37.021 56.3704 4.55918 
19.0 16.0 18.0 14.0 11.0
242.0 241.0 235.0 242.0 241.0 237.0 239.0 238.0 242.0 242.0 238.0 242.0
243.0 243.0 244.0 244.0 243.0 242.0 244.0 239.0 243.0 243.0 242.0 243.0
243.0 244.0 242.0 242.0 246.0 242.0 237.0 241.0 244.0 243.0 243.0 244.0
241.0 243.0 245.0 245.0 244.0 245.0 245.0 244.0 244.0 244.0 244.0 244.0
244.0 245.0 249.0 250.0 249.0 249.0 251.0 250.0 248.0 249.0 249.0 246.0
21.2728 79.3925 20.3808 48.1111 33.4109 58.8889 37.021 56.3704 4.04898 
20.0 16.0 18.0 13.0 11.0
242.0 241.0 235.0 242.0 241.0 237.0 240.0 237.0 242.0 241.0 237.0 242.0
243.0 243.0 243.0 243.0 242.0 241.0 244.0 238.0 242.0 243.0 242.0 243.0
242.0 244.0 242.0 243.0 246.0 243.0 237.0 241.0 244.0 244.0 243.0 244.0
242.0 243.0 244.0 245.0 244.0 244.0 245.0 244.0 244.0 244.0 245.0 244.0
244.0 245.0 248.0 250.0 248.0 249.0 250.0 250.0 249.0 249.0 249.0 246.0
21.2728 79.3925 21.5346 48.6516 34.186 59.6296 37.021 56.3704 4.04898 
20.0 17.0 18.0 13.0 11.0
242.0 241.0 235.0 242.0 241.0 236.0 240.0 236.0 242.0 241.0 237.0 242.0
243.0 244.0 244.0 243.0 242.0 242.0 244.0 238.0 242.0 243.0 242.0 243.0
242.0 244.0 243.0 243.0 246.0 242.0 237.0 241.0 244.0 244.0 243.0 244.0
242.0 244.0 245.0 245.0 245.0 244.0 245.0 244.0 244.0 245.0 244.0 243.0
244.0 245.0 249.0 250.0 249.0 248.0 250.0 251.0 248.0 249.0 249.0 246.0
21.4091 79.5041 22.3038 48.6516 34.9612 60 37.021 56.7854 4.04898 
20.0 17.0 18.0 13.0 11.0
242.0 241.0 235.0 242.0 241.0 236.0 240.0 237.0 242.0 242.0 237.0 242.0
243.0 244.0 243.0 243.0 243.0 242.0 244.0 238.0 242.0 243.0 242.0 243.0
243.0 244.0 242.0 243.0 247.0 243.0 238.0 241.0 244.0 243.0 243.0 244.0
241.0 243.0 245.0 245.0 244.0 244.0 245.0 244.0 244.0 245.0 244.0 243.0
244.0 245.0 248.0 250.0 249.0 250.0 250.0 250.0 248.0 249.0 249.0 245.0
21.4091 79.5041 22.3038 48.6516 35.7364 60.3704 37.021 56.7854 4.04898 
20.0 17.0 18.0 13.0 11.0
243.0 241.0 235.0 242.0 241.0 236.0 240.0 236.0 242.0 241.0 237.0 242.0
243.0 243.0 244.0 243.0 242.0 241.0 244.0 237.0 242.0 243.0 242.0 243.0
243.0 244.0 242.0 242.0 246.0 242.0 237.0 242.0 244.0 243.0 243.0 244.0
242.0 243.0 245.0 245.0 244.0 245.0 245.0 244.0 244.0 245.0 244.0 243.0
244.0 246.0 248.0 250.0 249.0 248.0 250.0 249.0 248.0 249.0 249.0 245.0
21.4091 79.5041 22.3038 48.6516 36.124 60.3704 37.021 56.7854 4.04898 
21.0 18.0 17.0 13.0 12.0
242.0 241.0 235.0 242.0 241.0 235.0 240.0 237.0 241.0 242.0 237.0 242.0
243.0 243.0 243.0 243.0 243.0 242.0 243.0 237.0 242.0 243.0 242.0 243.0
243.0 244.0 242.0 242.0 246.0 243.0 238.0 241.0 244.0 243.0 244.0 244.0
242.0 243.0 244.0 244.0 244.0 244.0 244.0 244.0 244.0 244.0 244.0 243.0
244.0 244.0 250.0 250.0 249.0 249.0 250.0 249.0 248.0 249.0 249.0 244.0
21.2728 79.5041 22.3038 49.1922 36.8992 60.3704 37.021 56.7854 3.53878 
20.0 20.0 17.0 13.0 11.0
243.0 241.0 235.0 242.0 241.0 235.0 239.0 236.0 241.0 241.0 236.0 242.0
242.0 243.0 244.0 243.0 242.0 240.0 242.0 235.0 241.0 243.0 241.0 241.0
243.0 244.0 242.0 242.0 246.0 242.0 238.0 241.0 244.0 243.0 243.0 244.0
242.0 243.0 244.0 245.0 245.0 244.0 245.0 244.0 244.0 245.0 244.0 243.0
244.0 244.0 249.0 249.0 249.0 249.0 250.0 249.0 248.0 249.0 250.0 245.0
21.2728 79.6157 22.3038 49.1922 36.8992 60.7407 37.021 56.7854 3.53878 
21.0 20.0 17.0 13.0 11.0
242.0 241.0 234.0 242.0 241.0 235.0 240.0 236.0 241.0 241.0 236.0 242.0
242.0 242.0 242.0 243.0 242.0 240.0 241.0 235.0 241.0 244.0 241.0 242.0
242.0 244.0 242.0 242.0 246.0 242.0 239.0 242.0 244.0 243.0 243.0 244.0
242.0 244.0 245.0 245.0 244.0 245.0 245.0 245.0 244.0 244.0 244.0 244.0
244.0 244.0 248.0 250.0 249.0 248.0 250.0 249.0 249.0 250.0 248.0 246.0
21.2728 79.6157 22.3038 49.1922 37.2868 61.1111 37.021 56.7854 3.53878 
21.0 21.0 17.0 13.0 11.0
242.0 241.0 234.0 242.0 241.0 235.0 239.0 236.0 241.0 241.0 237.0 242.0
242.0 243.0 243.0 243.0 242.0 240.0 240.0 235.0 241.0 244.0 240.0 242.0
242.0 244.0 243.0 242.0 246.0 242.0 238.0 241.0 244.0 243.0 243.0 244.0
242.0 243.0 245.0 245.0 244.0 244.0 245.0 244.0 244.0 245.0 244.0 243.0
244.0 244.0 249.0 250.0 249.0 248.0 251.0 249.0 248.0 249.0 250.0 245.0
21.2728 79.8389 22.3038 49.1922 38.062 61.4815 37.021 57.2003 3.02857 
21.0 21.0 17.0 13.0 11.0
242.0 241.0 235.0 242.0 241.0 234.0 240.0 236.0 241.0 241.0 236.0 242.0
242.0 242.0 242.0 243.0 242.0 240.0 239.0 234.0 241.0 243.0 241.0 242.0
242.0 244.0 242.0 243.0 246.0 243.0 239.0 241.0 244.0 243.0 243.0 244.0
242.0 243.0 244.0 245.0 245.0 244.0 245.0 244.0 244.0 244.0 244.0 244.0
244.0 244.0 249.0 250.0 249.0 249.0 250.0 249.0 248.0 250.0 249.0 245.0
21.2728 79.9505 22.3038 49.7327 37.6744 62.5926 37.021 57.2003 3.02857 
21.0 21.0 16.0 13.0 11.0
242.0 241.0 235.0 241.0 241.0 234.0 239.0 236.0 242.0 241.0 236.0 242.0
242.0 243.0 242.0 242.0 242.0 239.0 238.0 234.0 241.0 243.0 241.0 241.0
242.0 244.0 242.0 242.0 246.0 243.0 239.0 242.0 244.0 243.0 243.0 244.0
242.0 243.0 245.0 245.0 245.0 244.0 245.0 244.0 244.0 245.0 244.0 243.0
244.0 244.0 249.0 250.0 250.0 250.0 250.0 250.0 248.0 249.0 248.0 246.0
