-10000
21.1364 79.9505 15.3808 44.3273 33.4109 61.8519 36.6479 56.3704 5.06939 
19.0 17.0 18.0 13.0 11.0
242.0 240.0 236.0 242.0 241.0 238.0 240.0 239.0 242.0 242.0 239.0 241.0
242.0 243.0 243.0 243.0 242.0 242.0 244.0 238.0 242.0 242.0 241.0 242.0
242.0 244.0 242.0 243.0 246.0 242.0 238.0 242.0 243.0 243.0 243.0 244.0
241.0 243.0 245.0 244.0 244.0 244.0 245.0 244.0 244.0 244.0 244.0 243.0
244.0 245.0 249.0 249.0 248.0 249.0 250.0 250.0 249.0 250.0 249.0 246.0
20.4546 79.8389 15.3808 44.3273 33.7984 61.8519 37.3942 56.3704 5.06939 
19.0 17.0 18.0 13.0 11.0
243.0 240.0 236.0 242.0 241.0 238.0 241.0 238.0 242.0 242.0 238.0 241.0
242.0 243.0 243.0 243.0 243.0 242.0 244.0 238.0 242.0 242.0 241.0 241.0
243.0 244.0 242.0 243.0 246.0 242.0 236.0 241.0 244.0 243.0 243.0 244.0
242.0 243.0 244.0 244.0 245.0 245.0 245.0 244.0 244.0 244.0 244.0 243.0
243.0 244.0 249.0 249.0 249.0 250.0 249.0 249.0 249.0 249.0 249.0 245.0
19.7728 79.8389 16.5346 45.4084 33.7984 61.8519 37.7673 56.3704 5.06939 
19.0 17.0 18.0 13.0 12.0
242.0 240.0 236.0 242.0 241.0 237.0 240.0 239.0 242.0 242.0 238.0 241.0
242.0 242.0 244.0 243.0 243.0 242.0 243.0 238.0 242.0 243.0 241.0 242.0
242.0 244.0 242.0 242.0 246.0 242.0 237.0 242.0 244.0 243.0 243.0 244.0
242.0 243.0 245.0 244.0 245.0 244.0 245.0 244.0 244.0 244.0 244.0 243.0
243.0 244.0 249.0 249.0 249.0 249.0 249.0 250.0 248.0 249.0 249.0 245.0
19.6364 79.8389 19.9962 46.4895 33.7984 61.8519 37.7673 56.7854 4.55918 
20.0 17.0 18.0 13.0 11.0
242.0 241.0 235.0 242.0 241.0 237.0 240.0 238.0 242.0 241.0 237.0 242.0
242.0 243.0 243.0 243.0 242.0 242.0 243.0 239.0 242.0 242.0 241.0 242.0
242.0 244.0 242.0 242.0 245.0 242.0 236.0 241.0 244.0 243.0 242.0 244.0
242.0 243.0 244.0 245.0 246.0 244.0 245.0 244.0 244.0 244.0 244.0 243.0
244.0 244.0 248.0 249.0 249.0 250.0 250.0 249.0 248.0 248.0 249.0 245.0
19.9091 79.8389 21.5346 46.4895 35.3488 61.8519 37.7673 56.7854 4.55918 
20.0 17.0 18.0 13.0 11.0
242.0 240.0 234.0 242.0 241.0 236.0 240.0 237.0 242.0 241.0 237.0 242.0
242.0 242.0 243.0 243.0 242.0 242.0 243.0 238.0 242.0 243.0 241.0 242.0
242.0 244.0 243.0 243.0 246.0 242.0 237.0 242.0 244.0 243.0 243.0 244.0
242.0 243.0 245.0 245.0 244.0 244.0 245.0 244.0 244.0 244.0 244.0 243.0
244.0 245.0 248.0 250.0 248.0 249.0 249.0 249.0 249.0 249.0 249.0 245.0
19.9091 79.8389 22.3038 46.4895 36.5116 61.8519 37.7673 57.2003 4.55918 
21.0 18.0 19.0 13.0 11.0
243.0 240.0 234.0 242.0 241.0 236.0 240.0 237.0 241.0 242.0 237.0 242.0
242.0 243.0 243.0 243.0 242.0 242.0 243.0 238.0 241.0 243.0 241.0 242.0
242.0 244.0 242.0 242.0 246.0 242.0 237.0 241.0 244.0 243.0 242.0 244.0
242.0 243.0 244.0 245.0 244.0 244.0 245.0 244.0 244.0 244.0 244.0 243.0
244.0 245.0 249.0 250.0 248.0 249.0 250.0 249.0 247.0 250.0 249.0 245.0
19.9091 79.8389 22.6885 47.03 37.6744 61.8519 37.7673 57.2003 4.55918 
21.0 18.0 18.0 14.0 11.0
242.0 240.0 234.0 242.0 241.0 235.0 240.0 237.0 242.0 242.0 236.0 242.0
243.0 243.0 243.0 243.0 243.0 242.0 242.0 237.0 241.0 243.0 241.0 243.0
242.0 244.0 242.0 242.0 246.0 242.0 238.0 241.0 244.0 243.0 243.0 244.0
242.0 243.0 244.0 244.0 245.0 245.0 245.0 244.0 244.0 245.0 244.0 243.0
244.0 244.0 249.0 250.0 248.0 249.0 249.0 249.0 247.0 249.0 249.0 245.0
20.1819 79.7273 22.3038 47.5705 37.6744 61.8519 37.7673 56.7854 4.04898 
21.0 18.0 17.0 13.0 12.0
242.0 241.0 235.0 241.0 241.0 235.0 239.0 238.0 241.0 242.0 236.0 242.0
242.0 243.0 243.0 243.0 242.0 241.0 242.0 237.0 241.0 243.0 241.0 242.0
242.0 244.0 242.0 242.0 246.0 242.0 237.0 241.0 244.0 243.0 242.0 244.0
242.0 243.0 244.0 245.0 245.0 244.0 245.0 245.0 244.0 245.0 244.0 243.0
243.0 244.0 249.0 249.0 249.0 249.0 250.0 250.0 247.0 249.0 249.0 246.0
20.591 79.7273 22.3038 48.1111 38.062 62.2222 37.7673 57.2003 4.04898 
21.0 19.0 17.0 13.0 11.0
242.0 240.0 235.0 242.0 241.0 235.0 240.0 237.0 241.0 242.0 237.0 242.0
242.0 242.0 243.0 243.0 242.0 241.0 240.0 236.0 241.0 243.0 241.0 242.0
242.0 244.0 242.0 242.0 246.0 242.0 238.0 241.0 244.0 244.0 242.0 244.0
242.0 243.0 245.0 245.0 244.0 244.0 245.0 244.0 244.0 244.0 244.0 243.0
244.0 245.0 248.0 250.0 250.0 248.0 251.0 250.0 247.0 249.0 249.0 245.0
21.1364 79.8389 22.3038 48.6516 38.4496 62.2222 37.7673 57.2003 3.53878 
21.0 19.0 18.0 13.0 11.0
242.0 240.0 234.0 241.0 241.0 235.0 239.0 237.0 241.0 241.0 236.0 242.0
242.0 243.0 243.0 243.0 242.0 240.0 240.0 235.0 241.0 243.0 241.0 242.0
242.0 244.0 242.0 242.0 246.0 242.0 237.0 241.0 244.0 243.0 242.0 244.0
242.0 243.0 245.0 244.0 244.0 244.0 244.0 244.0 244.0 244.0 244.0 243.0
244.0 244.0 248.0 249.0 249.0 248.0 250.0 249.0 248.0 250.0 249.0 245.0
21.2728 79.8389 22.3038 49.1922 38.4496 62.963 37.7673 57.2003 3.53878 
21.0 19.0 18.0 13.0 11.0
242.0 240.0 234.0 242.0 241.0 235.0 239.0 237.0 241.0 241.0 236.0 242.0
242.0 243.0 243.0 243.0 241.0 241.0 240.0 236.0 241.0 243.0 241.0 242.0
243.0 244.0 242.0 242.0 246.0 243.0 237.0 241.0 244.0 243.0 242.0 244.0
241.0 243.0 244.0 245.0 245.0 244.0 244.0 244.0 244.0 244.0 244.0 243.0
244.0 245.0 248.0 249.0 248.0 249.0 250.0 250.0 248.0 249.0 250.0 245.0
21.2728 79.9505 22.3038 49.7327 38.4496 64.0741 37.7673 57.2003 3.02857 
21.0 19.0 18.0 13.0 11.0
242.0 241.0 234.0 242.0 241.0 234.0 239.0 237.0 242.0 241.0 236.0 242.0
242.0 242.0 242.0 243.0 242.0 240.0 239.0 236.0 240.0 243.0 241.0 241.0
242.0 244.0 242.0 242.0 246.0 243.0 238.0 241.0 243.0 243.0 243.0 244.0
242.0 243.0 244.0 245.0 245.0 244.0 245.0 244.0 244.0 245.0 244.0 244.0
244.0 244.0 249.0 250.0 248.0 248.0 250.0 250.0 247.0 250.0 249.0 245.0
21.4091 80.0621 22.3038 49.7327 38.8372 63.7037 37.7673 57.6152 3.02857 
22.0 19.0 17.0 13.0 12.0
242.0 240.0 234.0 242.0 241.0 234.0 240.0 236.0 241.0 242.0 236.0 242.0
242.0 243.0 243.0 243.0 242.0 240.0 237.0 235.0 241.0 242.0 241.0 241.0
242.0 244.0 241.0 242.0 246.0 243.0 238.0 241.0 243.0 243.0 242.0 244.0
242.0 243.0 245.0 245.0 245.0 244.0 244.0 244.0 244.0 245.0 244.0 243.0
244.0 244.0 249.0 250.0 249.0 248.0 250.0 250.0 248.0 249.0 250.0 245.0
21.4091 80.0621 22.3038 50.2732 39.2248 63.7037 37.7673 57.2003 3.02857 
21.0 20.0 16.0 13.0 11.0
242.0 240.0 234.0 241.0 241.0 233.0 239.0 236.0 241.0 241.0 236.0 242.0
242.0 243.0 242.0 243.0 242.0 239.0 237.0 235.0 240.0 243.0 241.0 242.0
242.0 244.0 242.0 242.0 246.0 243.0 238.0 241.0 244.0 243.0 242.0 244.0
241.0 243.0 245.0 244.0 245.0 244.0 245.0 244.0 244.0 244.0 244.0 243.0
244.0 244.0 248.0 249.0 249.0 249.0 249.0 249.0 247.0 249.0 249.0 245.0
21.2728 79.9505 22.3038 50.2732 39.2248 64.0741 37.7673 57.6152 3.02857 
22.0 20.0 17.0 13.0 11.0
242.0 241.0 233.0 241.0 241.0 233.0 239.0 237.0 241.0 242.0 236.0 242.0
242.0 242.0 242.0 243.0 242.0 239.0 236.0 235.0 240.0 242.0 241.0 242.0
242.0 244.0 242.0 242.0 246.0 242.0 238.0 242.0 243.0 243.0 242.0 244.0
242.0 243.0 244.0 245.0 245.0 244.0 245.0 244.0 244.0 244.0 244.0 243.0
244.0 244.0 248.0 249.0 249.0 249.0 250.0 249.0 248.0 249.0 248.0 245.0
21.2728 79.9505 22.3038 50.2732 39.2248 64.4444 37.7673 57.6152 3.02857 
21.0 20.0 18.0 14.0 12.0
242.0 240.0 233.0 241.0 241.0 233.0 239.0 236.0 242.0 241.0 236.0 242.0
242.0 243.0 242.0 243.0 242.0 239.0 235.0 235.0 240.0 242.0 241.0 242.0
242.0 244.0 242.0 242.0 246.0 243.0 238.0 241.0 243.0 242.0 242.0 244.0
242.0 243.0 244.0 245.0 245.0 244.0 245.0 245.0 244.0 245.0 245.0 243.0
244.0 244.0 248.0 250.0 248.0 249.0 251.0 250.0 248.0 248.0 250.0 245.0
21.2728 80.0621 21.9192 50.2732 40 64.4444 37.7673 57.6152 2.51837 
22.0 21.0 17.0 14.0 11.0
242.0 240.0 233.0 242.0 241.0 234.0 239.0 236.0 242.0 241.0 236.0 242.0
242.0 243.0 242.0 243.0 242.0 239.0 233.0 234.0 240.0 243.0 240.0 242.0
242.0 244.0 241.0 242.0 246.0 242.0 238.0 241.0 243.0 243.0 242.0 244.0
241.0 243.0 244.0 244.0 244.0 244.0 245.0 244.0 244.0 244.0 244.0 243.0
244.0 244.0 249.0 249.0 248.0 249.0 250.0 249.0 248.0 249.0 249.0 245.0
