-10000
20.7273 79.6157 14.9962 44.8678 34.5736 61.4815 37.7673 54.2957 2.51837 
19.0 17.0 16.0 13.0 11.0
242.0 240.0 237.0 242.0 241.0 238.0 240.0 239.0 242.0 242.0 239.0 241.0
242.0 243.0 243.0 243.0 242.0 241.0 244.0 238.0 242.0 242.0 241.0 241.0
243.0 245.0 244.0 243.0 247.0 243.0 238.0 242.0 244.0 244.0 244.0 244.0
242.0 243.0 245.0 245.0 245.0 245.0 245.0 245.0 244.0 244.0 244.0 243.0
244.0 244.0 249.0 250.0 248.0 250.0 251.0 249.0 249.0 250.0 249.0 246.0
20.3182 79.6157 14.9962 45.9489 35.3488 61.4815 37.7673 55.1256 2.51837 
18.0 17.0 18.0 13.0 11.0
242.0 240.0 236.0 242.0 241.0 238.0 240.0 238.0 242.0 242.0 239.0 240.0
243.0 244.0 243.0 243.0 243.0 242.0 244.0 238.0 242.0 243.0 242.0 243.0
242.0 245.0 243.0 243.0 248.0 243.0 237.0 242.0 244.0 244.0 244.0 244.0
242.0 244.0 245.0 245.0 245.0 244.0 245.0 244.0 244.0 244.0 244.0 244.0
244.0 245.0 249.0 250.0 249.0 248.0 250.0 250.0 249.0 249.0 249.0 246.0
20.1819 79.6157 16.9192 47.03 36.5116 61.4815 37.7673 55.1256 2.51837 
19.0 18.0 18.0 13.0 11.0
242.0 240.0 236.0 242.0 241.0 238.0 241.0 238.0 242.0 242.0 238.0 241.0
242.0 242.0 243.0 243.0 242.0 242.0 244.0 237.0 242.0 243.0 242.0 242.0
243.0 245.0 244.0 244.0 248.0 243.0 237.0 242.0 244.0 244.0 244.0 244.0
242.0 243.0 245.0 245.0 245.0 244.0 245.0 244.0 244.0 245.0 245.0 243.0
244.0 244.0 248.0 249.0 249.0 250.0 251.0 249.0 248.0 250.0 250.0 245.0
20.0455 79.6157 19.6115 47.5705 36.5116 61.1111 37.7673 55.9555 2.00816 
20.0 18.0 18.0 13.0 11.0
242.0 240.0 235.0 242.0 241.0 237.0 240.0 237.0 242.0 242.0 237.0 241.0
242.0 243.0 243.0 243.0 242.0 242.0 242.0 237.0 242.0 243.0 241.0 243.0
242.0 244.0 244.0 243.0 248.0 244.0 238.0 242.0 244.0 244.0 244.0 244.0
242.0 243.0 245.0 245.0 245.0 244.0 245.0 244.0 244.0 244.0 244.0 243.0
243.0 245.0 249.0 250.0 249.0 250.0 250.0 250.0 249.0 249.0 249.0 246.0
20.0455 79.7273 20.7654 48.1111 37.2868 60.7407 37.7673 55.9555 2.00816 
20.0 19.0 16.0 13.0 11.0
242.0 240.0 234.0 242.0 241.0 236.0 240.0 237.0 242.0 241.0 237.0 241.0
243.0 242.0 243.0 243.0 242.0 241.0 241.0 236.0 241.0 243.0 241.0 241.0
243.0 244.0 243.0 243.0 248.0 243.0 238.0 242.0 244.0 243.0 244.0 244.0
242.0 243.0 245.0 245.0 245.0 244.0 245.0 244.0 244.0 244.0 244.0 243.0
244.0 244.0 249.0 250.0 249.0 249.0 251.0 249.0 249.0 250.0 250.0 246.0
20.7273 79.7273 21.5346 48.1111 37.2868 61.1111 37.7673 55.9555 2.00816 
21.0 19.0 17.0 13.0 11.0
242.0 239.0 234.0 241.0 241.0 236.0 240.0 237.0 241.0 241.0 236.0 241.0
242.0 243.0 244.0 243.0 242.0 240.0 241.0 236.0 241.0 243.0 241.0 242.0
243.0 245.0 244.0 244.0 248.0 244.0 239.0 242.0 244.0 243.0 244.0 244.0
242.0 244.0 245.0 245.0 245.0 244.0 245.0 244.0 244.0 244.0 244.0 243.0
244.0 245.0 249.0 251.0 249.0 250.0 250.0 250.0 248.0 249.0 249.0 246.0
20.8637 79.7273 21.9192 47.5705 37.2868 61.1111 37.7673 55.9555 2.00816 
21.0 20.0 17.0 13.0 11.0
242.0 239.0 234.0 241.0 241.0 236.0 239.0 237.0 241.0 241.0 236.0 241.0
242.0 242.0 243.0 243.0 242.0 241.0 241.0 235.0 241.0 243.0 241.0 242.0
242.0 245.0 243.0 244.0 247.0 244.0 238.0 242.0 244.0 243.0 244.0 244.0
242.0 243.0 245.0 245.0 245.0 244.0 245.0 244.0 244.0 245.0 244.0 244.0
244.0 244.0 249.0 249.0 248.0 249.0 250.0 249.0 248.0 250.0 249.0 246.0
20.8637 79.7273 21.9192 48.6516 37.6744 61.4815 38.1404 56.3704 2.00816 
21.0 21.0 16.0 13.0 11.0
242.0 239.0 234.0 242.0 241.0 236.0 240.0 237.0 241.0 242.0 237.0 241.0
242.0 242.0 243.0 243.0 242.0 240.0 240.0 235.0 241.0 243.0 241.0 242.0
243.0 245.0 244.0 244.0 248.0 244.0 239.0 242.0 244.0 244.0 244.0 244.0
242.0 243.0 245.0 245.0 245.0 244.0 245.0 244.0 244.0 245.0 244.0 243.0
244.0 244.0 249.0 250.0 249.0 248.0 251.0 250.0 249.0 249.0 249.0 246.0
20.8637 79.6157 21.9192 48.6516 37.6744 62.2222 38.1404 55.9555 2.00816 
21.0 21.0 17.0 13.0 11.0
242.0 240.0 234.0 241.0 241.0 235.0 240.0 237.0 241.0 241.0 236.0 242.0
243.0 243.0 243.0 243.0 242.0 241.0 238.0 234.0 241.0 243.0 241.0 242.0
243.0 244.0 243.0 244.0 248.0 244.0 239.0 243.0 244.0 244.0 244.0 244.0
242.0 243.0 245.0 245.0 244.0 245.0 244.0 244.0 244.0 245.0 244.0 244.0
244.0 245.0 248.0 250.0 249.0 249.0 250.0 250.0 248.0 249.0 249.0 246.0
20.8637 79.6157 21.9192 49.1922 37.6744 62.5926 38.1404 55.9555 1.49796 
21.0 22.0 17.0 13.0 11.0
242.0 239.0 234.0 241.0 241.0 235.0 239.0 237.0 241.0 241.0 237.0 241.0
243.0 243.0 242.0 243.0 242.0 240.0 238.0 233.0 240.0 243.0 241.0 242.0
242.0 245.0 243.0 243.0 248.0 244.0 239.0 242.0 244.0 244.0 244.0 244.0
242.0 243.0 245.0 245.0 245.0 244.0 245.0 244.0 244.0 245.0 244.0 243.0
244.0 245.0 249.0 250.0 249.0 250.0 250.0 250.0 249.0 250.0 249.0 246.0
21.2728 79.7273 21.9192 49.1922 38.062 62.5926 38.1404 56.3704 1.49796 
20.0 20.0 15.0 13.0 11.0
242.0 239.0 234.0 242.0 241.0 235.0 239.0 237.0 241.0 241.0 237.0 241.0
242.0 243.0 243.0 243.0 242.0 239.0 237.0 234.0 240.0 243.0 241.0 242.0
243.0 244.0 243.0 244.0 248.0 244.0 238.0 242.0 244.0 243.0 244.0 244.0
242.0 243.0 245.0 244.0 245.0 245.0 245.0 244.0 244.0 244.0 244.0 244.0
244.0 244.0 249.0 250.0 248.0 249.0 249.0 249.0 248.0 250.0 249.0 246.0
21.2728 79.8389 21.9192 49.7327 38.8372 62.963 38.1404 56.3704 1.49796 
21.0 22.0 15.0 13.0 11.0
242.0 239.0 234.0 241.0 241.0 234.0 239.0 236.0 242.0 241.0 236.0 241.0
242.0 243.0 243.0 243.0 242.0 238.0 235.0 233.0 240.0 243.0 241.0 241.0
243.0 245.0 243.0 244.0 248.0 244.0 239.0 242.0 244.0 244.0 244.0 244.0
242.0 243.0 245.0 245.0 245.0 244.0 245.0 244.0 244.0 244.0 245.0 244.0
243.0 245.0 249.0 250.0 249.0 248.0 251.0 250.0 249.0 249.0 249.0 246.0
21.4091 79.9505 21.9192 50.2732 39.2248 62.5926 38.5136 56.3704 0.987755 
22.0 22.0 15.0 13.0 11.0
242.0 239.0 233.0 241.0 241.0 234.0 239.0 237.0 241.0 241.0 236.0 241.0
242.0 242.0 242.0 243.0 242.0 238.0 233.0 233.0 240.0 243.0 240.0 242.0
243.0 244.0 243.0 243.0 248.0 244.0 239.0 242.0 244.0 244.0 243.0 244.0
242.0 244.0 245.0 245.0 245.0 244.0 245.0 245.0 244.0 245.0 244.0 244.0
244.0 244.0 249.0 250.0 250.0 249.0 250.0 249.0 248.0 250.0 249.0 245.0
21.4091 79.9505 21.9192 50.2732 39.6124 62.5926 38.5136 56.7854 0.987755 
22.0 23.0 15.0 13.0 11.0
242.0 240.0 234.0 242.0 241.0 234.0 239.0 236.0 241.0 241.0 236.0 242.0
242.0 243.0 242.0 243.0 242.0 239.0 233.0 233.0 240.0 243.0 241.0 242.0
243.0 245.0 243.0 243.0 247.0 244.0 240.0 242.0 244.0 243.0 243.0 244.0
241.0 243.0 244.0 245.0 245.0 244.0 245.0 244.0 244.0 245.0 244.0 243.0
244.0 245.0 249.0 250.0 249.0 249.0 251.0 249.0 248.0 249.0 249.0 246.0
