-10000
21 80.0621 18.0731 43.7868 32.6357 59.6296 37.3942 54.2957 4.04898 
19.0 16.0 18.0 14.0 11.0
243.0 239.0 237.0 242.0 242.0 238.0 240.0 239.0 242.0 242.0 238.0 241.0
242.0 243.0 243.0 243.0 242.0 242.0 244.0 239.0 243.0 243.0 241.0 242.0
243.0 245.0 243.0 243.0 247.0 243.0 237.0 242.0 244.0 244.0 244.0 244.0
242.0 243.0 245.0 244.0 245.0 244.0 245.0 244.0 244.0 244.0 244.0 243.0
245.0 244.0 249.0 250.0 249.0 249.0 250.0 249.0 249.0 250.0 249.0 246.0
21 79.9505 19.9962 44.3273 33.4109 59.2593 37.7673 55.1256 3.02857 
19.0 16.0 20.0 13.0 11.0
242.0 239.0 236.0 242.0 241.0 237.0 240.0 238.0 242.0 242.0 238.0 240.0
243.0 243.0 244.0 243.0 243.0 242.0 244.0 239.0 243.0 243.0 242.0 243.0
242.0 245.0 244.0 243.0 248.0 243.0 235.0 242.0 244.0 244.0 244.0 245.0
242.0 243.0 245.0 245.0 245.0 244.0 245.0 244.0 244.0 245.0 244.0 243.0
244.0 245.0 249.0 249.0 250.0 249.0 250.0 249.0 249.0 250.0 250.0 245.0
21 79.9505 20.7654 45.9489 34.9612 59.2593 37.7673 55.9555 2.51837 
20.0 16.0 21.0 13.0 11.0
242.0 239.0 235.0 242.0 242.0 237.0 241.0 237.0 242.0 242.0 237.0 241.0
243.0 244.0 244.0 243.0 243.0 242.0 244.0 238.0 243.0 243.0 242.0 243.0
242.0 244.0 243.0 244.0 248.0 243.0 234.0 241.0 244.0 244.0 244.0 245.0
242.0 243.0 245.0 245.0 245.0 244.0 245.0 244.0 244.0 244.0 244.0 243.0
244.0 244.0 248.0 249.0 249.0 250.0 249.0 249.0 249.0 249.0 251.0 246.0
21.2728 79.9505 21.15 46.4895 35.3488 60 37.7673 55.9555 2.51837 
21.0 17.0 22.0 13.0 11.0
242.0 239.0 235.0 241.0 241.0 236.0 240.0 237.0 242.0 242.0 237.0 240.0
243.0 243.0 244.0 243.0 242.0 242.0 244.0 238.0 242.0 243.0 242.0 243.0
242.0 245.0 244.0 243.0 248.0 243.0 234.0 241.0 244.0 244.0 244.0 245.0
242.0 243.0 245.0 245.0 245.0 244.0 245.0 244.0 244.0 245.0 244.0 243.0
244.0 245.0 248.0 250.0 250.0 249.0 251.0 249.0 249.0 249.0 249.0 245.0
21.2728 79.9505 21.15 47.03 36.5116 60.3704 37.7673 55.9555 2.51837 
20.0 16.0 22.0 13.0 10.0
242.0 239.0 235.0 242.0 241.0 236.0 240.0 237.0 242.0 242.0 237.0 241.0
243.0 243.0 244.0 243.0 242.0 241.0 244.0 238.0 242.0 243.0 241.0 242.0
242.0 245.0 243.0 242.0 248.0 243.0 234.0 241.0 244.0 244.0 244.0 245.0
242.0 243.0 244.0 245.0 245.0 244.0 245.0 244.0 244.0 244.0 244.0 243.0
244.0 245.0 249.0 249.0 248.0 249.0 249.0 250.0 248.0 250.0 249.0 246.0
21.2728 80.0621 21.5346 47.5705 36.8992 60.7407 38.1404 55.9555 2.51837 
20.0 18.0 22.0 13.0 11.0
242.0 239.0 234.0 241.0 241.0 236.0 240.0 237.0 242.0 242.0 237.0 241.0
243.0 244.0 244.0 243.0 243.0 241.0 243.0 237.0 243.0 243.0 242.0 243.0
242.0 244.0 243.0 243.0 248.0 243.0 235.0 242.0 244.0 244.0 244.0 244.0
242.0 244.0 244.0 245.0 245.0 244.0 245.0 244.0 244.0 245.0 244.0 243.0
244.0 244.0 249.0 251.0 249.0 250.0 250.0 250.0 248.0 249.0 249.0 245.0
21.4091 80.0621 21.5346 48.6516 37.2868 60.7407 38.1404 56.3704 2.00816 
21.0 18.0 21.0 13.0 11.0
243.0 239.0 234.0 241.0 241.0 235.0 240.0 237.0 241.0 242.0 236.0 241.0
242.0 243.0 242.0 243.0 242.0 240.0 241.0 236.0 241.0 243.0 241.0 242.0
242.0 245.0 244.0 242.0 248.0 244.0 235.0 242.0 244.0 244.0 244.0 244.0
242.0 243.0 245.0 245.0 245.0 245.0 245.0 244.0 244.0 244.0 244.0 243.0
244.0 245.0 248.0 250.0 249.0 249.0 250.0 248.0 249.0 249.0 250.0 245.0
21.4091 80.0621 21.5346 48.6516 37.6744 60.7407 38.5136 56.3704 2.00816 
21.0 19.0 20.0 13.0 11.0
243.0 239.0 234.0 242.0 241.0 235.0 239.0 237.0 241.0 241.0 237.0 241.0
242.0 243.0 242.0 243.0 242.0 241.0 240.0 236.0 242.0 243.0 241.0 242.0
242.0 244.0 243.0 242.0 248.0 243.0 234.0 242.0 244.0 243.0 244.0 245.0
241.0 243.0 246.0 244.0 244.0 244.0 245.0 244.0 245.0 245.0 244.0 243.0
244.0 244.0 249.0 249.0 248.0 249.0 252.0 250.0 247.0 249.0 249.0 246.0
21.2728 79.9505 21.5346 48.6516 37.6744 61.4815 38.5136 56.3704 2.00816 
20.0 19.0 21.0 13.0 11.0
242.0 239.0 234.0 242.0 241.0 235.0 239.0 237.0 241.0 241.0 236.0 241.0
243.0 242.0 244.0 243.0 242.0 240.0 240.0 236.0 241.0 243.0 241.0 242.0
243.0 244.0 243.0 242.0 247.0 243.0 235.0 242.0 244.0 243.0 244.0 244.0
242.0 243.0 245.0 245.0 245.0 244.0 244.0 244.0 244.0 245.0 244.0 243.0
244.0 245.0 249.0 249.0 249.0 250.0 251.0 249.0 250.0 248.0 250.0 246.0
21.2728 79.9505 21.5346 49.7327 38.062 62.2222 38.5136 56.7854 2.00816 
21.0 20.0 20.0 13.0 11.0
242.0 238.0 234.0 241.0 241.0 235.0 239.0 236.0 241.0 242.0 236.0 241.0
242.0 242.0 243.0 243.0 242.0 240.0 239.0 235.0 241.0 242.0 241.0 242.0
242.0 245.0 244.0 242.0 248.0 243.0 235.0 241.0 244.0 244.0 244.0 245.0
242.0 244.0 245.0 245.0 245.0 245.0 245.0 244.0 244.0 244.0 245.0 243.0
243.0 244.0 249.0 250.0 250.0 249.0 250.0 250.0 250.0 249.0 249.0 246.0
21.2728 80.0621 21.5346 50.2732 38.4496 62.5926 38.8867 57.2003 2.00816 
22.0 20.0 20.0 13.0 11.0
242.0 239.0 233.0 241.0 241.0 234.0 240.0 236.0 242.0 242.0 236.0 241.0
242.0 243.0 242.0 243.0 242.0 239.0 238.0 235.0 241.0 243.0 241.0 242.0
243.0 245.0 243.0 243.0 248.0 244.0 235.0 242.0 244.0 244.0 244.0 244.0
242.0 243.0 245.0 245.0 245.0 245.0 246.0 244.0 244.0 245.0 244.0 243.0
244.0 244.0 249.0 250.0 249.0 249.0 250.0 249.0 249.0 249.0 250.0 246.0
21.4091 80.1737 21.5346 50.2732 38.4496 63.3333 38.8867 57.2003 2.00816 
21.0 20.0 20.0 13.0 11.0
242.0 239.0 234.0 241.0 241.0 234.0 239.0 236.0 241.0 241.0 236.0 241.0
242.0 242.0 242.0 243.0 242.0 240.0 238.0 234.0 241.0 243.0 240.0 242.0
242.0 244.0 243.0 243.0 248.0 244.0 235.0 242.0 244.0 244.0 244.0 244.0
242.0 243.0 244.0 245.0 245.0 244.0 245.0 244.0 244.0 244.0 244.0 243.0
245.0 246.0 249.0 250.0 249.0 249.0 251.0 250.0 248.0 249.0 250.0 246.0
