-10000
21.4091 79.8389 11.15 0.00297297 34.9612 63.7037 32.1703 52.636 7.1102 
27.0 20.0 38.0 13.0 11.0
242.0 229.0 227.0 240.0 240.0 235.0 239.0 235.0 241.0 240.0 231.0 233.0
242.0 243.0 243.0 243.0 242.0 242.0 242.0 235.0 243.0 243.0 242.0 242.0
240.0 240.0 232.0 231.0 231.0 227.0 231.0 217.0 233.0 234.0 230.0 240.0
242.0 243.0 244.0 244.0 244.0 244.0 244.0 243.0 244.0 244.0 244.0 243.0
244.0 244.0 248.0 249.0 247.0 248.0 248.0 248.0 246.0 248.0 247.0 245.0
21.2728 79.3925 18.0731 -0.537568 33.7984 62.963 32.9166 53.0509 7.1102 
34.0 24.0 42.0 14.0 11.0
242.0 224.0 220.0 239.0 239.0 232.0 238.0 232.0 240.0 239.0 226.0 231.0
242.0 242.0 243.0 243.0 243.0 242.0 244.0 230.0 243.0 243.0 243.0 242.0
240.0 241.0 233.0 231.0 231.0 226.0 231.0 213.0 233.0 234.0 230.0 239.0
242.0 243.0 245.0 244.0 244.0 244.0 244.0 243.0 244.0 244.0 244.0 243.0
244.0 244.0 247.0 249.0 247.0 247.0 249.0 248.0 247.0 247.0 247.0 245.0
21.4091 79.5041 19.6115 0.00297297 34.9612 62.5926 34.4091 54.7107 7.1102 
37.0 25.0 43.0 13.0 11.0
242.0 222.0 218.0 238.0 239.0 231.0 238.0 232.0 240.0 240.0 226.0 230.0
243.0 244.0 244.0 244.0 243.0 243.0 244.0 229.0 242.0 242.0 243.0 242.0
239.0 241.0 232.0 229.0 230.0 223.0 229.0 212.0 232.0 233.0 230.0 240.0
241.0 244.0 244.0 244.0 244.0 244.0 244.0 243.0 244.0 244.0 244.0 243.0
244.0 244.0 248.0 248.0 248.0 247.0 249.0 249.0 246.0 248.0 247.0 245.0
21.2728 79.6157 19.6115 -0.537568 34.9612 62.5926 35.1554 54.7107 7.1102 
38.0 28.0 44.0 14.0 11.0
242.0 219.0 216.0 238.0 239.0 230.0 238.0 231.0 240.0 239.0 225.0 229.0
242.0 243.0 243.0 243.0 243.0 242.0 244.0 227.0 243.0 243.0 243.0 242.0
239.0 240.0 232.0 230.0 230.0 223.0 228.0 211.0 231.0 233.0 230.0 240.0
241.0 243.0 244.0 244.0 244.0 244.0 244.0 244.0 244.0 244.0 244.0 243.0
244.0 244.0 248.0 249.0 247.0 248.0 248.0 247.0 247.0 247.0 247.0 245.0
21.2728 79.8389 19.2269 -0.537568 35.7364 62.2222 35.5285 55.5405 6.6 
39.0 31.0 44.0 14.0 11.0
241.0 217.0 216.0 238.0 239.0 229.0 238.0 232.0 240.0 239.0 224.0 229.0
242.0 243.0 243.0 243.0 243.0 241.0 244.0 223.0 243.0 243.0 243.0 242.0
239.0 240.0 231.0 229.0 229.0 222.0 227.0 211.0 231.0 233.0 230.0 240.0
242.0 244.0 244.0 244.0 244.0 245.0 244.0 243.0 244.0 244.0 244.0 243.0
244.0 244.0 247.0 249.0 247.0 248.0 249.0 249.0 246.0 247.0 248.0 245.0
21 79.8389 18.8423 -0.537568 36.124 61.8519 35.5285 55.1256 6.6 
40.0 34.0 43.0 13.0 11.0
241.0 215.0 215.0 238.0 239.0 229.0 238.0 231.0 240.0 240.0 223.0 229.0
242.0 242.0 243.0 243.0 242.0 241.0 244.0 221.0 243.0 244.0 243.0 242.0
239.0 240.0 231.0 228.0 229.0 222.0 227.0 212.0 231.0 233.0 229.0 240.0
241.0 243.0 244.0 244.0 244.0 244.0 244.0 243.0 244.0 244.0 244.0 243.0
244.0 244.0 247.0 248.0 247.0 247.0 248.0 249.0 247.0 248.0 247.0 246.0
21 79.8389 18.8423 -0.537568 36.124 62.2222 35.5285 55.1256 6.6 
40.0 34.0 43.0 14.0 11.0
242.0 215.0 215.0 238.0 239.0 229.0 238.0 232.0 240.0 239.0 224.0 228.0
242.0 243.0 243.0 243.0 243.0 241.0 244.0 220.0 242.0 243.0 243.0 242.0
239.0 240.0 231.0 229.0 229.0 222.0 227.0 212.0 231.0 233.0 230.0 240.0
242.0 243.0 244.0 244.0 244.0 244.0 244.0 243.0 244.0 244.0 244.0 243.0
244.0 244.0 247.0 248.0 249.0 247.0 248.0 247.0 247.0 247.0 248.0 245.0
21 79.9505 18.4577 -0.537568 36.8992 61.8519 35.5285 55.1256 6.6 
42.0 37.0 42.0 14.0 11.0
241.0 213.0 214.0 238.0 239.0 229.0 238.0 232.0 240.0 239.0 223.0 228.0
243.0 243.0 243.0 243.0 242.0 240.0 243.0 218.0 243.0 243.0 243.0 242.0
239.0 240.0 231.0 229.0 229.0 222.0 227.0 213.0 231.0 233.0 230.0 240.0
242.0 244.0 244.0 244.0 244.0 244.0 244.0 244.0 244.0 244.0 244.0 243.0
243.0 244.0 249.0 249.0 248.0 249.0 248.0 249.0 247.0 247.0 249.0 244.0
21.1364 80.1737 18.4577 -0.537568 36.8992 62.5926 35.5285 55.5405 6.0898 
43.0 37.0 42.0 13.0 11.0
241.0 212.0 213.0 238.0 239.0 228.0 238.0 232.0 240.0 239.0 223.0 227.0
242.0 243.0 243.0 244.0 243.0 240.0 243.0 218.0 242.0 244.0 242.0 242.0
239.0 240.0 232.0 229.0 230.0 223.0 228.0 213.0 232.0 233.0 231.0 240.0
242.0 243.0 244.0 244.0 244.0 245.0 244.0 243.0 244.0 244.0 244.0 243.0
244.0 244.0 248.0 249.0 247.0 248.0 249.0 247.0 247.0 247.0 249.0 245.0
21.1364 80.2854 18.4577 -0.537568 36.8992 63.7037 35.5285 55.9555 6.0898 
45.0 38.0 42.0 13.0 11.0
241.0 210.0 213.0 238.0 239.0 228.0 237.0 231.0 240.0 239.0 223.0 227.0
242.0 242.0 243.0 243.0 243.0 240.0 241.0 217.0 242.0 243.0 242.0 242.0
239.0 240.0 232.0 229.0 230.0 223.0 228.0 213.0 232.0 233.0 230.0 240.0
242.0 243.0 244.0 244.0 244.0 244.0 244.0 243.0 244.0 244.0 244.0 243.0
244.0 244.0 248.0 249.0 248.0 248.0 249.0 247.0 246.0 247.0 247.0 245.0
21.1364 80.397 18.0731 -0.537568 37.6744 62.963 35.9016 55.9555 6.0898 
46.0 39.0 42.0 13.0 12.0
241.0 209.0 213.0 238.0 239.0 228.0 238.0 231.0 240.0 239.0 222.0 226.0
242.0 243.0 243.0 243.0 243.0 240.0 240.0 216.0 241.0 244.0 243.0 242.0
239.0 240.0 232.0 230.0 230.0 223.0 228.0 214.0 232.0 233.0 230.0 239.0
242.0 243.0 244.0 244.0 244.0 244.0 244.0 243.0 244.0 244.0 244.0 243.0
244.0 244.0 248.0 249.0 247.0 248.0 249.0 248.0 246.0 247.0 248.0 244.0
21 80.397 17.6885 -0.537568 38.062 62.963 35.9016 56.3704 6.0898 
48.0 41.0 40.0 13.0 11.0
241.0 206.0 212.0 238.0 239.0 227.0 237.0 232.0 240.0 239.0 222.0 225.0
242.0 242.0 243.0 243.0 242.0 239.0 240.0 215.0 241.0 243.0 242.0 242.0
239.0 240.0 232.0 229.0 230.0 223.0 228.0 214.0 232.0 233.0 231.0 240.0
241.0 243.0 244.0 244.0 244.0 244.0 244.0 243.0 244.0 244.0 244.0 243.0
244.0 245.0 247.0 249.0 246.0 248.0 249.0 247.0 246.0 248.0 247.0 244.0
