-10000
21.5455 79.6157 14.6115 0.00297297 37.2868 60.3704 32.9166 50.1463 6.0898 
33.0 32.0 40.0 13.0 11.0
242.0 222.0 229.0 240.0 240.0 237.0 239.0 236.0 241.0 241.0 232.0 230.0
242.0 243.0 244.0 243.0 243.0 242.0 245.0 223.0 243.0 243.0 241.0 242.0
240.0 240.0 233.0 232.0 231.0 226.0 230.0 215.0 233.0 235.0 228.0 239.0
242.0 243.0 244.0 245.0 244.0 245.0 244.0 244.0 244.0 245.0 244.0 243.0
244.0 244.0 248.0 249.0 248.0 248.0 249.0 248.0 247.0 249.0 248.0 244.0
21.4091 79.8389 16.9192 0.00297297 36.5116 58.8889 33.2897 50.9762 5.57959 
40.0 41.0 44.0 13.0 11.0
241.0 214.0 226.0 239.0 240.0 235.0 240.0 235.0 241.0 240.0 230.0 227.0
242.0 243.0 244.0 243.0 242.0 240.0 245.0 213.0 244.0 244.0 239.0 242.0
240.0 240.0 233.0 232.0 230.0 225.0 231.0 211.0 234.0 235.0 229.0 239.0
242.0 243.0 244.0 244.0 244.0 244.0 244.0 244.0 244.0 245.0 244.0 243.0
244.0 244.0 248.0 248.0 248.0 247.0 248.0 250.0 248.0 247.0 249.0 244.0
21.5455 79.9505 16.5346 0.00297297 36.8992 58.8889 34.4091 52.636 5.06939 
44.0 47.0 46.0 14.0 11.0
241.0 210.0 224.0 239.0 240.0 235.0 239.0 235.0 240.0 240.0 229.0 225.0
242.0 243.0 244.0 243.0 242.0 239.0 246.0 207.0 244.0 244.0 239.0 243.0
240.0 240.0 232.0 232.0 231.0 223.0 230.0 208.0 233.0 234.0 229.0 239.0
242.0 243.0 244.0 245.0 245.0 244.0 244.0 243.0 244.0 244.0 244.0 243.0
244.0 244.0 248.0 249.0 248.0 249.0 250.0 247.0 248.0 248.0 248.0 245.0
21.2728 79.9505 16.9192 0.00297297 36.8992 59.2593 35.5285 53.4659 5.06939 
47.0 51.0 49.0 13.0 11.0
241.0 207.0 224.0 240.0 240.0 234.0 239.0 235.0 241.0 240.0 229.0 224.0
242.0 243.0 244.0 244.0 243.0 238.0 245.0 205.0 244.0 244.0 240.0 242.0
240.0 240.0 232.0 231.0 230.0 222.0 229.0 206.0 232.0 235.0 229.0 239.0
241.0 243.0 245.0 245.0 245.0 244.0 244.0 244.0 244.0 244.0 244.0 243.0
244.0 244.0 248.0 249.0 248.0 248.0 249.0 248.0 246.0 248.0 249.0 246.0
21.2728 79.9505 16.5346 0.00297297 37.2868 60 35.9016 54.7107 4.55918 
49.0 53.0 50.0 13.0 11.0
241.0 206.0 223.0 239.0 240.0 234.0 239.0 235.0 240.0 240.0 229.0 223.0
242.0 243.0 244.0 243.0 243.0 238.0 245.0 201.0 244.0 244.0 239.0 242.0
240.0 239.0 231.0 230.0 230.0 221.0 229.0 206.0 231.0 234.0 228.0 240.0
242.0 243.0 245.0 244.0 244.0 244.0 244.0 244.0 244.0 244.0 244.0 243.0
244.0 244.0 247.0 250.0 247.0 249.0 249.0 248.0 247.0 247.0 248.0 245.0
21.4091 80.397 16.15 0.00297297 38.062 60.7407 36.6479 55.5405 5.06939 
52.0 59.0 50.0 13.0 11.0
241.0 203.0 221.0 239.0 240.0 233.0 239.0 235.0 241.0 239.0 228.0 222.0
243.0 243.0 243.0 243.0 243.0 236.0 245.0 196.0 243.0 244.0 239.0 243.0
239.0 239.0 231.0 231.0 230.0 220.0 229.0 205.0 231.0 235.0 229.0 239.0
242.0 243.0 245.0 244.0 244.0 244.0 244.0 244.0 244.0 244.0 244.0 243.0
244.0 244.0 248.0 249.0 248.0 248.0 249.0 248.0 247.0 247.0 248.0 245.0
21.4091 80.5086 16.15 0.00297297 37.6744 61.8519 36.6479 56.3704 4.55918 
53.0 61.0 50.0 14.0 12.0
241.0 202.0 219.0 238.0 240.0 233.0 239.0 235.0 240.0 240.0 226.0 221.0
242.0 243.0 244.0 243.0 242.0 235.0 245.0 193.0 243.0 244.0 239.0 242.0
239.0 239.0 231.0 230.0 229.0 220.0 229.0 206.0 232.0 234.0 230.0 239.0
242.0 243.0 244.0 244.0 244.0 244.0 244.0 244.0 244.0 245.0 244.0 243.0
244.0 245.0 248.0 248.0 248.0 248.0 249.0 248.0 247.0 249.0 248.0 245.0
21.4091 80.5086 16.9192 0.00297297 37.6744 61.8519 36.6479 55.9555 4.55918 
54.0 64.0 49.0 13.0 11.0
241.0 200.0 218.0 238.0 240.0 232.0 239.0 234.0 240.0 239.0 225.0 220.0
242.0 243.0 244.0 243.0 242.0 235.0 245.0 190.0 243.0 244.0 238.0 242.0
239.0 239.0 230.0 230.0 230.0 220.0 228.0 205.0 231.0 234.0 229.0 239.0
242.0 243.0 244.0 244.0 245.0 244.0 244.0 244.0 244.0 244.0 244.0 243.0
243.0 244.0 248.0 250.0 247.0 248.0 249.0 248.0 247.0 247.0 249.0 245.0
21.4091 80.397 16.9192 -0.537568 37.2868 62.2222 36.6479 55.9555 4.04898 
56.0 65.0 50.0 13.0 11.0
240.0 199.0 217.0 238.0 239.0 231.0 239.0 234.0 240.0 239.0 224.0 219.0
242.0 243.0 243.0 243.0 242.0 235.0 245.0 189.0 243.0 244.0 238.0 242.0
240.0 239.0 230.0 230.0 229.0 220.0 227.0 205.0 231.0 235.0 229.0 239.0
241.0 243.0 244.0 245.0 244.0 245.0 244.0 244.0 244.0 245.0 244.0 243.0
243.0 245.0 247.0 249.0 248.0 248.0 249.0 247.0 247.0 248.0 248.0 245.0
21.4091 80.397 16.9192 -0.537568 37.2868 62.5926 37.021 55.9555 4.55918 
56.0 66.0 50.0 13.0 11.0
240.0 199.0 217.0 238.0 240.0 232.0 238.0 234.0 240.0 239.0 224.0 219.0
242.0 243.0 243.0 243.0 243.0 234.0 246.0 188.0 243.0 244.0 238.0 243.0
240.0 239.0 230.0 230.0 229.0 220.0 228.0 206.0 231.0 235.0 229.0 239.0
242.0 244.0 244.0 244.0 245.0 244.0 244.0 244.0 244.0 244.0 244.0 243.0
243.0 244.0 249.0 249.0 248.0 248.0 248.0 248.0 246.0 248.0 248.0 245.0
21.2728 80.5086 16.9192 -0.537568 37.6744 62.5926 37.021 56.3704 4.04898 
56.0 68.0 50.0 13.0 11.0
241.0 199.0 217.0 238.0 240.0 231.0 238.0 234.0 240.0 239.0 224.0 220.0
242.0 243.0 244.0 243.0 243.0 233.0 245.0 185.0 243.0 244.0 238.0 242.0
239.0 238.0 230.0 230.0 229.0 220.0 228.0 206.0 231.0 234.0 229.0 240.0
242.0 243.0 245.0 245.0 244.0 244.0 244.0 243.0 244.0 244.0 244.0 243.0
244.0 244.0 247.0 249.0 248.0 248.0 249.0 247.0 247.0 248.0 249.0 244.0
21.4091 80.7318 16.9192 0.00297297 38.062 62.5926 37.021 56.3704 4.55918 
55.0 72.0 49.0 13.0 11.0
240.0 200.0 215.0 238.0 239.0 231.0 238.0 233.0 240.0 239.0 223.0 220.0
242.0 243.0 243.0 243.0 243.0 233.0 245.0 183.0 243.0 244.0 237.0 242.0
239.0 238.0 230.0 230.0 229.0 220.0 228.0 206.0 231.0 234.0 229.0 239.0
241.0 243.0 244.0 245.0 245.0 244.0 244.0 244.0 244.0 244.0 244.0 243.0
244.0 244.0 248.0 248.0 248.0 247.0 249.0 248.0 248.0 248.0 248.0 245.0
21.4091 80.7318 16.5346 0.00297297 38.062 62.5926 37.021 56.3704 4.55918 
56.0 73.0 48.0 13.0 11.0
240.0 199.0 215.0 238.0 240.0 231.0 239.0 233.0 240.0 239.0 224.0 220.0
242.0 243.0 244.0 243.0 243.0 232.0 245.0 182.0 243.0 244.0 238.0 242.0
239.0 238.0 230.0 229.0 229.0 220.0 228.0 207.0 231.0 234.0 228.0 239.0
242.0 243.0 245.0 244.0 245.0 244.0 244.0 244.0 244.0 244.0 244.0 243.0
244.0 245.0 248.0 249.0 249.0 248.0 249.0 247.0 247.0 248.0 249.0 245.0
21.4091 80.8434 16.5346 0.00297297 38.062 62.5926 37.021 56.3704 4.55918 
56.0 75.0 48.0 14.0 11.0
240.0 199.0 215.0 238.0 239.0 231.0 238.0 233.0 240.0 239.0 223.0 220.0
242.0 242.0 244.0 244.0 242.0 232.0 246.0 181.0 243.0 244.0 237.0 242.0
239.0 238.0 230.0 230.0 230.0 220.0 227.0 207.0 231.0 234.0 228.0 239.0
242.0 243.0 244.0 245.0 244.0 244.0 244.0 244.0 244.0 244.0 244.0 243.0
243.0 245.0 248.0 249.0 248.0 249.0 248.0 248.0 247.0 247.0 248.0 246.0
21.4091 80.8434 16.5346 0.00297297 38.062 62.963 37.021 56.3704 4.55918 
56.0 76.0 49.0 13.0 12.0
240.0 200.0 215.0 238.0 239.0 231.0 239.0 234.0 240.0 239.0 223.0 220.0
242.0 243.0 243.0 244.0 243.0 232.0 245.0 180.0 243.0 244.0 237.0 242.0
239.0 238.0 230.0 229.0 229.0 220.0 227.0 206.0 231.0 234.0 229.0 239.0
242.0 244.0 244.0 244.0 245.0 244.0 244.0 244.0 244.0 244.0 244.0 243.0
244.0 244.0 248.0 250.0 248.0 248.0 249.0 248.0 246.0 248.0 248.0 246.0
21.2728 80.8434 16.5346 0.00297297 38.062 63.3333 37.021 56.3704 4.55918 
56.0 76.0 49.0 13.0 11.0
240.0 199.0 215.0 238.0 239.0 231.0 239.0 233.0 240.0 239.0 223.0 220.0
242.0 243.0 243.0 243.0 243.0 232.0 245.0 179.0 243.0 244.0 237.0 242.0
239.0 238.0 229.0 230.0 229.0 220.0 227.0 207.0 230.0 233.0 229.0 239.0
241.0 243.0 245.0 244.0 244.0 245.0 244.0 244.0 244.0 245.0 244.0 243.0
244.0 244.0 248.0 248.0 248.0 248.0 248.0 248.0 247.0 248.0 249.0 245.0
