-10000
21 80.0621 15.7654 45.4084 30.3101 55.1852 33.6628 49.3165 2.00816 
15.0 53.0 21.0 12.0 12.0
243.0 243.0 240.0 243.0 243.0 240.0 243.0 240.0 243.0 244.0 241.0 244.0
243.0 243.0 244.0 244.0 243.0 242.0 245.0 219.0 244.0 245.0 203.0 243.0
246.0 244.0 249.0 252.0 252.0 245.0 250.0 234.0 249.0 248.0 242.0 244.0
243.0 244.0 243.0 243.0 243.0 243.0 244.0 244.0 243.0 244.0 243.0 243.0
243.0 244.0 243.0 243.0 243.0 244.0 243.0 244.0 243.0 243.0 244.0 242.0
21 81.1782 14.2269 44.3273 33.4109 55.5556 35.9016 50.5613 2.51837 
15.0 62.0 20.0 12.0 12.0
243.0 243.0 241.0 243.0 243.0 241.0 243.0 240.0 244.0 244.0 240.0 244.0
243.0 243.0 243.0 244.0 243.0 238.0 246.0 202.0 244.0 245.0 193.0 243.0
247.0 244.0 249.0 255.0 253.0 245.0 251.0 234.0 250.0 249.0 245.0 243.0
243.0 244.0 244.0 243.0 243.0 243.0 244.0 243.0 243.0 244.0 243.0 243.0
243.0 243.0 244.0 243.0 244.0 244.0 242.0 244.0 243.0 244.0 244.0 242.0
21 81.2898 13.8423 43.7868 33.4109 57.037 36.2748 50.9762 2.51837 
15.0 61.0 23.0 12.0 13.0
243.0 243.0 240.0 243.0 243.0 241.0 243.0 240.0 244.0 244.0 242.0 244.0
243.0 243.0 242.0 243.0 243.0 238.0 246.0 197.0 244.0 245.0 194.0 243.0
247.0 244.0 250.0 255.0 253.0 245.0 252.0 232.0 250.0 248.0 244.0 244.0
243.0 244.0 244.0 243.0 244.0 243.0 244.0 243.0 243.0 244.0 244.0 243.0
243.0 243.0 243.0 243.0 243.0 244.0 243.0 244.0 244.0 244.0 244.0 243.0
20.8637 81.2898 13.8423 43.7868 33.4109 57.7778 36.2748 51.3912 3.02857 
15.0 61.0 23.0 12.0 13.0
244.0 243.0 240.0 243.0 243.0 240.0 243.0 240.0 243.0 244.0 240.0 244.0
244.0 243.0 242.0 243.0 243.0 238.0 246.0 195.0 244.0 245.0 194.0 243.0
248.0 244.0 249.0 255.0 253.0 244.0 251.0 231.0 250.0 248.0 244.0 244.0
243.0 244.0 243.0 243.0 243.0 243.0 244.0 243.0 243.0 244.0 243.0 243.0
243.0 243.0 243.0 243.0 243.0 244.0 244.0 243.0 243.0 244.0 243.0 243.0
20.8637 81.7362 13.4577 43.2462 34.5736 57.7778 36.6479 52.221 3.02857 
15.0 67.0 24.0 12.0 13.0
243.0 242.0 240.0 243.0 243.0 241.0 244.0 240.0 243.0 244.0 241.0 244.0
243.0 243.0 242.0 243.0 243.0 236.0 246.0 186.0 244.0 244.0 192.0 243.0
247.0 244.0 249.0 255.0 255.0 244.0 252.0 231.0 250.0 248.0 245.0 244.0
243.0 244.0 244.0 243.0 243.0 243.0 244.0 243.0 243.0 244.0 243.0 243.0
244.0 243.0 243.0 242.0 244.0 243.0 242.0 244.0 242.0 244.0 243.0 244.0
21 81.7362 13.0731 43.2462 34.5736 58.8889 37.021 53.8808 3.02857 
15.0 71.0 27.0 12.0 13.0
243.0 242.0 240.0 243.0 243.0 241.0 243.0 240.0 243.0 244.0 241.0 243.0
243.0 243.0 242.0 243.0 242.0 235.0 247.0 184.0 244.0 244.0 195.0 244.0
248.0 244.0 250.0 255.0 255.0 243.0 252.0 228.0 250.0 248.0 246.0 244.0
243.0 244.0 243.0 243.0 243.0 243.0 244.0 243.0 243.0 243.0 243.0 243.0
244.0 243.0 243.0 244.0 244.0 242.0 243.0 244.0 243.0 243.0 244.0 243.0
21.1364 81.9595 12.6885 42.7057 34.9612 58.8889 37.021 53.8808 3.02857 
15.0 73.0 28.0 12.0 13.0
244.0 242.0 240.0 243.0 243.0 241.0 243.0 240.0 243.0 244.0 241.0 243.0
243.0 243.0 241.0 244.0 243.0 235.0 246.0 181.0 244.0 244.0 195.0 244.0
247.0 244.0 250.0 255.0 255.0 243.0 252.0 227.0 249.0 248.0 246.0 244.0
243.0 244.0 243.0 244.0 243.0 243.0 244.0 243.0 243.0 243.0 243.0 243.0
243.0 243.0 243.0 244.0 243.0 244.0 243.0 244.0 243.0 243.0 244.0 244.0
21.1364 81.9595 13.0731 41.6246 34.9612 59.6296 37.021 54.2957 3.02857 
15.0 76.0 28.0 12.0 12.0
244.0 241.0 241.0 244.0 243.0 241.0 243.0 241.0 244.0 244.0 241.0 243.0
243.0 243.0 242.0 243.0 243.0 234.0 246.0 179.0 244.0 244.0 196.0 243.0
247.0 244.0 250.0 255.0 255.0 242.0 252.0 226.0 250.0 248.0 245.0 244.0
243.0 244.0 243.0 243.0 243.0 243.0 243.0 243.0 243.0 243.0 243.0 244.0
243.0 244.0 244.0 243.0 244.0 244.0 243.0 244.0 244.0 242.0 244.0 243.0
21 81.7362 12.6885 40.5435 34.9612 61.1111 37.3942 55.1256 2.51837 
15.0 81.0 30.0 12.0 12.0
244.0 241.0 240.0 244.0 243.0 241.0 243.0 241.0 244.0 244.0 241.0 243.0
243.0 243.0 242.0 243.0 243.0 233.0 247.0 172.0 243.0 243.0 200.0 243.0
248.0 244.0 250.0 255.0 255.0 241.0 252.0 224.0 250.0 248.0 246.0 244.0
243.0 244.0 244.0 243.0 243.0 243.0 244.0 243.0 243.0 244.0 243.0 243.0
244.0 243.0 244.0 244.0 244.0 244.0 243.0 244.0 243.0 244.0 243.0 243.0
21 81.8479 12.3038 40.5435 35.7364 61.1111 37.7673 55.1256 2.51837 
14.0 85.0 31.0 12.0 12.0
244.0 241.0 241.0 244.0 243.0 241.0 243.0 241.0 243.0 244.0 241.0 243.0
243.0 243.0 242.0 243.0 242.0 232.0 247.0 169.0 244.0 243.0 200.0 243.0
248.0 244.0 250.0 255.0 255.0 241.0 252.0 224.0 249.0 248.0 246.0 244.0
243.0 244.0 244.0 244.0 243.0 243.0 244.0 243.0 243.0 244.0 243.0 243.0
243.0 243.0 243.0 243.0 243.0 243.0 243.0 244.0 243.0 243.0 243.0 243.0
21.1364 82.0711 12.3038 40.5435 35.7364 61.1111 37.7673 55.5405 2.51837 
15.0 89.0 32.0 12.0 13.0
244.0 241.0 241.0 244.0 243.0 241.0 243.0 241.0 244.0 244.0 241.0 242.0
243.0 243.0 241.0 243.0 243.0 232.0 247.0 166.0 243.0 243.0 200.0 244.0
248.0 244.0 251.0 255.0 255.0 240.0 252.0 223.0 249.0 248.0 247.0 244.0
243.0 244.0 243.0 243.0 243.0 243.0 244.0 243.0 243.0 243.0 243.0 243.0
243.0 243.0 243.0 243.0 244.0 244.0 243.0 244.0 243.0 244.0 244.0 242.0
21.1364 82.1827 12.3038 40.5435 36.124 61.1111 37.7673 55.5405 2.51837 
14.0 89.0 32.0 12.0 12.0
244.0 240.0 240.0 243.0 244.0 241.0 244.0 241.0 243.0 244.0 241.0 242.0
243.0 243.0 242.0 243.0 243.0 231.0 247.0 166.0 243.0 243.0 199.0 243.0
248.0 245.0 251.0 255.0 255.0 240.0 252.0 222.0 249.0 248.0 246.0 244.0
243.0 244.0 243.0 243.0 243.0 243.0 243.0 243.0 243.0 244.0 243.0 243.0
243.0 243.0 243.0 242.0 243.0 243.0 243.0 244.0 243.0 243.0 244.0 243.0
21.1364 82.2943 12.3038 40.5435 36.124 61.4815 37.7673 55.5405 3.02857 
15.0 90.0 34.0 12.0 12.0
244.0 241.0 241.0 243.0 243.0 242.0 243.0 241.0 244.0 244.0 241.0 242.0
243.0 243.0 241.0 243.0 243.0 231.0 247.0 165.0 244.0 243.0 200.0 244.0
248.0 244.0 250.0 255.0 255.0 240.0 252.0 222.0 249.0 247.0 246.0 244.0
243.0 244.0 243.0 243.0 243.0 243.0 243.0 243.0 243.0 243.0 243.0 243.0
243.0 244.0 243.0 243.0 243.0 244.0 243.0 243.0 243.0 244.0 244.0 243.0
