-10000
21 79.6157 16.15 45.4084 28.7597 54.4444 33.6628 47.6567 2.51837 
16.0 48.0 23.0 12.0 12.0
243.0 243.0 240.0 244.0 244.0 240.0 243.0 239.0 243.0 244.0 241.0 244.0
243.0 243.0 244.0 244.0 243.0 242.0 246.0 224.0 244.0 244.0 207.0 243.0
248.0 245.0 250.0 255.0 253.0 247.0 251.0 232.0 249.0 249.0 239.0 244.0
243.0 244.0 244.0 243.0 243.0 243.0 244.0 243.0 243.0 244.0 243.0 243.0
243.0 243.0 243.0 243.0 243.0 243.0 243.0 244.0 244.0 243.0 244.0 242.0
20.8637 80.6202 14.6115 43.7868 32.2481 52.963 35.9016 48.4866 2.51837 
16.0 61.0 23.0 12.0 12.0
243.0 243.0 241.0 243.0 243.0 241.0 243.0 239.0 243.0 244.0 241.0 244.0
243.0 243.0 243.0 244.0 243.0 240.0 246.0 211.0 244.0 244.0 193.0 243.0
248.0 245.0 251.0 255.0 255.0 247.0 251.0 233.0 250.0 249.0 244.0 244.0
243.0 244.0 243.0 244.0 243.0 243.0 244.0 243.0 243.0 244.0 243.0 244.0
244.0 244.0 243.0 243.0 244.0 244.0 244.0 244.0 243.0 244.0 244.0 244.0
20.8637 81.0666 14.2269 43.2462 33.0233 52.963 36.2748 49.3165 2.51837 
16.0 66.0 24.0 12.0 12.0
243.0 243.0 241.0 243.0 243.0 240.0 243.0 240.0 244.0 244.0 240.0 244.0
243.0 243.0 242.0 243.0 243.0 239.0 246.0 206.0 244.0 244.0 190.0 243.0
248.0 244.0 251.0 255.0 255.0 246.0 251.0 231.0 250.0 248.0 244.0 244.0
243.0 244.0 244.0 244.0 243.0 243.0 244.0 243.0 243.0 244.0 243.0 244.0
244.0 243.0 244.0 243.0 244.0 244.0 243.0 244.0 244.0 243.0 244.0 244.0
21 81.2898 13.8423 43.2462 33.4109 54.8148 36.6479 49.3165 2.51837 
16.0 64.0 26.0 12.0 12.0
243.0 243.0 241.0 243.0 243.0 240.0 243.0 239.0 244.0 244.0 240.0 244.0
243.0 243.0 242.0 244.0 243.0 238.0 247.0 200.0 244.0 245.0 191.0 243.0
248.0 244.0 252.0 255.0 255.0 245.0 252.0 229.0 250.0 248.0 244.0 244.0
243.0 244.0 244.0 244.0 243.0 243.0 244.0 243.0 243.0 244.0 243.0 243.0
243.0 244.0 242.0 244.0 243.0 244.0 243.0 244.0 244.0 243.0 244.0 243.0
21 81.513 13.4577 42.7057 33.4109 56.2963 37.021 50.9762 3.02857 
15.0 61.0 28.0 12.0 12.0
244.0 243.0 241.0 244.0 243.0 240.0 243.0 240.0 244.0 244.0 240.0 243.0
243.0 243.0 242.0 244.0 242.0 237.0 247.0 195.0 244.0 244.0 194.0 243.0
249.0 245.0 251.0 255.0 255.0 244.0 251.0 227.0 249.0 248.0 244.0 244.0
243.0 244.0 243.0 243.0 243.0 243.0 244.0 243.0 243.0 244.0 244.0 243.0
244.0 243.0 243.0 243.0 244.0 243.0 242.0 244.0 242.0 242.0 243.0 242.0
20.8637 81.4014 13.4577 42.7057 33.4109 57.7778 37.021 52.221 3.02857 
16.0 66.0 30.0 13.0 12.0
244.0 242.0 240.0 243.0 243.0 241.0 243.0 240.0 243.0 244.0 240.0 244.0
243.0 243.0 242.0 243.0 243.0 236.0 247.0 188.0 244.0 244.0 195.0 243.0
248.0 244.0 251.0 255.0 255.0 243.0 252.0 225.0 249.0 248.0 244.0 244.0
243.0 244.0 243.0 243.0 243.0 244.0 243.0 243.0 243.0 243.0 243.0 243.0
244.0 243.0 244.0 243.0 244.0 243.0 243.0 244.0 243.0 244.0 243.0 243.0
21.1364 81.7362 13.0731 41.0841 34.5736 57.4074 37.3942 52.636 3.02857 
15.0 72.0 31.0 12.0 12.0
244.0 242.0 240.0 243.0 243.0 241.0 243.0 240.0 244.0 244.0 240.0 243.0
243.0 243.0 242.0 243.0 243.0 235.0 247.0 183.0 244.0 243.0 194.0 243.0
249.0 245.0 252.0 255.0 255.0 243.0 252.0 224.0 249.0 248.0 245.0 244.0
243.0 243.0 244.0 243.0 243.0 243.0 243.0 243.0 244.0 244.0 243.0 243.0
243.0 243.0 243.0 243.0 243.0 244.0 244.0 244.0 243.0 244.0 244.0 243.0
21.1364 81.7362 13.0731 40.5435 34.5736 58.1481 37.7673 52.636 3.02857 
15.0 75.0 33.0 12.0 13.0
244.0 241.0 241.0 243.0 243.0 241.0 243.0 240.0 244.0 244.0 240.0 243.0
243.0 243.0 242.0 243.0 243.0 235.0 247.0 180.0 244.0 243.0 195.0 243.0
249.0 245.0 252.0 255.0 255.0 242.0 252.0 221.0 249.0 248.0 244.0 244.0
243.0 244.0 244.0 243.0 243.0 243.0 243.0 243.0 243.0 244.0 243.0 243.0
244.0 244.0 244.0 244.0 244.0 243.0 244.0 243.0 243.0 244.0 244.0 243.0
21.2728 82.0711 12.6885 40.5435 34.9612 58.5185 37.7673 53.0509 3.02857 
15.0 77.0 35.0 12.0 12.0
244.0 241.0 240.0 243.0 244.0 241.0 243.0 240.0 244.0 244.0 240.0 242.0
243.0 243.0 241.0 243.0 242.0 234.0 247.0 178.0 244.0 242.0 196.0 243.0
249.0 245.0 253.0 255.0 255.0 242.0 252.0 220.0 249.0 248.0 245.0 244.0
243.0 244.0 243.0 244.0 244.0 243.0 243.0 243.0 243.0 244.0 243.0 243.0
244.0 244.0 244.0 243.0 244.0 244.0 243.0 244.0 243.0 243.0 243.0 242.0
21.4091 81.8479 12.3038 39.4624 34.9612 60 37.7673 54.2957 2.51837 
15.0 83.0 35.0 12.0 12.0
244.0 241.0 241.0 243.0 243.0 241.0 243.0 240.0 243.0 244.0 240.0 242.0
243.0 243.0 241.0 243.0 243.0 233.0 247.0 172.0 244.0 242.0 199.0 244.0
249.0 245.0 252.0 255.0 255.0 241.0 252.0 219.0 249.0 248.0 246.0 244.0
243.0 244.0 243.0 244.0 243.0 243.0 243.0 243.0 243.0 244.0 244.0 243.0
243.0 243.0 244.0 243.0 243.0 243.0 242.0 245.0 243.0 243.0 244.0 242.0
21.2728 81.8479 12.3038 39.4624 34.9612 60.7407 38.1404 54.7107 2.51837 
15.0 87.0 37.0 12.0 13.0
244.0 241.0 240.0 243.0 243.0 241.0 243.0 241.0 243.0 244.0 241.0 242.0
243.0 243.0 241.0 243.0 243.0 233.0 247.0 168.0 243.0 242.0 202.0 243.0
249.0 245.0 252.0 255.0 255.0 241.0 252.0 218.0 249.0 248.0 246.0 244.0
243.0 244.0 244.0 243.0 243.0 243.0 244.0 243.0 243.0 243.0 243.0 243.0
243.0 243.0 244.0 243.0 244.0 244.0 244.0 244.0 242.0 244.0 244.0 243.0
21.2728 81.8479 11.9192 39.4624 35.3488 60.7407 38.1404 55.1256 2.51837 
15.0 88.0 38.0 13.0 13.0
244.0 241.0 240.0 243.0 243.0 241.0 244.0 241.0 244.0 244.0 241.0 242.0
243.0 243.0 241.0 243.0 243.0 232.0 247.0 167.0 243.0 241.0 202.0 243.0
249.0 245.0 252.0 255.0 255.0 240.0 252.0 217.0 248.0 248.0 247.0 244.0
243.0 243.0 243.0 243.0 244.0 243.0 244.0 243.0 243.0 243.0 243.0 243.0
243.0 243.0 244.0 243.0 244.0 244.0 243.0 243.0 244.0 244.0 243.0 243.0
21.2728 81.9595 11.9192 39.4624 35.7364 61.1111 38.1404 56.3704 2.51837 
15.0 90.0 38.0 12.0 12.0
244.0 240.0 241.0 243.0 243.0 241.0 243.0 241.0 244.0 244.0 241.0 241.0
243.0 243.0 241.0 243.0 242.0 232.0 247.0 165.0 243.0 241.0 202.0 243.0
249.0 244.0 253.0 255.0 255.0 240.0 252.0 217.0 249.0 248.0 248.0 244.0
243.0 244.0 243.0 243.0 243.0 243.0 244.0 243.0 243.0 244.0 243.0 243.0
244.0 243.0 243.0 244.0 244.0 243.0 243.0 244.0 243.0 244.0 244.0 243.0
