-10000
20.8637 79.5041 14.6115 0.00297297 36.124 62.5926 34.7822 50.5613 6.0898 
32.0 28.0 42.0 14.0 11.0
242.0 222.0 228.0 240.0 240.0 236.0 239.0 236.0 241.0 240.0 232.0 231.0
242.0 242.0 243.0 242.0 242.0 242.0 244.0 226.0 242.0 243.0 242.0 242.0
239.0 239.0 232.0 229.0 228.0 225.0 228.0 212.0 231.0 233.0 228.0 239.0
241.0 243.0 244.0 244.0 244.0 244.0 244.0 243.0 244.0 244.0 244.0 242.0
244.0 244.0 248.0 249.0 248.0 247.0 248.0 248.0 247.0 248.0 248.0 244.0
21 79.7273 18.0731 0.00297297 35.3488 61.1111 35.1554 51.3912 6.0898 
39.0 36.0 45.0 14.0 11.0
242.0 215.0 224.0 239.0 240.0 234.0 238.0 235.0 241.0 240.0 230.0 228.0
242.0 242.0 243.0 243.0 242.0 241.0 244.0 218.0 243.0 243.0 241.0 242.0
239.0 239.0 232.0 229.0 229.0 223.0 229.0 209.0 231.0 233.0 229.0 239.0
241.0 243.0 244.0 244.0 244.0 244.0 244.0 243.0 244.0 245.0 244.0 243.0
244.0 244.0 248.0 248.0 248.0 247.0 249.0 247.0 247.0 247.0 249.0 244.0
20.8637 79.8389 17.6885 0.00297297 36.124 60.7407 35.9016 52.636 5.57959 
44.0 41.0 46.0 14.0 11.0
241.0 211.0 223.0 239.0 240.0 234.0 239.0 235.0 240.0 240.0 229.0 226.0
242.0 242.0 244.0 243.0 243.0 239.0 244.0 214.0 242.0 243.0 241.0 242.0
239.0 240.0 231.0 229.0 228.0 222.0 228.0 208.0 231.0 233.0 229.0 239.0
241.0 243.0 244.0 244.0 244.0 244.0 244.0 243.0 244.0 244.0 244.0 243.0
244.0 244.0 248.0 248.0 248.0 248.0 248.0 248.0 246.0 248.0 248.0 245.0
20.591 79.8389 17.3038 0.00297297 36.5116 60 36.6479 53.8808 5.06939 
46.0 44.0 48.0 14.0 11.0
241.0 209.0 222.0 239.0 239.0 233.0 239.0 235.0 240.0 240.0 229.0 225.0
242.0 243.0 243.0 243.0 242.0 239.0 244.0 210.0 243.0 244.0 240.0 242.0
239.0 239.0 232.0 229.0 228.0 221.0 228.0 207.0 231.0 234.0 229.0 239.0
241.0 243.0 244.0 244.0 244.0 244.0 244.0 244.0 244.0 244.0 244.0 243.0
244.0 244.0 248.0 249.0 248.0 247.0 249.0 249.0 247.0 247.0 247.0 245.0
20.4546 79.9505 17.3038 0.00297297 36.8992 60 36.6479 54.7107 5.06939 
48.0 47.0 49.0 14.0 11.0
241.0 206.0 222.0 239.0 240.0 233.0 238.0 235.0 240.0 240.0 228.0 224.0
242.0 242.0 243.0 243.0 242.0 239.0 244.0 208.0 243.0 244.0 241.0 242.0
239.0 239.0 231.0 228.0 227.0 220.0 227.0 207.0 231.0 233.0 228.0 239.0
242.0 243.0 244.0 244.0 244.0 244.0 244.0 243.0 244.0 244.0 244.0 243.0
244.0 244.0 248.0 249.0 248.0 248.0 249.0 248.0 246.0 248.0 248.0 244.0
20.4546 80.0621 16.9192 0.00297297 36.8992 61.1111 37.021 55.5405 5.57959 
50.0 48.0 50.0 13.0 12.0
241.0 204.0 221.0 238.0 240.0 233.0 238.0 235.0 240.0 239.0 228.0 223.0
242.0 242.0 243.0 243.0 242.0 238.0 243.0 207.0 242.0 243.0 240.0 242.0
238.0 238.0 231.0 228.0 227.0 219.0 226.0 204.0 230.0 232.0 229.0 239.0
241.0 243.0 244.0 244.0 244.0 244.0 244.0 244.0 244.0 244.0 244.0 243.0
244.0 244.0 247.0 248.0 248.0 247.0 248.0 248.0 247.0 247.0 248.0 244.0
20.7273 80.2854 16.9192 0.00297297 36.8992 62.2222 37.021 55.5405 5.06939 
51.0 48.0 50.0 14.0 11.0
241.0 203.0 221.0 238.0 240.0 233.0 238.0 235.0 240.0 240.0 228.0 222.0
242.0 243.0 243.0 243.0 242.0 238.0 244.0 205.0 242.0 243.0 241.0 242.0
239.0 239.0 231.0 228.0 228.0 220.0 227.0 206.0 231.0 234.0 229.0 239.0
241.0 243.0 244.0 244.0 245.0 244.0 244.0 243.0 244.0 244.0 244.0 243.0
244.0 244.0 247.0 248.0 249.0 247.0 248.0 247.0 247.0 247.0 248.0 244.0
20.591 80.5086 16.5346 0.00297297 37.6744 62.2222 37.3942 55.9555 5.06939 
54.0 52.0 48.0 13.0 11.0
241.0 200.0 221.0 239.0 239.0 233.0 238.0 235.0 240.0 240.0 228.0 221.0
242.0 243.0 243.0 243.0 242.0 237.0 243.0 202.0 242.0 244.0 241.0 242.0
238.0 239.0 230.0 229.0 228.0 220.0 227.0 208.0 231.0 234.0 229.0 239.0
241.0 243.0 244.0 244.0 244.0 244.0 244.0 243.0 244.0 244.0 244.0 243.0
244.0 244.0 247.0 249.0 248.0 248.0 249.0 248.0 246.0 248.0 248.0 245.0
20.591 80.397 16.5346 0.00297297 37.6744 62.2222 37.3942 55.9555 5.06939 
56.0 53.0 48.0 13.0 12.0
241.0 199.0 220.0 239.0 240.0 233.0 239.0 235.0 240.0 239.0 227.0 220.0
242.0 242.0 243.0 243.0 242.0 237.0 243.0 201.0 242.0 244.0 240.0 242.0
239.0 239.0 230.0 229.0 227.0 220.0 227.0 207.0 231.0 234.0 229.0 239.0
241.0 243.0 244.0 244.0 244.0 244.0 244.0 243.0 244.0 244.0 244.0 243.0
244.0 244.0 248.0 249.0 248.0 248.0 249.0 248.0 247.0 247.0 248.0 244.0
20.1819 80.2854 16.9192 0.00297297 37.6744 62.2222 37.3942 55.9555 5.06939 
58.0 54.0 50.0 14.0 11.0
241.0 196.0 219.0 238.0 240.0 233.0 239.0 234.0 240.0 240.0 227.0 219.0
242.0 242.0 243.0 243.0 242.0 238.0 243.0 200.0 241.0 244.0 240.0 241.0
238.0 239.0 230.0 228.0 228.0 219.0 226.0 205.0 231.0 233.0 229.0 239.0
241.0 243.0 244.0 244.0 244.0 244.0 244.0 244.0 244.0 244.0 244.0 243.0
244.0 244.0 248.0 248.0 249.0 247.0 249.0 247.0 248.0 248.0 248.0 244.0
20.1819 80.397 16.9192 0.00297297 37.2868 62.963 37.3942 55.9555 5.06939 
59.0 55.0 51.0 14.0 11.0
241.0 195.0 218.0 238.0 239.0 232.0 238.0 234.0 240.0 239.0 227.0 219.0
242.0 242.0 243.0 243.0 242.0 236.0 242.0 200.0 242.0 244.0 240.0 242.0
238.0 238.0 230.0 228.0 228.0 219.0 226.0 205.0 231.0 233.0 229.0 239.0
241.0 243.0 244.0 244.0 244.0 244.0 244.0 243.0 244.0 244.0 244.0 243.0
244.0 244.0 248.0 249.0 249.0 248.0 249.0 248.0 247.0 247.0 247.0 245.0
20.0455 80.397 16.9192 0.00297297 37.6744 62.5926 37.3942 55.9555 5.06939 
61.0 56.0 50.0 14.0 11.0
241.0 194.0 218.0 238.0 240.0 233.0 238.0 235.0 240.0 240.0 226.0 219.0
242.0 242.0 243.0 243.0 242.0 236.0 243.0 198.0 241.0 244.0 240.0 242.0
239.0 239.0 230.0 228.0 226.0 219.0 226.0 206.0 230.0 233.0 228.0 239.0
241.0 243.0 244.0 244.0 244.0 244.0 244.0 243.0 244.0 244.0 244.0 242.0
244.0 244.0 248.0 248.0 248.0 248.0 250.0 247.0 247.0 248.0 249.0 245.0
