-10000
21.1364 79.6157 13.4577 0.00297297 33.4109 42.2222 36.6479 35.2086 6.0898 
30.0 16.0 16.0 13.0 11.0
242.0 235.0 226.0 240.0 240.0 232.0 238.0 232.0 241.0 240.0 231.0 238.0
242.0 242.0 243.0 243.0 242.0 241.0 241.0 239.0 242.0 242.0 242.0 242.0
242.0 243.0 241.0 240.0 240.0 240.0 241.0 239.0 240.0 241.0 239.0 241.0
242.0 243.0 244.0 244.0 244.0 244.0 244.0 243.0 244.0 244.0 244.0 243.0
243.0 244.0 248.0 249.0 248.0 247.0 248.0 248.0 247.0 247.0 250.0 245.0
21 79.6157 13.0731 0.00297297 32.6357 52.2222 36.6479 41.8476 6.0898 
30.0 16.0 28.0 13.0 11.0
241.0 234.0 224.0 239.0 239.0 231.0 238.0 231.0 240.0 240.0 229.0 237.0
242.0 242.0 243.0 243.0 242.0 241.0 242.0 239.0 242.0 243.0 242.0 242.0
240.0 240.0 234.0 233.0 233.0 231.0 232.0 224.0 233.0 235.0 232.0 240.0
241.0 243.0 244.0 244.0 244.0 244.0 244.0 243.0 244.0 244.0 244.0 243.0
244.0 244.0 247.0 250.0 247.0 248.0 249.0 247.0 246.0 249.0 248.0 246.0
21 79.6157 13.4577 0.00297297 31.4729 60 36.6479 47.6567 6.0898 
34.0 19.0 36.0 14.0 11.0
241.0 231.0 219.0 238.0 239.0 229.0 237.0 230.0 240.0 239.0 225.0 235.0
242.0 242.0 243.0 243.0 242.0 241.0 242.0 235.0 243.0 243.0 242.0 242.0
239.0 240.0 233.0 231.0 231.0 228.0 231.0 219.0 232.0 234.0 231.0 239.0
241.0 243.0 244.0 244.0 245.0 244.0 244.0 243.0 244.0 244.0 244.0 243.0
243.0 245.0 247.0 249.0 247.0 248.0 250.0 247.0 247.0 247.0 247.0 245.0
21 79.6157 18.0731 0.00297297 33.0233 61.1111 36.2748 50.1463 6.0898 
42.0 23.0 39.0 13.0 11.0
241.0 229.0 211.0 238.0 238.0 224.0 236.0 227.0 239.0 239.0 221.0 234.0
242.0 243.0 244.0 243.0 242.0 242.0 244.0 231.0 242.0 243.0 243.0 242.0
240.0 240.0 233.0 231.0 231.0 227.0 229.0 216.0 231.0 233.0 230.0 240.0
241.0 243.0 244.0 244.0 244.0 244.0 244.0 244.0 244.0 244.0 243.0 243.0
244.0 245.0 248.0 249.0 247.0 248.0 249.0 249.0 246.0 248.0 248.0 245.0
21 79.6157 19.9962 0.00297297 34.9612 62.963 36.6479 52.221 6.0898 
46.0 25.0 40.0 13.0 12.0
241.0 227.0 208.0 237.0 238.0 222.0 236.0 227.0 239.0 239.0 220.0 235.0
242.0 242.0 243.0 243.0 242.0 242.0 244.0 231.0 243.0 243.0 243.0 242.0
239.0 240.0 233.0 229.0 230.0 226.0 226.0 215.0 230.0 233.0 230.0 239.0
242.0 243.0 244.0 244.0 244.0 244.0 244.0 243.0 244.0 244.0 244.0 243.0
243.0 244.0 247.0 249.0 247.0 248.0 248.0 248.0 248.0 248.0 248.0 246.0
20.8637 79.5041 20.3808 0.00297297 35.7364 63.7037 37.021 53.8808 6.0898 
48.0 24.0 39.0 13.0 11.0
241.0 226.0 206.0 238.0 238.0 221.0 236.0 227.0 240.0 239.0 220.0 234.0
242.0 242.0 243.0 243.0 243.0 242.0 244.0 230.0 242.0 243.0 242.0 242.0
239.0 240.0 231.0 229.0 228.0 224.0 223.0 214.0 230.0 233.0 230.0 239.0
241.0 243.0 244.0 244.0 244.0 244.0 244.0 243.0 244.0 244.0 244.0 243.0
244.0 244.0 249.0 249.0 248.0 248.0 249.0 249.0 247.0 247.0 249.0 245.0
20.8637 79.5041 20.3808 0.00297297 36.5116 63.7037 37.021 54.7107 5.57959 
50.0 26.0 40.0 13.0 11.0
241.0 224.0 204.0 237.0 238.0 220.0 236.0 226.0 239.0 239.0 219.0 234.0
242.0 242.0 243.0 243.0 242.0 242.0 243.0 229.0 242.0 243.0 242.0 242.0
239.0 240.0 231.0 228.0 228.0 224.0 223.0 216.0 230.0 232.0 230.0 239.0
242.0 243.0 245.0 245.0 244.0 244.0 244.0 244.0 244.0 244.0 244.0 243.0
243.0 244.0 248.0 249.0 248.0 247.0 249.0 247.0 246.0 247.0 249.0 245.0
20.8637 79.6157 19.6115 -0.537568 37.2868 63.3333 37.3942 55.1256 5.57959 
51.0 28.0 39.0 13.0 11.0
241.0 223.0 204.0 237.0 238.0 220.0 236.0 227.0 239.0 239.0 218.0 233.0
242.0 242.0 243.0 243.0 242.0 242.0 242.0 227.0 242.0 244.0 243.0 242.0
238.0 240.0 231.0 228.0 228.0 224.0 223.0 215.0 230.0 233.0 229.0 239.0
241.0 243.0 244.0 244.0 244.0 244.0 244.0 243.0 244.0 244.0 244.0 243.0
243.0 244.0 248.0 249.0 247.0 247.0 248.0 249.0 247.0 247.0 248.0 244.0
20.8637 79.8389 19.6115 0.00297297 37.2868 63.7037 37.3942 55.1256 5.57959 
52.0 29.0 39.0 14.0 11.0
241.0 222.0 202.0 237.0 238.0 219.0 236.0 226.0 239.0 239.0 218.0 232.0
242.0 242.0 243.0 243.0 243.0 241.0 241.0 226.0 242.0 243.0 243.0 242.0
239.0 240.0 231.0 228.0 228.0 224.0 223.0 216.0 230.0 232.0 230.0 240.0
242.0 243.0 244.0 244.0 245.0 244.0 244.0 243.0 244.0 244.0 244.0 243.0
244.0 244.0 247.0 249.0 248.0 248.0 250.0 248.0 246.0 247.0 248.0 245.0
21 79.9505 19.6115 0.00297297 37.2868 63.7037 37.3942 55.1256 5.57959 
52.0 30.0 39.0 14.0 11.0
240.0 221.0 202.0 237.0 238.0 219.0 235.0 226.0 239.0 239.0 218.0 233.0
242.0 243.0 243.0 243.0 243.0 241.0 241.0 226.0 242.0 243.0 243.0 242.0
239.0 240.0 231.0 228.0 228.0 224.0 222.0 216.0 230.0 232.0 230.0 239.0
241.0 244.0 244.0 244.0 244.0 244.0 244.0 243.0 244.0 244.0 244.0 243.0
244.0 244.0 247.0 249.0 248.0 249.0 248.0 249.0 246.0 249.0 248.0 245.0
20.8637 80.0621 19.2269 0.00297297 37.6744 64.4444 37.3942 55.5405 5.57959 
54.0 30.0 38.0 13.0 11.0
240.0 220.0 201.0 237.0 238.0 219.0 235.0 227.0 239.0 239.0 217.0 232.0
242.0 242.0 243.0 243.0 242.0 241.0 240.0 225.0 242.0 243.0 242.0 242.0
239.0 240.0 232.0 229.0 229.0 224.0 223.0 217.0 231.0 233.0 230.0 239.0
241.0 243.0 244.0 244.0 244.0 244.0 244.0 243.0 244.0 244.0 244.0 243.0
244.0 244.0 248.0 249.0 249.0 248.0 250.0 248.0 246.0 248.0 248.0 245.0
20.8637 80.0621 18.8423 0.00297297 38.062 64.8148 37.7673 55.9555 5.06939 
55.0 31.0 38.0 13.0 11.0
240.0 219.0 200.0 237.0 238.0 218.0 235.0 226.0 239.0 239.0 217.0 232.0
242.0 243.0 243.0 243.0 242.0 241.0 239.0 224.0 241.0 243.0 243.0 242.0
239.0 240.0 232.0 229.0 229.0 224.0 224.0 217.0 231.0 233.0 230.0 240.0
241.0 243.0 244.0 244.0 245.0 244.0 244.0 244.0 244.0 244.0 244.0 243.0
244.0 244.0 247.0 249.0 248.0 248.0 248.0 249.0 247.0 246.0 248.0 244.0
20.7273 79.9505 18.8423 0.00297297 38.062 64.8148 37.7673 55.9555 5.06939 
55.0 31.0 38.0 13.0 12.0
240.0 219.0 200.0 237.0 238.0 218.0 235.0 226.0 239.0 238.0 217.0 232.0
242.0 242.0 243.0 243.0 243.0 241.0 238.0 223.0 242.0 244.0 242.0 242.0
239.0 240.0 232.0 229.0 229.0 225.0 223.0 217.0 230.0 233.0 230.0 239.0
241.0 243.0 244.0 244.0 244.0 244.0 244.0 243.0 244.0 244.0 244.0 243.0
243.0 245.0 248.0 249.0 247.0 248.0 249.0 248.0 246.0 248.0 249.0 245.0
20.591 79.9505 18.8423 0.00297297 38.062 65.1852 37.7673 55.9555 5.06939 
56.0 32.0 38.0 13.0 11.0
240.0 218.0 199.0 237.0 238.0 218.0 236.0 226.0 239.0 239.0 216.0 232.0
242.0 242.0 243.0 243.0 243.0 241.0 238.0 224.0 242.0 243.0 242.0 242.0
239.0 240.0 232.0 229.0 229.0 225.0 223.0 217.0 231.0 233.0 230.0 239.0
242.0 243.0 245.0 244.0 244.0 244.0 244.0 244.0 244.0 244.0 244.0 243.0
244.0 245.0 249.0 249.0 247.0 248.0 247.0 249.0 247.0 247.0 248.0 246.0
20.591 80.0621 18.8423 0.00297297 38.062 65.1852 37.7673 55.5405 5.06939 
56.0 32.0 38.0 13.0 11.0
241.0 218.0 199.0 236.0 238.0 218.0 235.0 226.0 239.0 238.0 216.0 232.0
242.0 243.0 243.0 243.0 242.0 240.0 237.0 223.0 241.0 244.0 242.0 242.0
239.0 239.0 232.0 229.0 229.0 224.0 224.0 217.0 231.0 233.0 230.0 239.0
242.0 243.0 244.0 244.0 244.0 244.0 244.0 243.0 244.0 244.0 244.0 243.0
244.0 245.0 247.0 249.0 249.0 247.0 249.0 247.0 247.0 249.0 248.0 246.0
20.7273 80.2854 18.4577 0.00297297 38.8372 64.8148 37.7673 56.3704 5.06939 
57.0 33.0 37.0 14.0 12.0
240.0 216.0 198.0 236.0 238.0 217.0 235.0 226.0 239.0 239.0 216.0 231.0
242.0 242.0 243.0 243.0 243.0 240.0 236.0 222.0 241.0 243.0 242.0 242.0
239.0 240.0 232.0 228.0 228.0 225.0 224.0 218.0 231.0 233.0 230.0 240.0
241.0 243.0 244.0 244.0 244.0 244.0 244.0 243.0 244.0 244.0 244.0 243.0
244.0 244.0 248.0 250.0 247.0 248.0 249.0 249.0 248.0 248.0 248.0 244.0
