-10000
21 79.6157 16.9192 46.4895 29.5349 50.3704 32.1703 48.4866 2.51837 
15.0 44.0 22.0 12.0 13.0
243.0 243.0 240.0 243.0 243.0 241.0 243.0 240.0 243.0 244.0 241.0 244.0
243.0 243.0 244.0 244.0 244.0 243.0 244.0 234.0 244.0 244.0 211.0 241.0
246.0 244.0 248.0 252.0 251.0 244.0 249.0 232.0 248.0 248.0 237.0 242.0
243.0 244.0 243.0 244.0 243.0 243.0 243.0 243.0 243.0 243.0 243.0 243.0
244.0 243.0 243.0 243.0 244.0 243.0 244.0 243.0 243.0 244.0 244.0 243.0
21 80.5086 14.9962 44.3273 32.6357 52.963 34.7822 49.7314 2.51837 
15.0 60.0 23.0 12.0 13.0
244.0 243.0 240.0 244.0 243.0 241.0 243.0 240.0 243.0 244.0 240.0 244.0
243.0 243.0 243.0 244.0 244.0 241.0 246.0 220.0 244.0 244.0 194.0 242.0
247.0 244.0 249.0 255.0 252.0 245.0 250.0 232.0 249.0 247.0 243.0 243.0
243.0 244.0 243.0 243.0 243.0 243.0 244.0 243.0 243.0 244.0 243.0 243.0
244.0 242.0 244.0 242.0 243.0 244.0 244.0 243.0 244.0 244.0 244.0 243.0
20.8637 80.7318 14.6115 44.3273 32.6357 53.3333 35.1554 49.7314 2.51837 
15.0 61.0 25.0 12.0 13.0
244.0 243.0 240.0 243.0 243.0 241.0 243.0 240.0 243.0 244.0 240.0 244.0
243.0 243.0 242.0 244.0 243.0 240.0 246.0 218.0 244.0 245.0 194.0 242.0
247.0 244.0 249.0 255.0 253.0 244.0 250.0 230.0 249.0 248.0 242.0 243.0
242.0 244.0 243.0 243.0 243.0 243.0 244.0 243.0 243.0 243.0 243.0 243.0
242.0 244.0 242.0 243.0 243.0 244.0 243.0 244.0 243.0 244.0 244.0 243.0
21 80.955 13.8423 43.7868 33.7984 54.0741 35.9016 51.8061 2.51837 
15.0 64.0 26.0 13.0 13.0
244.0 243.0 240.0 243.0 243.0 241.0 243.0 240.0 243.0 244.0 240.0 244.0
243.0 243.0 242.0 244.0 243.0 239.0 246.0 210.0 244.0 245.0 191.0 243.0
248.0 244.0 249.0 255.0 255.0 244.0 251.0 229.0 249.0 248.0 244.0 243.0
243.0 243.0 243.0 243.0 243.0 243.0 244.0 243.0 242.0 244.0 243.0 243.0
243.0 243.0 243.0 243.0 243.0 243.0 243.0 243.0 243.0 244.0 244.0 242.0
21 81.0666 13.8423 43.2462 33.7984 56.6667 35.9016 52.221 3.02857 
15.0 63.0 28.0 13.0 13.0
244.0 243.0 240.0 244.0 243.0 241.0 243.0 240.0 244.0 244.0 240.0 244.0
242.0 243.0 242.0 243.0 243.0 238.0 247.0 201.0 244.0 245.0 192.0 242.0
248.0 244.0 250.0 255.0 255.0 243.0 251.0 227.0 249.0 247.0 244.0 243.0
243.0 243.0 243.0 243.0 243.0 243.0 244.0 242.0 243.0 244.0 243.0 243.0
243.0 243.0 244.0 242.0 243.0 243.0 243.0 244.0 243.0 243.0 244.0 243.0
21.1364 81.2898 13.8423 43.2462 33.7984 57.7778 36.2748 52.636 3.02857 
15.0 62.0 29.0 13.0 12.0
244.0 242.0 241.0 243.0 243.0 241.0 243.0 240.0 243.0 244.0 240.0 244.0
243.0 243.0 242.0 243.0 243.0 237.0 247.0 198.0 244.0 244.0 193.0 243.0
248.0 244.0 250.0 255.0 255.0 242.0 251.0 225.0 249.0 248.0 244.0 243.0
243.0 243.0 244.0 243.0 243.0 243.0 243.0 243.0 243.0 243.0 243.0 243.0
243.0 244.0 243.0 243.0 244.0 243.0 243.0 243.0 243.0 244.0 243.0 244.0
21.1364 81.513 13.4577 42.7057 34.186 58.5185 36.6479 53.4659 3.02857 
15.0 60.0 32.0 13.0 13.0
244.0 242.0 241.0 244.0 243.0 241.0 243.0 240.0 244.0 244.0 240.0 244.0
242.0 243.0 242.0 243.0 242.0 236.0 247.0 193.0 244.0 244.0 194.0 243.0
248.0 244.0 250.0 255.0 255.0 241.0 251.0 223.0 249.0 247.0 243.0 243.0
243.0 244.0 243.0 243.0 243.0 243.0 243.0 243.0 243.0 244.0 243.0 243.0
244.0 242.0 244.0 243.0 244.0 243.0 243.0 244.0 243.0 242.0 244.0 243.0
21.1364 81.6246 13.0731 42.7057 34.9612 58.1481 37.021 53.8808 3.53878 
15.0 68.0 32.0 12.0 13.0
244.0 242.0 240.0 244.0 243.0 242.0 243.0 240.0 243.0 244.0 240.0 243.0
243.0 243.0 242.0 243.0 243.0 235.0 247.0 187.0 244.0 244.0 192.0 243.0
248.0 244.0 251.0 255.0 255.0 240.0 251.0 222.0 249.0 247.0 244.0 243.0
243.0 244.0 243.0 243.0 243.0 243.0 243.0 243.0 243.0 243.0 243.0 243.0
244.0 243.0 244.0 243.0 244.0 243.0 243.0 244.0 243.0 243.0 244.0 243.0
21 81.7362 13.0731 42.1651 34.9612 58.8889 37.021 55.1256 3.02857 
15.0 71.0 34.0 12.0 13.0
244.0 242.0 241.0 244.0 244.0 241.0 243.0 240.0 243.0 244.0 240.0 243.0
243.0 243.0 241.0 243.0 243.0 234.0 247.0 184.0 244.0 244.0 193.0 243.0
248.0 244.0 251.0 255.0 255.0 239.0 251.0 221.0 249.0 247.0 244.0 243.0
243.0 243.0 243.0 244.0 243.0 243.0 243.0 243.0 243.0 243.0 243.0 243.0
243.0 244.0 242.0 243.0 243.0 244.0 244.0 244.0 243.0 244.0 244.0 243.0
21 81.6246 12.6885 40.5435 35.3488 60 37.3942 55.1256 3.53878 
14.0 75.0 35.0 12.0 13.0
244.0 241.0 241.0 244.0 243.0 242.0 243.0 241.0 243.0 244.0 241.0 243.0
242.0 243.0 241.0 243.0 242.0 233.0 247.0 179.0 244.0 244.0 197.0 243.0
249.0 244.0 251.0 255.0 255.0 239.0 251.0 220.0 248.0 247.0 245.0 243.0
242.0 244.0 243.0 243.0 243.0 243.0 244.0 242.0 243.0 243.0 243.0 243.0
243.0 243.0 243.0 243.0 243.0 244.0 242.0 244.0 242.0 243.0 244.0 242.0
21 81.8479 12.6885 40.5435 35.3488 61.4815 37.7673 55.1256 3.02857 
14.0 79.0 36.0 12.0 13.0
244.0 241.0 241.0 243.0 243.0 242.0 243.0 241.0 244.0 244.0 240.0 242.0
243.0 243.0 241.0 243.0 242.0 233.0 247.0 176.0 244.0 244.0 199.0 243.0
248.0 244.0 251.0 255.0 255.0 238.0 251.0 218.0 248.0 247.0 244.0 243.0
243.0 244.0 243.0 243.0 243.0 243.0 244.0 243.0 243.0 243.0 243.0 243.0
243.0 244.0 243.0 244.0 242.0 244.0 243.0 243.0 243.0 244.0 243.0 244.0
21.1364 81.6246 12.3038 39.4624 35.3488 61.1111 37.7673 55.1256 2.51837 
15.0 81.0 37.0 12.0 12.0
244.0 242.0 241.0 244.0 243.0 243.0 243.0 241.0 244.0 244.0 241.0 242.0
243.0 243.0 241.0 243.0 242.0 232.0 247.0 173.0 243.0 243.0 198.0 243.0
248.0 245.0 251.0 255.0 255.0 238.0 250.0 218.0 248.0 247.0 245.0 243.0
243.0 244.0 243.0 243.0 243.0 244.0 244.0 243.0 243.0 244.0 242.0 243.0
243.0 243.0 243.0 244.0 243.0 244.0 242.0 244.0 243.0 244.0 244.0 243.0
21.2728 81.6246 12.3038 39.4624 35.7364 60.7407 37.7673 54.7107 2.51837 
14.0 83.0 38.0 13.0 13.0
244.0 241.0 241.0 243.0 243.0 242.0 243.0 242.0 243.0 244.0 240.0 242.0
243.0 243.0 241.0 243.0 242.0 232.0 247.0 172.0 243.0 243.0 198.0 243.0
249.0 244.0 251.0 255.0 255.0 238.0 251.0 217.0 248.0 247.0 244.0 243.0
242.0 244.0 243.0 243.0 243.0 243.0 244.0 243.0 243.0 243.0 243.0 243.0
242.0 243.0 243.0 244.0 243.0 244.0 243.0 244.0 244.0 243.0 244.0 243.0
