-10000
21.1364 79.5041 12.6885 0.00297297 36.8992 63.3333 31.0509 52.221 8.13061 
29.0 21.0 40.0 13.0 12.0
242.0 227.0 227.0 239.0 240.0 235.0 239.0 235.0 241.0 240.0 231.0 232.0
242.0 242.0 243.0 243.0 242.0 242.0 244.0 234.0 243.0 243.0 242.0 242.0
240.0 240.0 233.0 232.0 231.0 228.0 230.0 215.0 233.0 234.0 230.0 239.0
242.0 243.0 244.0 244.0 244.0 244.0 244.0 243.0 244.0 244.0 244.0 243.0
244.0 243.0 248.0 248.0 247.0 247.0 248.0 248.0 247.0 248.0 248.0 245.0
21.2728 79.3925 18.0731 0.00297297 35.3488 62.5926 31.7972 53.8808 8.13061 
32.0 26.0 43.0 13.0 12.0
242.0 222.0 221.0 239.0 240.0 232.0 238.0 233.0 240.0 240.0 227.0 230.0
242.0 243.0 244.0 243.0 242.0 242.0 245.0 229.0 243.0 243.0 243.0 242.0
240.0 240.0 234.0 232.0 232.0 227.0 231.0 212.0 233.0 234.0 231.0 240.0
242.0 243.0 244.0 244.0 244.0 244.0 244.0 243.0 244.0 244.0 244.0 243.0
244.0 244.0 247.0 250.0 248.0 248.0 248.0 247.0 247.0 248.0 248.0 244.0
21.4091 79.3925 18.4577 0.00297297 34.9612 62.5926 33.6628 54.2957 7.62041 
37.0 29.0 44.0 14.0 11.0
242.0 219.0 218.0 238.0 240.0 231.0 238.0 233.0 240.0 240.0 226.0 229.0
242.0 243.0 244.0 244.0 242.0 241.0 244.0 225.0 243.0 243.0 243.0 242.0
240.0 241.0 233.0 231.0 231.0 224.0 230.0 211.0 232.0 234.0 231.0 240.0
241.0 243.0 244.0 244.0 244.0 244.0 244.0 243.0 244.0 244.0 244.0 243.0
244.0 244.0 247.0 248.0 246.0 248.0 249.0 248.0 247.0 247.0 248.0 245.0
21.4091 79.6157 18.0731 0.00297297 35.7364 61.8519 34.7822 54.7107 7.1102 
38.0 34.0 45.0 13.0 12.0
242.0 216.0 217.0 238.0 239.0 231.0 238.0 233.0 240.0 240.0 225.0 229.0
242.0 242.0 243.0 243.0 242.0 241.0 244.0 221.0 243.0 244.0 243.0 242.0
239.0 240.0 233.0 230.0 231.0 223.0 229.0 210.0 232.0 234.0 231.0 240.0
242.0 243.0 244.0 244.0 244.0 244.0 244.0 243.0 244.0 244.0 244.0 243.0
243.0 244.0 247.0 249.0 247.0 249.0 248.0 247.0 247.0 247.0 248.0 244.0
21.2728 79.6157 18.0731 0.00297297 36.124 61.8519 35.1554 55.1256 7.1102 
40.0 34.0 46.0 13.0 11.0
241.0 215.0 217.0 238.0 239.0 230.0 238.0 232.0 240.0 239.0 224.0 228.0
242.0 242.0 243.0 243.0 242.0 240.0 244.0 220.0 242.0 243.0 243.0 242.0
239.0 240.0 232.0 230.0 231.0 223.0 228.0 209.0 231.0 233.0 230.0 240.0
242.0 243.0 244.0 244.0 244.0 245.0 244.0 244.0 244.0 245.0 244.0 243.0
244.0 244.0 247.0 249.0 248.0 247.0 248.0 249.0 246.0 248.0 248.0 244.0
21.2728 79.7273 17.6885 0.00297297 36.5116 61.8519 35.5285 55.5405 6.6 
41.0 37.0 44.0 14.0 11.0
241.0 213.0 216.0 238.0 239.0 230.0 238.0 233.0 240.0 239.0 225.0 227.0
242.0 243.0 243.0 243.0 243.0 240.0 244.0 217.0 243.0 243.0 243.0 242.0
239.0 240.0 232.0 230.0 230.0 223.0 229.0 210.0 232.0 233.0 230.0 240.0
241.0 243.0 244.0 244.0 244.0 244.0 244.0 243.0 244.0 244.0 244.0 243.0
244.0 244.0 247.0 249.0 247.0 248.0 249.0 247.0 247.0 248.0 248.0 245.0
21.2728 79.7273 17.6885 0.00297297 36.8992 61.8519 35.5285 55.5405 6.6 
43.0 39.0 44.0 13.0 11.0
241.0 211.0 215.0 238.0 239.0 230.0 238.0 232.0 240.0 239.0 224.0 227.0
243.0 243.0 243.0 243.0 242.0 239.0 243.0 216.0 242.0 244.0 243.0 242.0
239.0 241.0 232.0 230.0 230.0 223.0 229.0 211.0 231.0 233.0 230.0 240.0
242.0 243.0 244.0 244.0 244.0 244.0 244.0 244.0 244.0 244.0 244.0 243.0
243.0 245.0 248.0 248.0 248.0 247.0 249.0 248.0 247.0 247.0 248.0 244.0
21.2728 79.9505 17.6885 -0.537568 36.8992 62.5926 35.5285 55.5405 6.6 
44.0 40.0 43.0 14.0 11.0
241.0 210.0 215.0 238.0 239.0 230.0 238.0 232.0 240.0 240.0 223.0 226.0
242.0 242.0 243.0 243.0 243.0 239.0 243.0 214.0 242.0 244.0 243.0 242.0
239.0 240.0 232.0 230.0 230.0 223.0 229.0 211.0 232.0 233.0 230.0 240.0
242.0 243.0 245.0 244.0 244.0 244.0 244.0 244.0 244.0 244.0 244.0 243.0
244.0 244.0 248.0 249.0 247.0 248.0 249.0 248.0 246.0 248.0 248.0 244.0
21.4091 80.1737 17.3038 0.00297297 37.2868 62.963 35.5285 55.9555 6.6 
46.0 42.0 43.0 13.0 11.0
241.0 209.0 214.0 238.0 239.0 229.0 238.0 232.0 240.0 239.0 223.0 226.0
242.0 242.0 243.0 243.0 242.0 238.0 242.0 212.0 242.0 244.0 242.0 242.0
240.0 240.0 232.0 231.0 231.0 224.0 229.0 212.0 233.0 234.0 231.0 240.0
241.0 244.0 244.0 244.0 244.0 244.0 244.0 244.0 244.0 244.0 244.0 243.0
244.0 244.0 247.0 249.0 248.0 247.0 248.0 248.0 246.0 248.0 247.0 244.0
21.4091 80.397 16.9192 0.00297297 37.6744 62.5926 35.5285 55.9555 6.6 
48.0 45.0 42.0 14.0 11.0
241.0 207.0 213.0 238.0 239.0 230.0 237.0 233.0 240.0 239.0 222.0 225.0
242.0 243.0 244.0 243.0 243.0 239.0 242.0 210.0 242.0 244.0 243.0 242.0
239.0 240.0 231.0 230.0 231.0 224.0 229.0 212.0 232.0 235.0 231.0 240.0
242.0 243.0 244.0 244.0 244.0 244.0 244.0 244.0 244.0 244.0 244.0 243.0
244.0 245.0 247.0 248.0 247.0 249.0 249.0 247.0 247.0 248.0 248.0 245.0
21.2728 80.2854 17.3038 0.00297297 37.6744 62.2222 35.9016 55.9555 6.6 
48.0 45.0 42.0 13.0 12.0
241.0 206.0 212.0 238.0 239.0 229.0 238.0 232.0 240.0 239.0 221.0 225.0
242.0 243.0 243.0 243.0 242.0 238.0 241.0 208.0 241.0 244.0 243.0 242.0
240.0 239.0 231.0 230.0 231.0 224.0 229.0 212.0 232.0 234.0 231.0 240.0
242.0 243.0 244.0 244.0 244.0 244.0 244.0 243.0 244.0 244.0 244.0 243.0
244.0 244.0 248.0 248.0 247.0 248.0 248.0 248.0 247.0 248.0 248.0 245.0
21.2728 80.2854 17.3038 -0.537568 37.6744 62.963 35.5285 55.9555 6.6 
50.0 46.0 43.0 13.0 11.0
241.0 204.0 211.0 238.0 239.0 229.0 237.0 232.0 240.0 239.0 221.0 224.0
242.0 243.0 243.0 243.0 242.0 238.0 241.0 208.0 241.0 244.0 242.0 242.0
239.0 240.0 232.0 230.0 231.0 223.0 229.0 212.0 232.0 234.0 231.0 240.0
242.0 243.0 244.0 244.0 244.0 244.0 244.0 244.0 244.0 244.0 244.0 243.0
244.0 244.0 248.0 249.0 248.0 247.0 248.0 247.0 247.0 248.0 248.0 245.0
