-10000
21.2728 79.9505 14.9962 0.00297297 19.0698 18.1481 23.2151 43.0924 6.0898 
16.0 16.0 16.0 13.0 11.0
242.0 241.0 239.0 242.0 242.0 241.0 241.0 240.0 242.0 242.0 241.0 241.0
242.0 243.0 243.0 243.0 242.0 241.0 241.0 239.0 242.0 243.0 242.0 242.0
242.0 243.0 241.0 241.0 240.0 240.0 241.0 242.0 241.0 241.0 240.0 241.0
242.0 243.0 244.0 244.0 244.0 244.0 244.0 243.0 244.0 244.0 244.0 243.0
244.0 243.0 248.0 248.0 247.0 249.0 249.0 247.0 247.0 247.0 248.0 245.0
21.1364 79.8389 16.15 0.00297297 28.7597 30.7407 23.2151 48.9015 6.0898 
16.0 16.0 16.0 14.0 11.0
242.0 240.0 238.0 241.0 241.0 240.0 241.0 240.0 242.0 242.0 240.0 241.0
241.0 242.0 243.0 242.0 242.0 241.0 241.0 239.0 242.0 243.0 242.0 243.0
242.0 242.0 241.0 241.0 241.0 240.0 241.0 242.0 241.0 241.0 239.0 241.0
241.0 243.0 245.0 244.0 244.0 244.0 244.0 243.0 244.0 244.0 244.0 243.0
244.0 244.0 248.0 248.0 249.0 248.0 249.0 247.0 247.0 247.0 246.0 245.0
21.1364 79.8389 16.9192 0.00297297 31.4729 53.3333 24.3345 52.221 6.0898 
25.0 17.0 15.0 14.0 11.0
241.0 236.0 224.0 239.0 239.0 229.0 237.0 230.0 240.0 240.0 229.0 238.0
242.0 243.0 243.0 243.0 242.0 241.0 242.0 237.0 242.0 243.0 242.0 242.0
242.0 243.0 242.0 240.0 240.0 240.0 240.0 241.0 241.0 241.0 239.0 241.0
241.0 243.0 244.0 244.0 244.0 244.0 244.0 243.0 244.0 244.0 244.0 243.0
243.0 244.0 249.0 249.0 248.0 248.0 248.0 248.0 247.0 247.0 248.0 244.0
21.2728 80.0621 16.9192 0.00297297 32.6357 62.963 30.3046 52.221 6.0898 
38.0 19.0 32.0 13.0 12.0
241.0 232.0 216.0 238.0 239.0 225.0 237.0 227.0 239.0 239.0 223.0 236.0
242.0 243.0 243.0 243.0 242.0 241.0 243.0 235.0 242.0 243.0 242.0 242.0
240.0 240.0 235.0 232.0 231.0 229.0 229.0 219.0 233.0 235.0 232.0 239.0
242.0 243.0 244.0 244.0 244.0 244.0 244.0 244.0 244.0 244.0 244.0 243.0
244.0 244.0 247.0 248.0 249.0 247.0 249.0 247.0 247.0 247.0 248.0 245.0
21.4091 79.9505 18.4577 0.00297297 35.3488 64.0741 33.6628 52.636 6.0898 
44.0 20.0 37.0 14.0 11.0
241.0 231.0 210.0 238.0 238.0 221.0 235.0 225.0 240.0 239.0 220.0 236.0
242.0 242.0 243.0 243.0 242.0 241.0 244.0 235.0 242.0 242.0 242.0 242.0
240.0 240.0 234.0 231.0 229.0 228.0 226.0 217.0 231.0 233.0 230.0 239.0
241.0 244.0 244.0 244.0 244.0 244.0 244.0 243.0 244.0 244.0 244.0 243.0
244.0 245.0 248.0 249.0 248.0 247.0 249.0 247.0 247.0 248.0 250.0 245.0
21.2728 79.8389 19.6115 0.00297297 36.124 64.4444 35.1554 53.0509 6.0898 
49.0 21.0 39.0 13.0 11.0
241.0 230.0 206.0 238.0 238.0 217.0 235.0 224.0 239.0 239.0 218.0 236.0
242.0 242.0 243.0 243.0 242.0 242.0 243.0 234.0 242.0 242.0 242.0 242.0
240.0 240.0 233.0 230.0 228.0 227.0 224.0 217.0 230.0 233.0 230.0 239.0
241.0 243.0 245.0 244.0 244.0 245.0 244.0 243.0 244.0 244.0 244.0 243.0
244.0 244.0 248.0 249.0 248.0 249.0 249.0 248.0 247.0 248.0 248.0 246.0
21.2728 79.7273 19.9962 0.00297297 36.8992 65.1852 35.9016 54.7107 5.57959 
51.0 21.0 37.0 13.0 11.0
240.0 229.0 203.0 237.0 238.0 216.0 235.0 223.0 239.0 239.0 218.0 236.0
242.0 243.0 243.0 243.0 242.0 242.0 242.0 233.0 242.0 243.0 242.0 242.0
239.0 240.0 233.0 230.0 228.0 228.0 222.0 218.0 230.0 233.0 230.0 239.0
242.0 243.0 244.0 244.0 244.0 244.0 244.0 243.0 244.0 244.0 244.0 243.0
244.0 244.0 248.0 249.0 248.0 249.0 249.0 247.0 247.0 247.0 247.0 244.0
21.2728 79.8389 19.9962 0.00297297 37.2868 65.5556 36.2748 55.1256 5.57959 
54.0 22.0 36.0 14.0 11.0
240.0 228.0 202.0 237.0 238.0 215.0 235.0 223.0 239.0 238.0 216.0 235.0
241.0 242.0 243.0 242.0 242.0 241.0 240.0 232.0 242.0 243.0 242.0 242.0
239.0 240.0 233.0 229.0 227.0 227.0 222.0 219.0 230.0 233.0 230.0 239.0
242.0 243.0 244.0 244.0 244.0 245.0 244.0 243.0 244.0 244.0 244.0 243.0
244.0 244.0 247.0 249.0 248.0 248.0 248.0 248.0 247.0 248.0 249.0 245.0
21.2728 80.0621 19.9962 -0.537568 37.6744 65.5556 36.2748 55.5405 5.57959 
55.0 24.0 37.0 14.0 12.0
240.0 226.0 200.0 237.0 238.0 215.0 234.0 223.0 239.0 238.0 217.0 235.0
242.0 242.0 243.0 243.0 243.0 241.0 238.0 231.0 242.0 243.0 242.0 242.0
240.0 240.0 233.0 229.0 227.0 227.0 221.0 219.0 230.0 233.0 231.0 239.0
242.0 243.0 244.0 244.0 244.0 244.0 244.0 243.0 244.0 244.0 244.0 242.0
244.0 244.0 248.0 249.0 248.0 249.0 248.0 248.0 246.0 247.0 249.0 245.0
21.4091 80.1737 19.6115 0.00297297 37.6744 66.2963 36.2748 55.5405 5.57959 
56.0 24.0 36.0 13.0 12.0
240.0 226.0 200.0 236.0 238.0 214.0 235.0 223.0 239.0 238.0 216.0 235.0
242.0 242.0 243.0 243.0 242.0 242.0 238.0 231.0 241.0 243.0 242.0 242.0
239.0 240.0 233.0 229.0 227.0 227.0 221.0 218.0 230.0 233.0 230.0 239.0
242.0 243.0 244.0 244.0 244.0 244.0 244.0 243.0 244.0 244.0 244.0 243.0
244.0 244.0 248.0 249.0 249.0 248.0 249.0 249.0 247.0 249.0 248.0 245.0
21.4091 80.2854 19.6115 -0.537568 38.062 66.2963 36.2748 55.5405 5.57959 
56.0 24.0 36.0 13.0 11.0
241.0 226.0 199.0 237.0 237.0 215.0 234.0 223.0 239.0 238.0 215.0 235.0
242.0 243.0 243.0 243.0 242.0 241.0 237.0 230.0 241.0 243.0 242.0 242.0
239.0 240.0 232.0 229.0 227.0 227.0 221.0 219.0 230.0 233.0 230.0 239.0
241.0 243.0 245.0 244.0 244.0 244.0 244.0 243.0 244.0 244.0 244.0 243.0
244.0 244.0 248.0 249.0 247.0 249.0 249.0 248.0 247.0 247.0 248.0 245.0
21.2728 80.2854 19.2269 -0.537568 38.4496 65.9259 36.2748 55.5405 5.57959 
57.0 25.0 36.0 13.0 11.0
240.0 225.0 198.0 237.0 238.0 213.0 234.0 223.0 239.0 239.0 215.0 235.0
242.0 242.0 243.0 243.0 242.0 240.0 234.0 230.0 241.0 243.0 242.0 242.0
240.0 240.0 233.0 230.0 227.0 227.0 222.0 219.0 231.0 233.0 230.0 239.0
241.0 243.0 244.0 244.0 245.0 244.0 244.0 243.0 244.0 244.0 244.0 243.0
243.0 244.0 248.0 250.0 247.0 248.0 248.0 249.0 246.0 249.0 248.0 244.0
21.1364 80.2854 19.2269 -0.537568 38.4496 65.9259 36.2748 55.5405 5.06939 
58.0 25.0 36.0 13.0 11.0
240.0 225.0 197.0 236.0 238.0 213.0 234.0 223.0 239.0 239.0 215.0 235.0
242.0 242.0 243.0 243.0 243.0 240.0 235.0 229.0 241.0 244.0 242.0 242.0
239.0 239.0 233.0 229.0 227.0 227.0 221.0 219.0 230.0 232.0 230.0 239.0
241.0 243.0 244.0 244.0 244.0 244.0 244.0 243.0 244.0 244.0 244.0 243.0
243.0 244.0 248.0 249.0 247.0 247.0 250.0 248.0 247.0 248.0 247.0 245.0
21.2728 80.2854 19.2269 0.00297297 38.4496 65.9259 36.2748 55.9555 5.06939 
58.0 25.0 37.0 14.0 11.0
240.0 225.0 197.0 236.0 238.0 213.0 234.0 223.0 239.0 238.0 214.0 235.0
241.0 243.0 243.0 243.0 242.0 240.0 234.0 230.0 241.0 243.0 242.0 242.0
239.0 240.0 233.0 229.0 227.0 226.0 222.0 219.0 230.0 233.0 230.0 239.0
242.0 243.0 244.0 244.0 244.0 244.0 244.0 243.0 244.0 244.0 244.0 243.0
244.0 244.0 248.0 249.0 248.0 248.0 249.0 247.0 246.0 248.0 247.0 245.0
21.2728 80.2854 19.2269 -0.537568 38.8372 65.9259 36.2748 55.5405 5.06939 
59.0 26.0 37.0 13.0 12.0
240.0 224.0 196.0 237.0 238.0 213.0 235.0 223.0 239.0 238.0 214.0 234.0
242.0 242.0 243.0 244.0 243.0 242.0 234.0 229.0 240.0 243.0 242.0 242.0
238.0 239.0 232.0 228.0 227.0 226.0 222.0 219.0 230.0 233.0 230.0 239.0
242.0 243.0 244.0 244.0 245.0 244.0 244.0 243.0 244.0 244.0 244.0 243.0
243.0 244.0 248.0 249.0 248.0 247.0 250.0 248.0 247.0 248.0 248.0 246.0
21.2728 80.397 19.2269 0.00297297 38.8372 65.9259 36.2748 55.5405 5.06939 
59.0 26.0 36.0 13.0 11.0
240.0 224.0 196.0 237.0 237.0 213.0 234.0 223.0 239.0 238.0 214.0 234.0
242.0 242.0 243.0 243.0 243.0 241.0 233.0 229.0 240.0 244.0 242.0 242.0
239.0 239.0 232.0 228.0 227.0 227.0 222.0 219.0 230.0 233.0 230.0 239.0
241.0 243.0 244.0 244.0 244.0 244.0 244.0 243.0 244.0 244.0 244.0 243.0
244.0 244.0 247.0 249.0 248.0 249.0 248.0 249.0 247.0 247.0 248.0 244.0
