-10000
21.1364 79.7273 11.5346 0.00297297 34.5736 63.7037 32.1703 51.3912 6.0898 
30.0 19.0 35.0 13.0 11.0
242.0 230.0 225.0 239.0 240.0 233.0 239.0 234.0 240.0 240.0 229.0 234.0
242.0 242.0 243.0 243.0 242.0 241.0 243.0 235.0 243.0 243.0 242.0 242.0
240.0 240.0 233.0 232.0 232.0 229.0 231.0 220.0 233.0 235.0 231.0 240.0
241.0 243.0 244.0 245.0 244.0 244.0 244.0 244.0 244.0 244.0 244.0 243.0
244.0 244.0 247.0 250.0 248.0 247.0 249.0 248.0 247.0 248.0 248.0 245.0
21.1364 79.3925 17.6885 -0.537568 33.7984 63.3333 33.2897 51.8061 6.0898 
37.0 23.0 40.0 14.0 11.0
242.0 226.0 217.0 239.0 239.0 230.0 237.0 231.0 240.0 240.0 224.0 232.0
243.0 243.0 243.0 243.0 242.0 242.0 244.0 232.0 243.0 243.0 242.0 242.0
240.0 240.0 233.0 232.0 231.0 226.0 230.0 213.0 232.0 234.0 230.0 239.0
242.0 243.0 244.0 244.0 244.0 244.0 244.0 243.0 244.0 244.0 244.0 243.0
244.0 244.0 247.0 249.0 249.0 247.0 249.0 249.0 246.0 248.0 249.0 244.0
21.1364 79.3925 19.2269 -0.537568 35.3488 63.3333 34.7822 53.4659 6.0898 
40.0 24.0 42.0 14.0 11.0
241.0 224.0 214.0 238.0 239.0 229.0 237.0 230.0 240.0 239.0 223.0 232.0
242.0 243.0 244.0 243.0 243.0 242.0 244.0 231.0 243.0 243.0 242.0 243.0
239.0 240.0 233.0 230.0 231.0 225.0 228.0 213.0 232.0 234.0 231.0 240.0
242.0 243.0 244.0 244.0 244.0 244.0 244.0 243.0 244.0 244.0 244.0 243.0
244.0 244.0 247.0 249.0 248.0 248.0 248.0 249.0 247.0 247.0 249.0 245.0
21.1364 79.5041 19.9962 -0.537568 35.3488 62.963 35.1554 54.2957 6.0898 
42.0 26.0 43.0 14.0 11.0
241.0 223.0 212.0 238.0 239.0 228.0 237.0 230.0 240.0 240.0 223.0 232.0
242.0 242.0 243.0 243.0 242.0 242.0 244.0 228.0 243.0 243.0 242.0 242.0
239.0 241.0 232.0 230.0 230.0 224.0 227.0 213.0 231.0 233.0 231.0 240.0
241.0 243.0 244.0 244.0 245.0 244.0 244.0 243.0 244.0 244.0 244.0 243.0
243.0 244.0 248.0 249.0 248.0 247.0 249.0 248.0 247.0 247.0 247.0 245.0
21.1364 79.6157 19.6115 -0.537568 35.7364 62.963 35.9016 54.7107 5.57959 
44.0 29.0 43.0 13.0 11.0
241.0 221.0 211.0 238.0 239.0 227.0 237.0 230.0 240.0 239.0 222.0 231.0
242.0 243.0 244.0 243.0 243.0 241.0 244.0 226.0 242.0 243.0 243.0 242.0
239.0 240.0 232.0 229.0 230.0 223.0 227.0 212.0 232.0 233.0 230.0 239.0
242.0 243.0 244.0 244.0 245.0 244.0 244.0 243.0 244.0 244.0 244.0 243.0
244.0 244.0 248.0 249.0 248.0 248.0 249.0 248.0 246.0 248.0 248.0 245.0
21 79.6157 18.8423 -0.537568 36.5116 62.5926 36.2748 55.1256 5.57959 
45.0 32.0 43.0 13.0 11.0
241.0 219.0 210.0 238.0 239.0 227.0 237.0 230.0 240.0 239.0 221.0 230.0
242.0 242.0 243.0 243.0 242.0 240.0 243.0 223.0 243.0 244.0 243.0 242.0
239.0 240.0 232.0 229.0 230.0 223.0 226.0 213.0 231.0 233.0 230.0 240.0
242.0 243.0 244.0 244.0 244.0 244.0 244.0 244.0 244.0 244.0 244.0 243.0
244.0 244.0 248.0 250.0 248.0 248.0 250.0 248.0 247.0 247.0 247.0 245.0
21 79.7273 18.8423 -0.537568 36.5116 62.963 36.2748 55.1256 5.57959 
46.0 32.0 42.0 13.0 11.0
241.0 218.0 209.0 238.0 239.0 227.0 237.0 231.0 240.0 239.0 220.0 230.0
242.0 243.0 243.0 243.0 242.0 240.0 243.0 222.0 242.0 243.0 243.0 242.0
239.0 240.0 232.0 229.0 229.0 222.0 226.0 213.0 231.0 233.0 230.0 240.0
241.0 244.0 245.0 244.0 244.0 244.0 244.0 243.0 244.0 245.0 244.0 243.0
244.0 244.0 247.0 249.0 248.0 248.0 248.0 249.0 247.0 247.0 248.0 246.0
21 79.8389 18.8423 -0.537568 36.8992 62.5926 36.6479 55.1256 5.57959 
47.0 34.0 42.0 14.0 11.0
241.0 216.0 209.0 238.0 239.0 226.0 237.0 230.0 240.0 239.0 221.0 230.0
242.0 243.0 243.0 243.0 242.0 240.0 242.0 221.0 242.0 243.0 243.0 242.0
239.0 240.0 231.0 229.0 229.0 222.0 226.0 214.0 230.0 233.0 230.0 239.0
242.0 243.0 244.0 244.0 244.0 244.0 244.0 243.0 244.0 244.0 244.0 243.0
244.0 244.0 247.0 249.0 248.0 248.0 248.0 248.0 247.0 248.0 248.0 245.0
21.1364 80.0621 18.4577 -0.537568 37.2868 63.3333 36.6479 55.5405 5.06939 
48.0 35.0 42.0 13.0 11.0
241.0 215.0 207.0 237.0 239.0 226.0 237.0 230.0 240.0 239.0 220.0 229.0
242.0 242.0 243.0 243.0 242.0 239.0 242.0 219.0 242.0 243.0 243.0 242.0
239.0 240.0 233.0 230.0 230.0 223.0 227.0 214.0 231.0 234.0 231.0 240.0
241.0 243.0 245.0 244.0 244.0 244.0 244.0 244.0 244.0 244.0 244.0 243.0
244.0 244.0 248.0 250.0 248.0 249.0 249.0 248.0 247.0 248.0 248.0 245.0
21.1364 80.1737 18.4577 -0.537568 37.2868 63.3333 36.6479 55.5405 5.06939 
47.0 35.0 42.0 14.0 11.0
241.0 214.0 207.0 237.0 238.0 226.0 236.0 230.0 239.0 239.0 219.0 229.0
242.0 242.0 244.0 243.0 242.0 239.0 241.0 219.0 242.0 244.0 242.0 242.0
239.0 240.0 232.0 230.0 230.0 224.0 227.0 214.0 232.0 234.0 231.0 240.0
242.0 243.0 244.0 244.0 244.0 244.0 244.0 244.0 244.0 244.0 244.0 243.0
243.0 244.0 248.0 250.0 249.0 248.0 248.0 249.0 247.0 248.0 248.0 245.0
21.1364 80.1737 18.4577 0.00297297 37.2868 64.0741 36.6479 55.9555 5.06939 
49.0 36.0 41.0 13.0 11.0
241.0 213.0 207.0 237.0 239.0 226.0 236.0 230.0 239.0 239.0 220.0 229.0
242.0 242.0 243.0 243.0 242.0 239.0 241.0 219.0 242.0 244.0 243.0 242.0
239.0 240.0 232.0 230.0 230.0 224.0 227.0 214.0 231.0 234.0 231.0 239.0
242.0 243.0 244.0 244.0 244.0 244.0 244.0 243.0 244.0 244.0 244.0 243.0
244.0 245.0 247.0 249.0 249.0 247.0 249.0 248.0 247.0 248.0 248.0 246.0
21 80.1737 18.0731 -0.537568 38.062 63.7037 36.6479 55.9555 5.57959 
49.0 39.0 40.0 13.0 12.0
241.0 212.0 206.0 238.0 239.0 225.0 237.0 230.0 239.0 239.0 219.0 229.0
242.0 242.0 243.0 243.0 243.0 238.0 239.0 216.0 242.0 244.0 243.0 242.0
239.0 240.0 232.0 230.0 231.0 223.0 226.0 215.0 232.0 235.0 231.0 240.0
241.0 243.0 244.0 244.0 244.0 244.0 244.0 243.0 244.0 244.0 244.0 243.0
244.0 244.0 248.0 249.0 247.0 248.0 248.0 248.0 247.0 248.0 249.0 245.0
