-10000
21.4091 79.9505 15.3808 0.00297297 14.031 17.037 34.7822 43.9223 6.0898 
26.0 16.0 37.0 13.0 11.0
242.0 233.0 229.0 240.0 241.0 235.0 239.0 235.0 241.0 240.0 233.0 236.0
242.0 242.0 243.0 242.0 242.0 241.0 240.0 239.0 241.0 242.0 242.0 242.0
240.0 241.0 234.0 233.0 232.0 229.0 233.0 218.0 235.0 235.0 230.0 240.0
241.0 243.0 245.0 244.0 244.0 244.0 244.0 243.0 244.0 244.0 244.0 243.0
244.0 244.0 248.0 249.0 248.0 248.0 248.0 248.0 247.0 248.0 247.0 245.0
21.2728 79.5041 20.7654 0.00297297 28.3721 33.7037 35.1554 44.7522 6.0898 
30.0 17.0 43.0 13.0 11.0
241.0 231.0 225.0 239.0 240.0 233.0 239.0 234.0 241.0 240.0 229.0 234.0
242.0 243.0 243.0 243.0 242.0 242.0 241.0 238.0 242.0 243.0 242.0 242.0
240.0 240.0 233.0 233.0 232.0 226.0 232.0 212.0 234.0 234.0 229.0 240.0
241.0 243.0 245.0 244.0 244.0 244.0 244.0 243.0 244.0 244.0 244.0 243.0
243.0 244.0 247.0 248.0 248.0 248.0 248.0 248.0 247.0 248.0 248.0 244.0
21.2728 79.6157 19.9962 0.00297297 29.1473 53.3333 35.9016 49.3165 5.57959 
31.0 18.0 46.0 13.0 12.0
242.0 226.0 224.0 239.0 239.0 233.0 238.0 234.0 240.0 240.0 229.0 233.0
242.0 242.0 243.0 243.0 242.0 241.0 242.0 234.0 243.0 243.0 239.0 242.0
240.0 239.0 233.0 233.0 232.0 226.0 232.0 210.0 234.0 234.0 230.0 239.0
242.0 243.0 244.0 244.0 244.0 244.0 244.0 244.0 244.0 245.0 244.0 243.0
244.0 244.0 248.0 248.0 248.0 249.0 247.0 248.0 246.0 247.0 248.0 245.0
21.2728 79.7273 18.8423 0.00297297 32.6357 62.963 36.2748 52.636 5.57959 
33.0 28.0 48.0 13.0 11.0
243.0 222.0 224.0 239.0 240.0 234.0 239.0 234.0 240.0 240.0 229.0 232.0
242.0 242.0 243.0 243.0 242.0 241.0 244.0 226.0 243.0 243.0 242.0 242.0
240.0 239.0 232.0 232.0 230.0 224.0 228.0 206.0 232.0 233.0 228.0 239.0
241.0 243.0 244.0 244.0 244.0 244.0 244.0 243.0 244.0 244.0 244.0 243.0
244.0 244.0 248.0 248.0 248.0 248.0 249.0 247.0 247.0 247.0 248.0 245.0
21.1364 79.9505 18.0731 0.00297297 34.186 64.0741 36.6479 53.8808 5.57959 
37.0 33.0 49.0 13.0 12.0
242.0 217.0 223.0 239.0 240.0 234.0 239.0 234.0 240.0 240.0 229.0 230.0
242.0 242.0 243.0 243.0 242.0 240.0 244.0 222.0 243.0 244.0 241.0 242.0
240.0 239.0 232.0 232.0 230.0 222.0 228.0 205.0 232.0 233.0 229.0 239.0
241.0 244.0 245.0 244.0 244.0 244.0 244.0 243.0 244.0 244.0 244.0 243.0
244.0 244.0 248.0 248.0 247.0 248.0 249.0 249.0 247.0 247.0 248.0 244.0
21.1364 80.1737 17.3038 0.00297297 34.9612 64.4444 37.021 54.7107 5.06939 
41.0 38.0 47.0 13.0 12.0
241.0 213.0 222.0 239.0 240.0 233.0 238.0 234.0 240.0 240.0 228.0 229.0
242.0 242.0 243.0 243.0 242.0 240.0 244.0 217.0 242.0 244.0 241.0 242.0
240.0 239.0 232.0 231.0 230.0 223.0 228.0 207.0 233.0 234.0 229.0 239.0
241.0 243.0 244.0 244.0 244.0 244.0 244.0 243.0 244.0 244.0 244.0 243.0
244.0 244.0 249.0 249.0 248.0 247.0 248.0 248.0 246.0 248.0 248.0 245.0
21 80.0621 17.3038 -0.537568 35.3488 64.4444 37.021 55.1256 5.06939 
44.0 39.0 51.0 14.0 11.0
242.0 210.0 222.0 238.0 240.0 233.0 238.0 234.0 240.0 240.0 228.0 228.0
242.0 242.0 243.0 243.0 242.0 239.0 244.0 215.0 242.0 244.0 241.0 242.0
240.0 239.0 232.0 230.0 229.0 222.0 227.0 206.0 232.0 233.0 230.0 239.0
241.0 243.0 244.0 245.0 244.0 244.0 244.0 243.0 244.0 244.0 244.0 243.0
244.0 244.0 248.0 248.0 247.0 249.0 248.0 248.0 247.0 246.0 249.0 246.0
21 80.2854 16.9192 0.00297297 35.7364 64.0741 37.3942 55.5405 5.06939 
47.0 43.0 47.0 14.0 11.0
241.0 208.0 220.0 239.0 239.0 233.0 239.0 234.0 240.0 240.0 227.0 227.0
242.0 242.0 243.0 243.0 242.0 238.0 244.0 212.0 241.0 243.0 241.0 242.0
240.0 239.0 232.0 231.0 229.0 223.0 228.0 207.0 232.0 234.0 229.0 239.0
242.0 243.0 244.0 244.0 244.0 244.0 244.0 243.0 244.0 244.0 244.0 242.0
244.0 244.0 249.0 248.0 248.0 247.0 249.0 248.0 247.0 247.0 248.0 245.0
21 80.2854 16.9192 -0.537568 36.124 64.0741 37.3942 55.5405 5.06939 
49.0 44.0 48.0 14.0 11.0
242.0 207.0 220.0 239.0 240.0 232.0 239.0 234.0 240.0 240.0 227.0 226.0
242.0 242.0 243.0 243.0 242.0 238.0 244.0 211.0 242.0 244.0 242.0 242.0
240.0 239.0 231.0 230.0 229.0 223.0 228.0 207.0 232.0 234.0 229.0 239.0
242.0 243.0 244.0 244.0 244.0 244.0 244.0 243.0 244.0 244.0 244.0 243.0
243.0 244.0 248.0 249.0 248.0 248.0 250.0 248.0 247.0 248.0 248.0 245.0
21 80.5086 16.9192 0.00297297 36.5116 63.7037 37.7673 55.5405 4.55918 
50.0 45.0 48.0 14.0 11.0
241.0 204.0 219.0 239.0 239.0 232.0 239.0 234.0 240.0 239.0 227.0 226.0
242.0 242.0 243.0 243.0 242.0 238.0 243.0 208.0 241.0 244.0 241.0 242.0
239.0 239.0 231.0 230.0 229.0 223.0 228.0 208.0 232.0 233.0 229.0 239.0
241.0 243.0 244.0 245.0 244.0 244.0 244.0 243.0 244.0 244.0 244.0 243.0
244.0 244.0 248.0 249.0 247.0 247.0 247.0 248.0 247.0 247.0 248.0 245.0
21 80.7318 16.5346 0.00297297 36.8992 63.3333 37.7673 55.9555 4.55918 
53.0 50.0 46.0 13.0 11.0
241.0 201.0 219.0 238.0 239.0 232.0 239.0 234.0 240.0 239.0 226.0 225.0
242.0 243.0 243.0 243.0 242.0 237.0 243.0 205.0 241.0 244.0 241.0 241.0
239.0 239.0 231.0 231.0 229.0 223.0 229.0 210.0 233.0 234.0 230.0 239.0
242.0 243.0 244.0 244.0 244.0 244.0 244.0 243.0 244.0 244.0 244.0 243.0
243.0 244.0 249.0 250.0 248.0 249.0 250.0 248.0 247.0 247.0 248.0 244.0
21 80.8434 16.5346 -0.537568 37.2868 63.3333 37.7673 55.9555 5.06939 
55.0 51.0 46.0 14.0 12.0
241.0 200.0 219.0 239.0 239.0 232.0 238.0 234.0 240.0 239.0 227.0 224.0
242.0 243.0 243.0 243.0 242.0 237.0 243.0 204.0 241.0 244.0 241.0 242.0
239.0 239.0 231.0 230.0 229.0 223.0 228.0 209.0 232.0 234.0 229.0 239.0
242.0 243.0 245.0 244.0 244.0 244.0 244.0 243.0 244.0 244.0 244.0 243.0
244.0 246.0 248.0 249.0 246.0 249.0 249.0 248.0 247.0 248.0 249.0 245.0
20.8637 80.7318 16.5346 -0.537568 37.2868 63.3333 37.7673 55.9555 4.55918 
56.0 53.0 45.0 13.0 12.0
241.0 199.0 218.0 238.0 239.0 232.0 238.0 233.0 240.0 239.0 227.0 224.0
242.0 242.0 243.0 243.0 242.0 237.0 242.0 203.0 241.0 244.0 241.0 242.0
239.0 238.0 231.0 230.0 229.0 223.0 228.0 210.0 233.0 234.0 229.0 239.0
241.0 243.0 245.0 245.0 244.0 244.0 244.0 243.0 244.0 244.0 244.0 243.0
244.0 245.0 248.0 250.0 247.0 248.0 248.0 248.0 246.0 247.0 248.0 246.0
21 80.7318 16.5346 0.00297297 37.2868 63.3333 37.7673 55.9555 4.55918 
56.0 52.0 45.0 13.0 11.0
241.0 199.0 218.0 239.0 239.0 232.0 239.0 233.0 240.0 239.0 226.0 224.0
242.0 242.0 243.0 243.0 242.0 237.0 242.0 203.0 240.0 244.0 241.0 242.0
239.0 238.0 231.0 230.0 230.0 223.0 228.0 210.0 232.0 234.0 229.0 239.0
242.0 243.0 244.0 244.0 244.0 244.0 244.0 244.0 244.0 244.0 244.0 243.0
244.0 244.0 248.0 249.0 248.0 247.0 249.0 247.0 246.0 248.0 248.0 245.0
20.8637 80.7318 16.5346 -0.537568 37.2868 63.3333 37.7673 55.9555 4.55918 
56.0 52.0 46.0 14.0 11.0
241.0 199.0 218.0 239.0 240.0 232.0 239.0 233.0 240.0 240.0 227.0 224.0
242.0 243.0 243.0 243.0 242.0 237.0 242.0 203.0 241.0 244.0 241.0 242.0
239.0 238.0 231.0 230.0 229.0 223.0 228.0 210.0 232.0 233.0 229.0 239.0
242.0 244.0 244.0 244.0 244.0 244.0 244.0 243.0 244.0 245.0 244.0 243.0
244.0 244.0 249.0 249.0 247.0 248.0 248.0 248.0 247.0 248.0 248.0 244.0
