-10000
21.1364 79.8389 16.5346 46.4895 29.9225 51.1111 33.2897 48.0717 2.51837 
15.0 54.0 22.0 12.0 12.0
243.0 243.0 241.0 244.0 243.0 241.0 243.0 239.0 243.0 244.0 241.0 244.0
242.0 243.0 243.0 243.0 242.0 241.0 245.0 226.0 244.0 244.0 201.0 242.0
247.0 244.0 247.0 252.0 251.0 244.0 249.0 233.0 247.0 246.0 238.0 242.0
243.0 243.0 243.0 243.0 243.0 243.0 243.0 243.0 243.0 243.0 243.0 243.0
243.0 244.0 244.0 243.0 244.0 244.0 243.0 244.0 243.0 244.0 244.0 244.0
21 80.7318 14.6115 44.8678 33.4109 51.8519 35.9016 49.7314 2.51837 
15.0 64.0 24.0 13.0 12.0
243.0 243.0 241.0 243.0 243.0 241.0 242.0 240.0 243.0 244.0 240.0 244.0
242.0 243.0 242.0 243.0 243.0 239.0 246.0 210.0 244.0 244.0 190.0 242.0
247.0 244.0 248.0 255.0 253.0 244.0 250.0 231.0 248.0 247.0 241.0 242.0
242.0 243.0 243.0 243.0 244.0 243.0 243.0 243.0 243.0 243.0 243.0 243.0
244.0 243.0 244.0 244.0 243.0 244.0 243.0 244.0 243.0 244.0 243.0 244.0
21 80.955 14.2269 44.3273 33.4109 52.963 35.9016 50.5613 2.51837 
15.0 65.0 26.0 13.0 12.0
244.0 243.0 241.0 243.0 243.0 241.0 243.0 240.0 244.0 244.0 240.0 244.0
242.0 243.0 242.0 243.0 242.0 238.0 246.0 205.0 244.0 244.0 189.0 242.0
248.0 244.0 249.0 255.0 253.0 243.0 250.0 228.0 248.0 246.0 241.0 243.0
242.0 243.0 244.0 243.0 243.0 243.0 243.0 243.0 243.0 243.0 243.0 243.0
244.0 244.0 243.0 244.0 243.0 244.0 243.0 244.0 244.0 243.0 244.0 244.0
21 81.4014 13.8423 44.3273 33.4109 55.9259 36.2748 51.8061 3.02857 
15.0 64.0 28.0 12.0 13.0
244.0 243.0 241.0 244.0 243.0 241.0 243.0 240.0 243.0 244.0 240.0 244.0
243.0 243.0 242.0 243.0 242.0 237.0 247.0 197.0 244.0 244.0 192.0 243.0
248.0 244.0 248.0 255.0 253.0 243.0 250.0 227.0 248.0 247.0 241.0 243.0
242.0 243.0 244.0 243.0 243.0 242.0 243.0 243.0 243.0 243.0 243.0 243.0
244.0 243.0 243.0 244.0 244.0 243.0 244.0 244.0 243.0 244.0 244.0 244.0
21 81.4014 13.8423 43.7868 33.4109 57.4074 36.2748 53.0509 3.53878 
15.0 60.0 31.0 12.0 12.0
244.0 243.0 240.0 243.0 243.0 241.0 243.0 240.0 243.0 244.0 240.0 244.0
243.0 242.0 243.0 243.0 243.0 236.0 247.0 192.0 244.0 244.0 195.0 243.0
247.0 244.0 249.0 255.0 255.0 241.0 250.0 224.0 248.0 247.0 242.0 243.0
242.0 243.0 243.0 243.0 243.0 243.0 244.0 243.0 243.0 244.0 243.0 243.0
244.0 244.0 244.0 244.0 243.0 244.0 243.0 244.0 242.0 244.0 244.0 243.0
20.8637 81.7362 13.4577 43.7868 34.186 56.6667 36.6479 53.4659 3.53878 
15.0 71.0 31.0 12.0 13.0
244.0 243.0 241.0 243.0 243.0 241.0 243.0 240.0 243.0 244.0 240.0 243.0
243.0 243.0 241.0 243.0 242.0 234.0 247.0 184.0 244.0 243.0 192.0 243.0
248.0 244.0 249.0 255.0 255.0 241.0 251.0 223.0 248.0 246.0 243.0 243.0
242.0 243.0 243.0 243.0 244.0 243.0 243.0 243.0 243.0 243.0 243.0 243.0
244.0 244.0 243.0 243.0 244.0 243.0 243.0 244.0 243.0 244.0 244.0 243.0
20.8637 81.8479 13.0731 43.2462 34.5736 57.7778 36.6479 54.2957 3.53878 
15.0 74.0 34.0 13.0 12.0
243.0 242.0 241.0 243.0 243.0 241.0 243.0 241.0 243.0 244.0 240.0 243.0
243.0 243.0 241.0 243.0 243.0 234.0 247.0 181.0 244.0 243.0 195.0 243.0
248.0 244.0 249.0 255.0 255.0 239.0 250.0 221.0 248.0 247.0 244.0 243.0
243.0 243.0 244.0 243.0 243.0 242.0 244.0 243.0 243.0 243.0 243.0 243.0
244.0 244.0 243.0 244.0 243.0 244.0 242.0 244.0 243.0 244.0 244.0 244.0
20.8637 81.8479 13.0731 43.2462 34.9612 58.1481 37.021 54.2957 3.53878 
15.0 76.0 35.0 12.0 12.0
244.0 242.0 241.0 243.0 243.0 242.0 243.0 241.0 243.0 244.0 240.0 243.0
243.0 243.0 241.0 243.0 241.0 234.0 247.0 179.0 244.0 242.0 194.0 243.0
248.0 244.0 249.0 255.0 255.0 239.0 250.0 219.0 248.0 246.0 243.0 243.0
242.0 244.0 243.0 243.0 243.0 243.0 243.0 243.0 243.0 243.0 243.0 243.0
244.0 244.0 244.0 244.0 243.0 244.0 243.0 245.0 244.0 244.0 244.0 244.0
21 82.0711 12.6885 43.2462 34.9612 60.3704 37.021 55.5405 3.53878 
15.0 82.0 37.0 13.0 12.0
244.0 242.0 241.0 243.0 243.0 242.0 243.0 241.0 243.0 244.0 240.0 243.0
243.0 243.0 241.0 243.0 242.0 233.0 247.0 172.0 243.0 242.0 198.0 243.0
248.0 244.0 250.0 255.0 255.0 238.0 250.0 218.0 248.0 246.0 244.0 243.0
243.0 243.0 243.0 243.0 243.0 243.0 244.0 243.0 243.0 243.0 243.0 243.0
243.0 243.0 244.0 243.0 243.0 244.0 243.0 244.0 242.0 244.0 244.0 243.0
21 82.1827 12.6885 41.6246 34.9612 60.3704 37.021 55.9555 3.53878 
15.0 84.0 37.0 13.0 12.0
244.0 242.0 242.0 244.0 243.0 242.0 243.0 241.0 243.0 244.0 241.0 242.0
243.0 243.0 242.0 243.0 242.0 232.0 247.0 171.0 243.0 242.0 201.0 243.0
248.0 244.0 249.0 255.0 255.0 238.0 250.0 219.0 248.0 246.0 244.0 243.0
243.0 243.0 243.0 243.0 243.0 243.0 243.0 243.0 243.0 243.0 244.0 243.0
244.0 243.0 244.0 244.0 244.0 244.0 243.0 244.0 243.0 243.0 244.0 244.0
21 81.9595 12.6885 40.5435 34.9612 60.3704 37.021 55.5405 2.51837 
15.0 86.0 38.0 12.0 12.0
244.0 241.0 241.0 243.0 243.0 242.0 243.0 242.0 243.0 244.0 240.0 243.0
242.0 243.0 241.0 243.0 242.0 231.0 247.0 170.0 243.0 242.0 201.0 243.0
248.0 244.0 250.0 255.0 255.0 237.0 251.0 217.0 248.0 247.0 244.0 243.0
242.0 243.0 243.0 243.0 243.0 243.0 244.0 243.0 243.0 243.0 243.0 243.0
243.0 244.0 244.0 244.0 244.0 244.0 243.0 243.0 243.0 243.0 244.0 244.0
21 81.8479 12.3038 40.003 35.7364 60.3704 37.3942 55.5405 2.51837 
14.0 89.0 37.0 13.0 12.0
244.0 241.0 241.0 243.0 243.0 242.0 243.0 242.0 244.0 244.0 241.0 242.0
243.0 243.0 241.0 242.0 242.0 230.0 247.0 166.0 242.0 241.0 199.0 243.0
247.0 244.0 250.0 255.0 255.0 237.0 250.0 218.0 248.0 246.0 244.0 243.0
243.0 243.0 244.0 243.0 243.0 243.0 243.0 243.0 243.0 243.0 243.0 243.0
244.0 244.0 244.0 244.0 243.0 244.0 244.0 244.0 244.0 244.0 244.0 243.0
21 81.9595 12.3038 40.5435 35.7364 60.3704 37.3942 55.9555 2.51837 
14.0 90.0 38.0 13.0 12.0
244.0 241.0 241.0 243.0 243.0 242.0 243.0 241.0 243.0 244.0 240.0 242.0
243.0 243.0 241.0 243.0 242.0 230.0 247.0 165.0 242.0 242.0 200.0 243.0
248.0 244.0 250.0 255.0 255.0 238.0 250.0 218.0 247.0 246.0 245.0 243.0
243.0 243.0 243.0 243.0 243.0 243.0 243.0 243.0 243.0 243.0 243.0 243.0
243.0 244.0 244.0 244.0 243.0 244.0 244.0 244.0 243.0 244.0 244.0 244.0
