-10000
21.2728 79.7273 15.7654 42.1651 28.7597 56.6667 33.2897 48.9015 2.51837 
15.0 42.0 22.0 12.0 12.0
243.0 243.0 241.0 244.0 243.0 241.0 244.0 240.0 244.0 244.0 241.0 244.0
243.0 243.0 243.0 244.0 243.0 241.0 246.0 224.0 244.0 244.0 213.0 242.0
247.0 244.0 250.0 255.0 252.0 245.0 248.0 233.0 247.0 246.0 241.0 242.0
242.0 244.0 243.0 244.0 243.0 243.0 244.0 243.0 243.0 243.0 243.0 243.0
244.0 244.0 243.0 244.0 243.0 244.0 243.0 244.0 243.0 244.0 244.0 244.0
21.1364 81.1782 14.2269 41.0841 32.2481 54.0741 35.1554 50.5613 2.51837 
15.0 50.0 23.0 13.0 12.0
243.0 242.0 241.0 243.0 243.0 241.0 243.0 241.0 244.0 244.0 241.0 244.0
242.0 243.0 242.0 243.0 243.0 239.0 246.0 212.0 244.0 244.0 204.0 243.0
248.0 244.0 251.0 255.0 253.0 245.0 250.0 232.0 248.0 246.0 244.0 243.0
243.0 243.0 243.0 243.0 243.0 243.0 243.0 243.0 242.0 243.0 243.0 243.0
244.0 243.0 244.0 244.0 244.0 244.0 243.0 244.0 243.0 244.0 244.0 244.0
21.1364 81.513 13.8423 41.0841 33.0233 54.0741 35.5285 50.5613 2.51837 
15.0 52.0 25.0 13.0 12.0
243.0 242.0 241.0 243.0 243.0 241.0 243.0 240.0 244.0 243.0 240.0 244.0
243.0 243.0 242.0 244.0 243.0 239.0 246.0 211.0 244.0 244.0 202.0 243.0
248.0 244.0 250.0 255.0 255.0 244.0 250.0 229.0 248.0 247.0 243.0 243.0
243.0 243.0 243.0 243.0 243.0 243.0 243.0 243.0 242.0 244.0 243.0 243.0
243.0 244.0 244.0 244.0 244.0 243.0 243.0 243.0 243.0 244.0 244.0 244.0
21.1364 81.6246 13.8423 40.5435 33.4109 54.0741 35.9016 50.9762 2.51837 
15.0 54.0 28.0 12.0 12.0
243.0 242.0 240.0 243.0 243.0 241.0 243.0 241.0 244.0 244.0 240.0 243.0
243.0 243.0 242.0 244.0 243.0 238.0 246.0 207.0 244.0 244.0 201.0 243.0
248.0 244.0 251.0 255.0 255.0 244.0 250.0 227.0 247.0 246.0 243.0 243.0
242.0 243.0 244.0 243.0 243.0 243.0 244.0 243.0 243.0 243.0 243.0 243.0
244.0 244.0 244.0 243.0 243.0 244.0 243.0 244.0 243.0 244.0 244.0 244.0
21.1364 82.0711 13.4577 40.003 34.186 54.4444 36.6479 51.3912 2.51837 
15.0 56.0 29.0 13.0 12.0
243.0 242.0 241.0 243.0 243.0 241.0 243.0 241.0 243.0 244.0 241.0 243.0
242.0 243.0 242.0 243.0 243.0 237.0 246.0 200.0 244.0 244.0 199.0 243.0
248.0 244.0 251.0 255.0 255.0 243.0 250.0 224.0 247.0 246.0 243.0 243.0
242.0 243.0 243.0 243.0 243.0 243.0 243.0 243.0 243.0 243.0 243.0 243.0
243.0 243.0 243.0 243.0 243.0 244.0 242.0 244.0 243.0 244.0 243.0 244.0
21.1364 82.1827 13.0731 40.003 34.186 56.6667 37.021 52.221 2.51837 
15.0 62.0 32.0 12.0 12.0
244.0 242.0 241.0 243.0 243.0 242.0 243.0 241.0 243.0 244.0 240.0 243.0
243.0 243.0 241.0 243.0 242.0 237.0 247.0 193.0 244.0 244.0 201.0 243.0
248.0 244.0 251.0 255.0 255.0 242.0 250.0 223.0 247.0 246.0 244.0 243.0
242.0 243.0 244.0 243.0 243.0 243.0 244.0 243.0 243.0 243.0 243.0 243.0
243.0 244.0 244.0 244.0 244.0 243.0 243.0 244.0 243.0 244.0 244.0 244.0
21 82.0711 13.0731 40.003 34.186 57.7778 37.021 53.0509 2.51837 
15.0 63.0 34.0 13.0 12.0
244.0 242.0 241.0 243.0 243.0 241.0 243.0 241.0 244.0 244.0 240.0 243.0
243.0 243.0 241.0 243.0 243.0 236.0 247.0 191.0 244.0 243.0 203.0 243.0
248.0 244.0 251.0 255.0 255.0 242.0 250.0 221.0 247.0 246.0 244.0 243.0
243.0 244.0 243.0 243.0 243.0 243.0 243.0 243.0 243.0 244.0 243.0 243.0
244.0 244.0 243.0 244.0 244.0 244.0 243.0 243.0 243.0 243.0 244.0 244.0
21 82.2943 12.3038 39.4624 34.9612 57.7778 37.3942 53.8808 3.02857 
14.0 72.0 34.0 13.0 12.0
243.0 241.0 240.0 243.0 243.0 242.0 243.0 241.0 244.0 244.0 240.0 243.0
243.0 243.0 241.0 243.0 242.0 234.0 247.0 182.0 243.0 242.0 201.0 243.0
249.0 244.0 252.0 255.0 255.0 241.0 250.0 220.0 247.0 246.0 244.0 243.0
242.0 244.0 243.0 243.0 243.0 243.0 243.0 243.0 243.0 243.0 243.0 243.0
244.0 243.0 243.0 243.0 244.0 244.0 244.0 244.0 243.0 243.0 244.0 244.0
21 82.5175 12.3038 39.4624 35.3488 58.5185 37.3942 54.7107 3.02857 
15.0 75.0 36.0 12.0 12.0
244.0 241.0 241.0 243.0 243.0 242.0 243.0 241.0 244.0 244.0 240.0 242.0
243.0 242.0 241.0 243.0 242.0 233.0 247.0 179.0 243.0 242.0 202.0 243.0
249.0 244.0 252.0 255.0 255.0 239.0 250.0 218.0 247.0 246.0 244.0 243.0
243.0 244.0 243.0 244.0 243.0 243.0 243.0 243.0 243.0 243.0 243.0 243.0
243.0 244.0 243.0 244.0 243.0 243.0 243.0 244.0 243.0 243.0 244.0 243.0
21 82.7407 12.3038 39.4624 35.3488 58.8889 37.7673 54.7107 3.02857 
15.0 77.0 37.0 12.0 13.0
244.0 241.0 241.0 243.0 243.0 241.0 243.0 241.0 243.0 244.0 240.0 242.0
242.0 243.0 242.0 243.0 242.0 233.0 247.0 178.0 243.0 243.0 202.0 243.0
249.0 244.0 252.0 255.0 255.0 239.0 250.0 218.0 247.0 246.0 244.0 243.0
243.0 244.0 243.0 243.0 243.0 243.0 244.0 243.0 243.0 243.0 243.0 243.0
243.0 243.0 243.0 244.0 243.0 244.0 242.0 244.0 243.0 244.0 243.0 244.0
21.1364 82.6291 11.9192 39.4624 35.3488 59.6296 37.7673 55.1256 3.02857 
15.0 80.0 38.0 12.0 13.0
244.0 241.0 241.0 243.0 243.0 241.0 243.0 241.0 243.0 244.0 240.0 243.0
242.0 243.0 240.0 243.0 242.0 232.0 247.0 174.0 243.0 241.0 202.0 243.0
248.0 244.0 252.0 255.0 255.0 240.0 250.0 217.0 246.0 246.0 244.0 243.0
243.0 244.0 243.0 243.0 243.0 243.0 243.0 243.0 243.0 243.0 243.0 243.0
243.0 243.0 243.0 243.0 244.0 243.0 243.0 244.0 244.0 243.0 244.0 244.0
21 82.5175 11.9192 39.4624 34.9612 60.7407 37.7673 55.5405 3.02857 
15.0 82.0 38.0 12.0 12.0
244.0 241.0 241.0 243.0 243.0 242.0 243.0 241.0 243.0 244.0 241.0 242.0
242.0 242.0 240.0 243.0 242.0 232.0 247.0 171.0 243.0 242.0 203.0 243.0
249.0 244.0 252.0 255.0 255.0 239.0 250.0 217.0 246.0 246.0 244.0 243.0
242.0 244.0 243.0 243.0 243.0 243.0 244.0 243.0 243.0 243.0 243.0 243.0
243.0 244.0 243.0 244.0 243.0 243.0 244.0 244.0 243.0 244.0 243.0 244.0
20.8637 82.4059 11.9192 39.4624 35.3488 60.7407 37.7673 55.5405 3.02857 
15.0 85.0 38.0 12.0 13.0
244.0 241.0 241.0 243.0 243.0 242.0 243.0 241.0 244.0 244.0 240.0 242.0
243.0 243.0 241.0 243.0 243.0 232.0 247.0 170.0 243.0 242.0 203.0 243.0
249.0 244.0 252.0 255.0 255.0 239.0 250.0 217.0 246.0 246.0 245.0 243.0
243.0 244.0 243.0 243.0 243.0 243.0 243.0 243.0 243.0 243.0 243.0 243.0
244.0 243.0 243.0 243.0 244.0 244.0 243.0 243.0 244.0 243.0 243.0 243.0
