-10000
21.1364 79.5041 16.15 43.2462 29.9225 52.963 32.5434 50.1463 2.00816 
15.0 38.0 23.0 12.0 13.0
244.0 243.0 240.0 243.0 243.0 241.0 243.0 240.0 244.0 244.0 241.0 244.0
243.0 244.0 244.0 244.0 243.0 243.0 245.0 233.0 244.0 244.0 217.0 243.0
246.0 244.0 248.0 251.0 251.0 244.0 249.0 232.0 248.0 248.0 241.0 244.0
244.0 244.0 243.0 244.0 244.0 243.0 243.0 243.0 243.0 244.0 243.0 243.0
243.0 243.0 243.0 244.0 244.0 243.0 244.0 243.0 242.0 244.0 243.0 244.0
21 79.9505 14.6115 42.1651 33.0233 51.1111 34.7822 50.5613 2.51837 
15.0 51.0 24.0 13.0 13.0
243.0 243.0 240.0 244.0 243.0 241.0 243.0 240.0 244.0 244.0 241.0 243.0
243.0 243.0 244.0 244.0 243.0 241.0 245.0 225.0 244.0 244.0 202.0 243.0
246.0 244.0 249.0 253.0 252.0 245.0 250.0 232.0 249.0 248.0 243.0 243.0
243.0 244.0 243.0 243.0 244.0 243.0 244.0 243.0 243.0 243.0 243.0 243.0
244.0 242.0 244.0 244.0 242.0 244.0 244.0 244.0 243.0 244.0 243.0 243.0
20.8637 80.397 14.2269 41.6246 33.7984 51.4815 35.5285 51.3912 2.51837 
15.0 59.0 24.0 13.0 12.0
244.0 243.0 241.0 243.0 243.0 241.0 243.0 240.0 244.0 244.0 241.0 243.0
243.0 243.0 243.0 244.0 243.0 241.0 245.0 219.0 244.0 244.0 196.0 243.0
247.0 244.0 249.0 253.0 252.0 244.0 250.0 231.0 249.0 247.0 244.0 243.0
243.0 244.0 243.0 243.0 243.0 243.0 243.0 243.0 243.0 244.0 243.0 243.0
243.0 244.0 243.0 243.0 244.0 243.0 244.0 244.0 244.0 243.0 244.0 243.0
20.8637 80.5086 13.8423 41.0841 33.7984 53.7037 35.9016 51.3912 2.51837 
15.0 58.0 25.0 12.0 12.0
244.0 243.0 240.0 243.0 243.0 241.0 243.0 241.0 244.0 244.0 241.0 244.0
243.0 243.0 243.0 244.0 243.0 240.0 246.0 214.0 244.0 245.0 197.0 243.0
247.0 244.0 250.0 255.0 253.0 244.0 250.0 230.0 249.0 248.0 244.0 243.0
243.0 244.0 244.0 242.0 243.0 243.0 243.0 243.0 242.0 244.0 244.0 243.0
244.0 243.0 244.0 243.0 243.0 243.0 243.0 244.0 242.0 244.0 244.0 243.0
21 80.7318 13.8423 41.0841 34.5736 54.0741 36.2748 51.8061 2.51837 
15.0 60.0 26.0 12.0 12.0
244.0 242.0 240.0 243.0 244.0 241.0 244.0 240.0 244.0 244.0 241.0 243.0
243.0 243.0 243.0 243.0 243.0 239.0 247.0 210.0 244.0 244.0 194.0 243.0
247.0 244.0 249.0 255.0 255.0 244.0 250.0 229.0 249.0 248.0 244.0 243.0
243.0 244.0 243.0 243.0 243.0 243.0 244.0 243.0 243.0 243.0 244.0 243.0
243.0 244.0 243.0 243.0 243.0 243.0 243.0 243.0 243.0 243.0 244.0 243.0
21 81.0666 13.4577 41.0841 34.9612 54.8148 36.6479 53.0509 2.51837 
15.0 62.0 27.0 12.0 13.0
244.0 242.0 241.0 243.0 243.0 241.0 243.0 240.0 244.0 244.0 241.0 243.0
243.0 243.0 242.0 244.0 243.0 239.0 246.0 205.0 244.0 244.0 193.0 243.0
247.0 244.0 249.0 255.0 255.0 243.0 251.0 227.0 249.0 248.0 245.0 243.0
243.0 244.0 244.0 243.0 243.0 243.0 244.0 243.0 243.0 244.0 243.0 243.0
243.0 243.0 243.0 243.0 244.0 243.0 244.0 243.0 242.0 243.0 243.0 243.0
21 81.0666 13.0731 41.0841 34.5736 57.7778 36.6479 54.7107 2.51837 
15.0 58.0 29.0 12.0 13.0
244.0 242.0 240.0 243.0 243.0 241.0 243.0 241.0 244.0 244.0 241.0 243.0
243.0 243.0 242.0 243.0 243.0 237.0 247.0 195.0 244.0 245.0 197.0 243.0
247.0 244.0 250.0 255.0 255.0 242.0 251.0 226.0 249.0 247.0 245.0 243.0
243.0 244.0 243.0 244.0 243.0 243.0 243.0 243.0 243.0 244.0 243.0 243.0
243.0 243.0 242.0 244.0 243.0 243.0 243.0 244.0 243.0 244.0 244.0 243.0
20.7273 80.955 13.0731 41.0841 34.5736 58.5185 36.6479 54.7107 2.51837 
15.0 60.0 31.0 12.0 12.0
244.0 242.0 241.0 244.0 243.0 241.0 243.0 241.0 243.0 244.0 241.0 243.0
242.0 243.0 242.0 243.0 243.0 238.0 248.0 194.0 244.0 244.0 196.0 243.0
247.0 244.0 249.0 255.0 255.0 242.0 251.0 224.0 249.0 247.0 245.0 244.0
243.0 244.0 243.0 243.0 243.0 243.0 243.0 243.0 243.0 244.0 243.0 243.0
243.0 242.0 244.0 243.0 244.0 243.0 242.0 244.0 243.0 243.0 244.0 243.0
20.7273 81.0666 12.6885 41.0841 34.9612 58.5185 37.021 55.1256 2.51837 
14.0 65.0 31.0 12.0 13.0
244.0 241.0 241.0 244.0 243.0 241.0 243.0 241.0 243.0 244.0 241.0 243.0
243.0 243.0 242.0 243.0 243.0 236.0 248.0 188.0 244.0 244.0 196.0 243.0
248.0 244.0 250.0 255.0 255.0 241.0 250.0 224.0 248.0 247.0 245.0 244.0
243.0 244.0 243.0 243.0 244.0 243.0 244.0 243.0 243.0 243.0 243.0 243.0
243.0 242.0 243.0 243.0 243.0 243.0 243.0 243.0 243.0 243.0 243.0 243.0
20.8637 81.4014 12.3038 40.5435 35.3488 58.5185 37.3942 55.1256 2.51837 
14.0 72.0 31.0 12.0 13.0
244.0 241.0 241.0 243.0 243.0 241.0 244.0 241.0 244.0 244.0 241.0 243.0
243.0 243.0 241.0 243.0 243.0 235.0 247.0 183.0 244.0 244.0 195.0 243.0
247.0 244.0 249.0 255.0 255.0 241.0 251.0 224.0 249.0 248.0 246.0 244.0
243.0 244.0 243.0 243.0 244.0 243.0 244.0 243.0 243.0 244.0 243.0 243.0
243.0 243.0 243.0 244.0 243.0 244.0 244.0 243.0 243.0 244.0 244.0 243.0
21 81.6246 12.3038 40.5435 35.7364 58.8889 37.3942 55.1256 3.02857 
15.0 73.0 32.0 13.0 13.0
244.0 241.0 241.0 243.0 243.0 242.0 243.0 242.0 244.0 244.0 241.0 243.0
243.0 243.0 241.0 243.0 243.0 234.0 247.0 181.0 244.0 244.0 194.0 243.0
248.0 244.0 250.0 255.0 255.0 240.0 251.0 223.0 249.0 247.0 245.0 243.0
243.0 244.0 243.0 243.0 243.0 243.0 243.0 243.0 243.0 243.0 243.0 243.0
243.0 243.0 244.0 243.0 244.0 244.0 242.0 244.0 242.0 244.0 244.0 243.0
21 81.7362 12.3038 40.5435 35.7364 58.8889 37.3942 55.1256 3.02857 
15.0 75.0 33.0 12.0 12.0
244.0 241.0 241.0 243.0 243.0 241.0 243.0 241.0 244.0 244.0 241.0 243.0
243.0 243.0 242.0 243.0 243.0 235.0 248.0 180.0 244.0 244.0 194.0 243.0
247.0 245.0 250.0 255.0 255.0 240.0 251.0 222.0 249.0 247.0 245.0 243.0
243.0 244.0 243.0 243.0 243.0 243.0 244.0 243.0 243.0 243.0 243.0 243.0
243.0 243.0 243.0 243.0 244.0 244.0 242.0 244.0 243.0 244.0 244.0 244.0
20.8637 81.7362 12.3038 40.5435 35.7364 59.6296 37.3942 55.1256 3.02857 
15.0 79.0 33.0 12.0 13.0
244.0 241.0 241.0 244.0 243.0 242.0 243.0 241.0 244.0 244.0 241.0 243.0
243.0 243.0 242.0 243.0 243.0 234.0 247.0 176.0 244.0 244.0 195.0 244.0
248.0 244.0 251.0 255.0 255.0 240.0 250.0 222.0 249.0 248.0 245.0 244.0
243.0 244.0 244.0 243.0 243.0 243.0 244.0 243.0 243.0 244.0 243.0 243.0
243.0 243.0 242.0 243.0 243.0 244.0 243.0 243.0 242.0 243.0 243.0 244.0
