-10000
21.2728 79.6157 14.2269 0.00297297 39.2248 56.2963 34.036 50.1463 6.0898 
31.0 25.0 41.0 14.0 11.0
242.0 225.0 224.0 239.0 240.0 233.0 239.0 234.0 240.0 239.0 229.0 231.0
242.0 243.0 243.0 244.0 242.0 242.0 244.0 230.0 243.0 243.0 242.0 242.0
240.0 239.0 233.0 231.0 229.0 226.0 229.0 214.0 232.0 234.0 230.0 239.0
242.0 243.0 244.0 244.0 244.0 244.0 244.0 243.0 244.0 245.0 244.0 243.0
244.0 244.0 249.0 249.0 248.0 247.0 249.0 248.0 248.0 248.0 249.0 245.0
21 79.5041 18.4577 -0.537568 37.6744 55.5556 35.1554 50.1463 6.0898 
37.0 32.0 44.0 13.0 11.0
242.0 219.0 218.0 238.0 239.0 230.0 238.0 231.0 240.0 239.0 225.0 229.0
242.0 243.0 243.0 243.0 242.0 242.0 245.0 222.0 243.0 243.0 242.0 242.0
239.0 240.0 233.0 230.0 229.0 224.0 228.0 211.0 232.0 234.0 229.0 239.0
241.0 243.0 244.0 244.0 244.0 244.0 244.0 243.0 244.0 244.0 244.0 243.0
244.0 244.0 249.0 250.0 249.0 249.0 249.0 248.0 246.0 247.0 249.0 245.0
20.8637 79.7273 18.0731 0.00297297 37.6744 56.6667 36.2748 51.8061 5.57959 
39.0 37.0 46.0 14.0 11.0
242.0 215.0 216.0 238.0 239.0 229.0 237.0 231.0 240.0 239.0 224.0 228.0
242.0 243.0 243.0 243.0 242.0 240.0 245.0 217.0 243.0 243.0 242.0 242.0
239.0 240.0 232.0 229.0 229.0 222.0 227.0 209.0 231.0 233.0 230.0 239.0
242.0 244.0 244.0 244.0 244.0 244.0 244.0 243.0 244.0 244.0 244.0 243.0
244.0 244.0 248.0 249.0 248.0 249.0 248.0 248.0 248.0 248.0 248.0 245.0
21 79.9505 18.0731 -0.537568 37.6744 59.2593 36.6479 53.8808 5.57959 
42.0 40.0 46.0 13.0 11.0
241.0 213.0 215.0 238.0 239.0 230.0 238.0 232.0 240.0 239.0 224.0 227.0
242.0 242.0 243.0 243.0 242.0 240.0 244.0 214.0 243.0 244.0 242.0 242.0
239.0 239.0 232.0 229.0 228.0 222.0 226.0 209.0 231.0 233.0 230.0 239.0
242.0 243.0 244.0 244.0 244.0 244.0 244.0 243.0 244.0 245.0 244.0 243.0
244.0 244.0 247.0 249.0 247.0 248.0 248.0 248.0 247.0 248.0 248.0 244.0
21 80.1737 17.6885 -0.537568 38.062 59.6296 37.3942 54.7107 5.06939 
44.0 43.0 46.0 13.0 11.0
241.0 211.0 215.0 238.0 239.0 230.0 237.0 231.0 240.0 239.0 223.0 226.0
242.0 242.0 243.0 243.0 243.0 239.0 244.0 213.0 243.0 243.0 242.0 242.0
239.0 240.0 232.0 228.0 228.0 221.0 226.0 209.0 231.0 233.0 230.0 239.0
241.0 243.0 245.0 244.0 244.0 244.0 244.0 244.0 244.0 244.0 244.0 243.0
244.0 245.0 248.0 248.0 248.0 249.0 248.0 247.0 247.0 249.0 248.0 245.0
21 80.1737 17.6885 0.00297297 38.062 60 37.3942 55.5405 5.57959 
46.0 43.0 45.0 13.0 11.0
241.0 209.0 215.0 238.0 239.0 229.0 238.0 232.0 240.0 239.0 224.0 225.0
242.0 243.0 243.0 243.0 243.0 239.0 244.0 212.0 243.0 244.0 242.0 242.0
239.0 239.0 232.0 228.0 227.0 221.0 225.0 209.0 231.0 233.0 230.0 239.0
241.0 243.0 245.0 244.0 244.0 244.0 244.0 243.0 244.0 244.0 244.0 243.0
244.0 244.0 248.0 248.0 249.0 248.0 248.0 249.0 247.0 248.0 248.0 245.0
20.8637 80.0621 17.6885 0.00297297 37.6744 60.7407 37.3942 55.5405 5.06939 
47.0 43.0 46.0 14.0 12.0
241.0 208.0 214.0 238.0 239.0 229.0 237.0 232.0 240.0 239.0 224.0 225.0
242.0 242.0 243.0 243.0 243.0 239.0 244.0 211.0 242.0 244.0 242.0 242.0
239.0 239.0 231.0 228.0 228.0 221.0 225.0 210.0 231.0 233.0 230.0 239.0
241.0 243.0 244.0 244.0 244.0 245.0 244.0 243.0 244.0 244.0 244.0 243.0
244.0 244.0 249.0 249.0 248.0 249.0 250.0 248.0 247.0 248.0 248.0 245.0
20.8637 80.1737 17.3038 0.00297297 38.062 61.4815 37.3942 55.9555 5.06939 
49.0 45.0 45.0 14.0 11.0
241.0 206.0 214.0 238.0 239.0 228.0 237.0 232.0 240.0 239.0 223.0 224.0
242.0 242.0 243.0 243.0 243.0 238.0 242.0 210.0 242.0 244.0 242.0 242.0
239.0 240.0 232.0 229.0 229.0 222.0 225.0 210.0 231.0 234.0 230.0 239.0
242.0 244.0 244.0 245.0 245.0 244.0 244.0 244.0 244.0 244.0 244.0 243.0
244.0 245.0 249.0 249.0 248.0 248.0 248.0 247.0 247.0 249.0 249.0 245.0
20.8637 80.397 16.9192 0.00297297 38.4496 62.2222 37.3942 55.9555 5.57959 
51.0 47.0 44.0 13.0 11.0
241.0 204.0 213.0 238.0 239.0 229.0 238.0 232.0 240.0 239.0 223.0 223.0
242.0 242.0 243.0 243.0 242.0 238.0 242.0 208.0 242.0 244.0 242.0 242.0
239.0 240.0 232.0 229.0 228.0 222.0 225.0 211.0 232.0 234.0 230.0 239.0
241.0 243.0 244.0 244.0 244.0 244.0 244.0 243.0 244.0 244.0 244.0 243.0
244.0 244.0 248.0 249.0 250.0 249.0 248.0 249.0 246.0 249.0 249.0 245.0
20.8637 80.5086 16.9192 -0.537568 38.4496 62.2222 37.3942 55.9555 5.06939 
52.0 48.0 44.0 14.0 11.0
241.0 203.0 212.0 238.0 239.0 228.0 237.0 231.0 240.0 239.0 222.0 223.0
242.0 243.0 243.0 243.0 242.0 238.0 241.0 207.0 241.0 244.0 242.0 242.0
239.0 239.0 232.0 229.0 228.0 222.0 226.0 211.0 232.0 234.0 230.0 239.0
242.0 243.0 244.0 244.0 244.0 244.0 244.0 244.0 244.0 244.0 244.0 243.0
244.0 244.0 248.0 249.0 248.0 248.0 249.0 248.0 248.0 248.0 248.0 245.0
21 80.5086 17.3038 -0.537568 38.4496 62.2222 37.3942 55.9555 5.06939 
53.0 49.0 44.0 14.0 11.0
241.0 201.0 211.0 238.0 239.0 228.0 237.0 232.0 240.0 239.0 221.0 222.0
241.0 243.0 243.0 243.0 243.0 237.0 241.0 205.0 241.0 244.0 242.0 242.0
239.0 239.0 232.0 228.0 228.0 221.0 225.0 210.0 231.0 234.0 229.0 240.0
242.0 243.0 244.0 244.0 244.0 244.0 244.0 244.0 244.0 245.0 244.0 243.0
244.0 244.0 248.0 249.0 249.0 248.0 248.0 248.0 247.0 248.0 249.0 246.0
20.8637 80.5086 17.6885 -0.537568 38.062 62.5926 37.3942 56.3704 5.06939 
55.0 50.0 45.0 14.0 11.0
241.0 200.0 210.0 238.0 239.0 227.0 237.0 231.0 240.0 239.0 221.0 222.0
242.0 242.0 243.0 243.0 243.0 237.0 240.0 205.0 241.0 244.0 242.0 242.0
238.0 239.0 231.0 228.0 228.0 221.0 225.0 209.0 231.0 233.0 230.0 239.0
241.0 243.0 244.0 244.0 244.0 245.0 244.0 244.0 244.0 244.0 244.0 243.0
244.0 245.0 249.0 249.0 249.0 248.0 250.0 248.0 247.0 249.0 249.0 246.0
