-10000
21.2728 79.6157 10.7654 0.00297297 36.124 59.2593 32.9166 50.5613 7.1102 
29.0 19.0 34.0 13.0 11.0
242.0 230.0 226.0 240.0 240.0 234.0 239.0 234.0 240.0 240.0 231.0 234.0
242.0 242.0 243.0 243.0 242.0 242.0 243.0 235.0 243.0 243.0 243.0 242.0
240.0 241.0 234.0 233.0 233.0 230.0 233.0 221.0 233.0 235.0 232.0 240.0
242.0 243.0 245.0 244.0 244.0 244.0 244.0 243.0 244.0 244.0 244.0 243.0
243.0 244.0 247.0 249.0 248.0 247.0 249.0 249.0 246.0 246.0 248.0 245.0
21 79.1693 17.6885 0.00297297 34.9612 58.1481 33.6628 50.1463 7.1102 
35.0 22.0 41.0 14.0 11.0
242.0 225.0 219.0 239.0 239.0 230.0 238.0 232.0 240.0 239.0 226.0 232.0
242.0 243.0 243.0 243.0 243.0 243.0 244.0 232.0 243.0 243.0 242.0 242.0
240.0 240.0 233.0 230.0 231.0 226.0 230.0 214.0 231.0 233.0 230.0 240.0
242.0 243.0 244.0 244.0 244.0 244.0 244.0 244.0 244.0 244.0 244.0 243.0
244.0 244.0 248.0 249.0 248.0 248.0 248.0 248.0 246.0 249.0 247.0 245.0
21 79.0577 19.2269 -0.537568 35.7364 59.6296 34.7822 52.636 7.1102 
38.0 24.0 42.0 14.0 12.0
242.0 223.0 216.0 239.0 239.0 229.0 238.0 231.0 240.0 239.0 225.0 232.0
243.0 243.0 244.0 243.0 243.0 242.0 244.0 231.0 243.0 243.0 242.0 242.0
239.0 240.0 232.0 230.0 230.0 224.0 229.0 212.0 232.0 233.0 230.0 240.0
241.0 243.0 244.0 244.0 244.0 244.0 244.0 243.0 244.0 244.0 244.0 243.0
244.0 244.0 248.0 248.0 248.0 248.0 247.0 248.0 246.0 247.0 249.0 245.0
21 79.1693 19.6115 0.00297297 35.7364 61.4815 35.5285 53.8808 7.1102 
39.0 24.0 43.0 13.0 11.0
242.0 221.0 215.0 239.0 239.0 229.0 238.0 231.0 240.0 240.0 224.0 231.0
242.0 243.0 244.0 244.0 243.0 243.0 245.0 231.0 242.0 242.0 242.0 242.0
239.0 240.0 231.0 228.0 230.0 222.0 227.0 212.0 231.0 232.0 229.0 240.0
242.0 243.0 244.0 244.0 244.0 244.0 244.0 243.0 244.0 244.0 244.0 243.0
244.0 244.0 247.0 249.0 248.0 248.0 248.0 248.0 247.0 247.0 249.0 244.0
21.1364 79.3925 19.2269 0.00297297 36.124 61.4815 35.9016 54.7107 7.1102 
41.0 27.0 43.0 13.0 12.0
241.0 219.0 214.0 238.0 239.0 229.0 237.0 231.0 240.0 239.0 224.0 231.0
242.0 243.0 244.0 244.0 243.0 242.0 244.0 229.0 243.0 243.0 242.0 242.0
239.0 241.0 231.0 228.0 229.0 222.0 227.0 212.0 231.0 232.0 230.0 240.0
242.0 243.0 244.0 244.0 244.0 244.0 244.0 243.0 244.0 244.0 244.0 243.0
243.0 245.0 248.0 248.0 248.0 247.0 248.0 248.0 247.0 248.0 247.0 245.0
21 79.6157 18.8423 0.00297297 36.8992 61.8519 36.2748 55.1256 6.6 
42.0 27.0 43.0 13.0 11.0
241.0 216.0 213.0 238.0 239.0 228.0 237.0 231.0 240.0 239.0 223.0 230.0
242.0 243.0 243.0 243.0 243.0 242.0 243.0 227.0 242.0 243.0 243.0 242.0
239.0 241.0 231.0 228.0 230.0 222.0 227.0 212.0 230.0 232.0 229.0 240.0
242.0 243.0 244.0 244.0 244.0 244.0 244.0 244.0 244.0 244.0 244.0 243.0
243.0 245.0 247.0 249.0 248.0 247.0 248.0 247.0 246.0 248.0 247.0 245.0
21 79.6157 18.8423 0.00297297 36.8992 61.8519 36.2748 55.1256 6.6 
41.0 28.0 44.0 14.0 12.0
241.0 216.0 213.0 238.0 239.0 228.0 237.0 232.0 240.0 239.0 223.0 230.0
242.0 242.0 244.0 243.0 243.0 241.0 243.0 227.0 242.0 243.0 243.0 242.0
239.0 240.0 231.0 228.0 229.0 221.0 226.0 212.0 230.0 232.0 229.0 240.0
242.0 243.0 244.0 244.0 244.0 244.0 244.0 243.0 244.0 244.0 244.0 243.0
244.0 244.0 248.0 248.0 248.0 247.0 249.0 248.0 246.0 247.0 247.0 245.0
20.8637 79.7273 18.8423 0.00297297 37.2868 62.2222 36.6479 55.5405 6.6 
43.0 29.0 42.0 14.0 11.0
242.0 215.0 212.0 238.0 239.0 229.0 237.0 231.0 240.0 239.0 223.0 230.0
242.0 243.0 244.0 243.0 243.0 241.0 242.0 226.0 242.0 243.0 242.0 242.0
239.0 241.0 231.0 229.0 229.0 221.0 226.0 212.0 231.0 232.0 229.0 240.0
241.0 243.0 244.0 244.0 244.0 244.0 244.0 243.0 244.0 244.0 244.0 243.0
244.0 244.0 247.0 248.0 249.0 247.0 248.0 248.0 246.0 247.0 248.0 244.0
20.8637 79.9505 18.4577 -0.537568 37.6744 62.5926 36.6479 55.5405 6.0898 
43.0 30.0 42.0 13.0 12.0
241.0 213.0 211.0 237.0 239.0 227.0 237.0 231.0 240.0 239.0 222.0 229.0
242.0 243.0 244.0 243.0 243.0 240.0 242.0 225.0 242.0 244.0 242.0 242.0
239.0 241.0 231.0 229.0 229.0 222.0 226.0 213.0 231.0 232.0 230.0 240.0
241.0 243.0 244.0 244.0 244.0 244.0 244.0 243.0 244.0 244.0 244.0 243.0
243.0 244.0 247.0 249.0 248.0 247.0 248.0 248.0 246.0 247.0 248.0 245.0
20.7273 80.0621 18.4577 -0.537568 37.2868 63.3333 36.6479 55.9555 6.0898 
44.0 31.0 42.0 13.0 11.0
241.0 212.0 211.0 238.0 239.0 228.0 237.0 231.0 240.0 239.0 222.0 229.0
242.0 243.0 243.0 243.0 243.0 241.0 240.0 224.0 242.0 243.0 242.0 242.0
239.0 240.0 232.0 229.0 229.0 223.0 227.0 214.0 231.0 233.0 230.0 240.0
242.0 243.0 244.0 244.0 244.0 244.0 244.0 243.0 244.0 244.0 244.0 243.0
244.0 244.0 247.0 249.0 248.0 247.0 249.0 246.0 246.0 248.0 249.0 245.0
20.8637 80.1737 18.4577 -0.537568 37.6744 63.7037 36.6479 55.9555 6.0898 
44.0 31.0 42.0 13.0 11.0
241.0 211.0 210.0 238.0 239.0 227.0 237.0 232.0 240.0 239.0 223.0 228.0
242.0 243.0 243.0 243.0 243.0 240.0 240.0 225.0 241.0 243.0 242.0 242.0
239.0 240.0 232.0 229.0 229.0 222.0 227.0 214.0 231.0 233.0 230.0 240.0
241.0 243.0 244.0 244.0 244.0 244.0 244.0 243.0 244.0 244.0 244.0 243.0
244.0 244.0 248.0 249.0 247.0 247.0 249.0 247.0 246.0 248.0 247.0 245.0
20.8637 80.2854 18.0731 0.00297297 38.062 63.3333 36.6479 55.9555 6.0898 
46.0 31.0 41.0 13.0 12.0
242.0 209.0 210.0 237.0 239.0 227.0 237.0 231.0 240.0 239.0 221.0 228.0
243.0 243.0 244.0 243.0 243.0 240.0 237.0 223.0 241.0 243.0 242.0 242.0
240.0 240.0 232.0 230.0 230.0 223.0 227.0 213.0 232.0 233.0 230.0 240.0
241.0 243.0 244.0 244.0 244.0 244.0 244.0 243.0 244.0 244.0 244.0 243.0
244.0 244.0 248.0 249.0 248.0 247.0 248.0 247.0 246.0 247.0 249.0 245.0
