-10000
21.1364 79.8389 16.9192 46.4895 30.6977 49.6296 31.424 51.3912 2.51837 
15.0 52.0 25.0 12.0 13.0
243.0 243.0 240.0 243.0 243.0 240.0 242.0 240.0 243.0 244.0 241.0 244.0
243.0 243.0 243.0 243.0 243.0 241.0 244.0 226.0 244.0 244.0 203.0 242.0
246.0 244.0 248.0 252.0 252.0 243.0 249.0 230.0 248.0 247.0 241.0 243.0
243.0 244.0 244.0 243.0 243.0 243.0 243.0 243.0 243.0 243.0 243.0 243.0
244.0 243.0 243.0 242.0 244.0 242.0 242.0 243.0 243.0 243.0 243.0 243.0
21 81.0666 14.6115 44.3273 33.4109 54.4444 34.7822 51.8061 2.51837 
16.0 60.0 25.0 12.0 13.0
243.0 243.0 240.0 243.0 243.0 240.0 243.0 240.0 244.0 244.0 241.0 244.0
243.0 243.0 242.0 243.0 242.0 238.0 246.0 205.0 244.0 244.0 195.0 242.0
247.0 244.0 249.0 255.0 253.0 243.0 251.0 229.0 248.0 247.0 244.0 243.0
243.0 244.0 243.0 243.0 244.0 243.0 243.0 243.0 243.0 244.0 243.0 243.0
243.0 244.0 243.0 244.0 243.0 243.0 243.0 244.0 244.0 244.0 244.0 244.0
21 81.4014 14.2269 43.7868 33.4109 55.9259 35.5285 52.221 2.51837 
16.0 57.0 28.0 13.0 13.0
243.0 243.0 240.0 243.0 243.0 241.0 243.0 240.0 243.0 244.0 240.0 244.0
243.0 243.0 242.0 243.0 243.0 237.0 247.0 199.0 244.0 244.0 198.0 243.0
247.0 244.0 250.0 255.0 255.0 242.0 250.0 226.0 248.0 246.0 244.0 242.0
243.0 244.0 243.0 243.0 243.0 244.0 243.0 243.0 243.0 243.0 243.0 243.0
244.0 244.0 244.0 243.0 244.0 243.0 244.0 244.0 243.0 244.0 244.0 244.0
21 81.513 14.2269 43.2462 33.7984 57.4074 35.5285 53.4659 3.02857 
16.0 60.0 29.0 12.0 13.0
243.0 243.0 240.0 244.0 243.0 240.0 243.0 240.0 243.0 244.0 241.0 244.0
243.0 243.0 242.0 243.0 242.0 236.0 247.0 193.0 244.0 244.0 200.0 243.0
248.0 244.0 250.0 255.0 255.0 241.0 250.0 224.0 248.0 246.0 244.0 243.0
243.0 244.0 244.0 244.0 243.0 243.0 244.0 243.0 243.0 243.0 243.0 243.0
244.0 244.0 244.0 244.0 243.0 244.0 243.0 244.0 243.0 243.0 244.0 244.0
21 81.7362 13.8423 43.2462 34.186 57.7778 35.9016 54.2957 3.02857 
16.0 67.0 31.0 13.0 12.0
244.0 243.0 241.0 244.0 243.0 240.0 243.0 240.0 243.0 244.0 240.0 244.0
243.0 243.0 242.0 243.0 242.0 235.0 246.0 187.0 244.0 244.0 200.0 243.0
248.0 244.0 250.0 255.0 255.0 240.0 251.0 224.0 248.0 247.0 244.0 243.0
243.0 244.0 243.0 243.0 243.0 243.0 244.0 244.0 243.0 243.0 243.0 243.0
244.0 244.0 243.0 244.0 244.0 243.0 243.0 244.0 243.0 244.0 244.0 244.0
20.8637 81.9595 13.4577 42.7057 34.9612 58.1481 36.2748 54.7107 3.53878 
15.0 73.0 32.0 13.0 12.0
243.0 243.0 240.0 243.0 243.0 240.0 243.0 240.0 243.0 244.0 240.0 244.0
243.0 243.0 241.0 243.0 242.0 234.0 247.0 181.0 243.0 243.0 199.0 243.0
248.0 244.0 249.0 255.0 255.0 240.0 250.0 223.0 248.0 246.0 245.0 243.0
243.0 243.0 244.0 244.0 243.0 243.0 243.0 243.0 243.0 243.0 243.0 243.0
243.0 244.0 244.0 244.0 244.0 244.0 243.0 244.0 243.0 243.0 244.0 244.0
20.8637 81.9595 13.4577 42.7057 34.9612 58.1481 36.2748 54.7107 3.53878 
15.0 75.0 33.0 13.0 12.0
243.0 243.0 240.0 243.0 243.0 240.0 243.0 240.0 244.0 244.0 240.0 244.0
243.0 243.0 241.0 243.0 243.0 233.0 247.0 179.0 244.0 243.0 199.0 243.0
248.0 244.0 250.0 255.0 255.0 239.0 250.0 222.0 248.0 246.0 244.0 243.0
243.0 243.0 243.0 243.0 244.0 243.0 243.0 243.0 243.0 244.0 243.0 243.0
243.0 243.0 243.0 244.0 243.0 244.0 243.0 244.0 243.0 243.0 244.0 243.0
20.8637 82.0711 13.4577 41.6246 34.9612 59.6296 36.2748 55.5405 3.02857 
15.0 79.0 34.0 12.0 12.0
243.0 243.0 241.0 243.0 243.0 240.0 242.0 240.0 243.0 244.0 240.0 244.0
242.0 243.0 241.0 243.0 242.0 232.0 247.0 175.0 244.0 243.0 202.0 243.0
248.0 244.0 250.0 255.0 255.0 238.0 250.0 221.0 248.0 246.0 245.0 243.0
243.0 244.0 243.0 243.0 243.0 243.0 243.0 242.0 243.0 243.0 242.0 243.0
244.0 244.0 244.0 243.0 244.0 244.0 243.0 243.0 243.0 243.0 244.0 244.0
21 82.2943 13.4577 40.5435 34.9612 60.7407 36.6479 55.9555 3.02857 
15.0 83.0 34.0 12.0 13.0
244.0 242.0 241.0 243.0 243.0 241.0 244.0 240.0 243.0 244.0 240.0 243.0
243.0 243.0 242.0 243.0 242.0 232.0 247.0 171.0 243.0 243.0 205.0 243.0
248.0 244.0 251.0 255.0 255.0 238.0 250.0 221.0 248.0 246.0 245.0 243.0
243.0 243.0 243.0 243.0 243.0 244.0 244.0 243.0 243.0 243.0 243.0 243.0
244.0 243.0 243.0 243.0 244.0 244.0 243.0 244.0 243.0 244.0 244.0 244.0
21 82.2943 13.4577 40.5435 35.3488 60.7407 36.6479 55.9555 3.53878 
15.0 86.0 35.0 13.0 12.0
243.0 242.0 241.0 243.0 243.0 241.0 243.0 240.0 243.0 244.0 240.0 243.0
243.0 243.0 241.0 243.0 242.0 231.0 247.0 169.0 243.0 243.0 205.0 243.0
248.0 244.0 250.0 255.0 255.0 238.0 250.0 220.0 248.0 246.0 245.0 243.0
243.0 243.0 243.0 243.0 243.0 243.0 244.0 243.0 243.0 243.0 242.0 243.0
244.0 243.0 244.0 243.0 244.0 244.0 243.0 243.0 243.0 244.0 244.0 244.0
21 82.4059 13.4577 40.5435 35.3488 60.7407 36.6479 55.9555 3.53878 
15.0 87.0 35.0 12.0 13.0
243.0 243.0 241.0 244.0 243.0 241.0 243.0 240.0 243.0 244.0 240.0 243.0
243.0 243.0 242.0 243.0 242.0 231.0 247.0 168.0 243.0 242.0 205.0 243.0
248.0 244.0 251.0 255.0 255.0 238.0 250.0 219.0 247.0 246.0 244.0 243.0
243.0 244.0 244.0 243.0 243.0 243.0 243.0 243.0 243.0 243.0 244.0 243.0
243.0 244.0 244.0 244.0 244.0 243.0 243.0 243.0 244.0 242.0 244.0 243.0
20.8637 81.9595 13.0731 40.003 35.3488 60.7407 36.6479 55.9555 2.51837 
15.0 87.0 36.0 12.0 13.0
244.0 242.0 240.0 243.0 243.0 241.0 243.0 240.0 243.0 244.0 240.0 243.0
243.0 243.0 241.0 243.0 243.0 231.0 247.0 168.0 243.0 243.0 205.0 243.0
248.0 244.0 251.0 255.0 255.0 237.0 250.0 219.0 248.0 246.0 245.0 243.0
243.0 244.0 243.0 243.0 243.0 243.0 243.0 243.0 243.0 243.0 243.0 243.0
243.0 243.0 243.0 242.0 243.0 243.0 243.0 243.0 243.0 243.0 244.0 242.0
21 81.9595 12.6885 39.4624 35.7364 60.7407 37.021 55.9555 2.51837 
15.0 92.0 35.0 13.0 13.0
243.0 242.0 241.0 243.0 244.0 241.0 243.0 240.0 244.0 244.0 241.0 243.0
243.0 243.0 241.0 243.0 242.0 229.0 247.0 162.0 242.0 242.0 205.0 243.0
248.0 244.0 251.0 255.0 255.0 237.0 250.0 219.0 247.0 246.0 245.0 243.0
242.0 244.0 243.0 243.0 244.0 243.0 243.0 242.0 243.0 243.0 243.0 243.0
243.0 243.0 243.0 243.0 244.0 243.0 242.0 243.0 243.0 243.0 244.0 243.0
