-10000
20.8637 79.6157 15.3808 42.1651 29.5349 54.0741 34.036 47.6567 2.51837 
15.0 39.0 22.0 13.0 13.0
243.0 243.0 240.0 243.0 243.0 241.0 243.0 240.0 243.0 243.0 241.0 244.0
244.0 244.0 244.0 244.0 244.0 242.0 245.0 230.0 244.0 244.0 215.0 242.0
247.0 244.0 250.0 255.0 252.0 246.0 249.0 233.0 247.0 247.0 240.0 243.0
243.0 244.0 243.0 244.0 243.0 243.0 243.0 243.0 243.0 244.0 243.0 243.0
243.0 243.0 243.0 243.0 243.0 244.0 242.0 244.0 242.0 244.0 243.0 242.0
20.8637 80.2854 14.2269 40.5435 32.6357 51.4815 35.5285 50.1463 2.51837 
15.0 52.0 23.0 12.0 13.0
243.0 243.0 240.0 244.0 243.0 241.0 243.0 241.0 244.0 244.0 240.0 244.0
243.0 243.0 242.0 243.0 243.0 240.0 246.0 218.0 244.0 244.0 201.0 243.0
247.0 244.0 250.0 255.0 255.0 245.0 250.0 231.0 248.0 247.0 244.0 243.0
242.0 244.0 244.0 243.0 243.0 243.0 243.0 243.0 243.0 243.0 243.0 243.0
243.0 243.0 243.0 243.0 244.0 243.0 243.0 244.0 244.0 243.0 243.0 242.0
21 80.7318 13.8423 40.5435 33.4109 52.5926 36.2748 50.1463 2.51837 
15.0 55.0 26.0 12.0 13.0
243.0 243.0 240.0 244.0 243.0 241.0 242.0 240.0 243.0 244.0 240.0 243.0
243.0 243.0 242.0 243.0 243.0 239.0 246.0 215.0 244.0 244.0 200.0 242.0
248.0 244.0 250.0 255.0 255.0 245.0 250.0 229.0 248.0 247.0 244.0 243.0
242.0 244.0 243.0 243.0 243.0 243.0 243.0 243.0 243.0 243.0 243.0 243.0
244.0 243.0 243.0 243.0 244.0 244.0 243.0 243.0 243.0 244.0 243.0 242.0
21 80.8434 13.4577 40.5435 33.7984 53.3333 36.6479 50.5613 2.51837 
15.0 55.0 28.0 12.0 13.0
244.0 243.0 241.0 243.0 243.0 241.0 243.0 241.0 244.0 244.0 240.0 243.0
243.0 243.0 242.0 243.0 243.0 239.0 246.0 209.0 244.0 244.0 199.0 243.0
248.0 244.0 250.0 255.0 255.0 244.0 250.0 227.0 248.0 247.0 243.0 243.0
243.0 244.0 243.0 243.0 243.0 243.0 243.0 243.0 243.0 244.0 243.0 243.0
244.0 244.0 244.0 243.0 243.0 244.0 243.0 243.0 243.0 244.0 244.0 243.0
21 81.0666 13.0731 40.003 34.186 53.7037 37.021 51.8061 2.51837 
14.0 58.0 29.0 12.0 13.0
244.0 242.0 241.0 244.0 244.0 241.0 243.0 241.0 244.0 244.0 240.0 243.0
243.0 243.0 242.0 243.0 242.0 238.0 246.0 202.0 244.0 244.0 197.0 243.0
248.0 244.0 251.0 255.0 255.0 244.0 250.0 224.0 248.0 247.0 244.0 243.0
243.0 244.0 243.0 244.0 243.0 243.0 244.0 243.0 243.0 243.0 243.0 243.0
242.0 243.0 242.0 243.0 243.0 243.0 243.0 243.0 243.0 244.0 244.0 243.0
21 81.1782 13.0731 40.003 34.186 56.6667 37.3942 52.221 2.51837 
15.0 59.0 31.0 12.0 13.0
243.0 242.0 241.0 244.0 243.0 242.0 243.0 241.0 244.0 244.0 241.0 243.0
243.0 242.0 242.0 243.0 242.0 237.0 247.0 195.0 244.0 244.0 199.0 243.0
248.0 244.0 251.0 255.0 255.0 243.0 250.0 223.0 247.0 246.0 244.0 243.0
243.0 243.0 243.0 244.0 243.0 243.0 243.0 243.0 243.0 244.0 243.0 243.0
244.0 243.0 244.0 244.0 243.0 244.0 243.0 244.0 243.0 243.0 244.0 243.0
21 81.2898 12.6885 40.003 34.186 57.4074 37.3942 53.0509 2.51837 
15.0 62.0 34.0 12.0 13.0
244.0 242.0 241.0 243.0 243.0 242.0 243.0 241.0 243.0 244.0 240.0 243.0
243.0 243.0 241.0 243.0 242.0 236.0 247.0 193.0 244.0 244.0 201.0 243.0
248.0 244.0 251.0 255.0 255.0 242.0 250.0 221.0 247.0 246.0 244.0 243.0
243.0 244.0 243.0 243.0 243.0 243.0 243.0 243.0 243.0 243.0 243.0 243.0
243.0 244.0 243.0 243.0 244.0 244.0 243.0 243.0 243.0 244.0 244.0 243.0
21.1364 81.4014 12.3038 40.003 34.186 58.5185 37.3942 53.8808 2.51837 
15.0 67.0 35.0 12.0 13.0
243.0 241.0 241.0 243.0 243.0 241.0 243.0 241.0 243.0 244.0 240.0 243.0
243.0 243.0 242.0 243.0 242.0 236.0 247.0 189.0 244.0 243.0 203.0 243.0
249.0 244.0 252.0 255.0 255.0 240.0 250.0 219.0 248.0 246.0 244.0 243.0
243.0 244.0 243.0 244.0 243.0 243.0 244.0 243.0 243.0 244.0 243.0 243.0
243.0 243.0 243.0 242.0 244.0 244.0 242.0 244.0 243.0 243.0 243.0 243.0
21.1364 81.6246 12.3038 40.003 34.9612 58.8889 37.7673 54.7107 3.02857 
15.0 74.0 36.0 12.0 12.0
243.0 241.0 241.0 244.0 243.0 241.0 243.0 241.0 243.0 244.0 240.0 243.0
243.0 243.0 241.0 243.0 242.0 234.0 247.0 180.0 243.0 242.0 201.0 243.0
249.0 244.0 252.0 255.0 255.0 241.0 250.0 219.0 247.0 247.0 245.0 244.0
243.0 244.0 243.0 243.0 243.0 243.0 243.0 243.0 243.0 244.0 243.0 243.0
243.0 243.0 243.0 243.0 243.0 243.0 243.0 244.0 243.0 243.0 243.0 243.0
21.1364 81.513 12.3038 40.003 34.9612 58.8889 37.7673 55.1256 3.02857 
15.0 75.0 37.0 12.0 13.0
244.0 241.0 241.0 243.0 243.0 242.0 243.0 241.0 243.0 244.0 240.0 242.0
242.0 243.0 241.0 243.0 242.0 234.0 247.0 179.0 243.0 242.0 200.0 243.0
249.0 244.0 252.0 255.0 255.0 241.0 251.0 217.0 247.0 246.0 244.0 243.0
243.0 244.0 243.0 243.0 243.0 244.0 243.0 243.0 243.0 243.0 243.0 243.0
243.0 244.0 242.0 243.0 243.0 243.0 244.0 244.0 243.0 243.0 243.0 243.0
21 81.2898 11.9192 40.003 34.9612 59.6296 37.7673 55.1256 3.02857 
15.0 77.0 37.0 12.0 13.0
244.0 241.0 241.0 244.0 244.0 242.0 243.0 241.0 244.0 244.0 240.0 242.0
243.0 243.0 241.0 243.0 242.0 233.0 247.0 177.0 243.0 242.0 200.0 243.0
248.0 244.0 251.0 255.0 255.0 240.0 251.0 218.0 247.0 246.0 244.0 244.0
243.0 244.0 243.0 243.0 243.0 243.0 243.0 243.0 243.0 244.0 243.0 243.0
243.0 243.0 243.0 243.0 244.0 243.0 244.0 244.0 243.0 244.0 244.0 243.0
21 81.2898 11.9192 40.003 34.9612 60 37.7673 55.5405 3.02857 
15.0 80.0 38.0 12.0 13.0
243.0 241.0 241.0 243.0 243.0 242.0 243.0 241.0 243.0 244.0 241.0 243.0
243.0 243.0 241.0 243.0 242.0 233.0 247.0 175.0 243.0 242.0 200.0 243.0
248.0 244.0 252.0 255.0 255.0 241.0 250.0 217.0 247.0 247.0 245.0 243.0
242.0 244.0 243.0 243.0 243.0 243.0 243.0 243.0 243.0 243.0 243.0 243.0
243.0 243.0 243.0 243.0 244.0 244.0 244.0 244.0 243.0 243.0 243.0 243.0
21 81.2898 11.9192 40.003 34.9612 60.7407 37.7673 55.5405 3.02857 
15.0 83.0 38.0 12.0 13.0
244.0 241.0 241.0 244.0 243.0 241.0 243.0 241.0 244.0 244.0 241.0 243.0
243.0 243.0 242.0 243.0 242.0 233.0 247.0 172.0 243.0 242.0 202.0 243.0
249.0 244.0 252.0 255.0 255.0 240.0 250.0 217.0 246.0 246.0 245.0 243.0
243.0 243.0 243.0 243.0 243.0 243.0 243.0 243.0 243.0 243.0 243.0 243.0
242.0 243.0 243.0 243.0 244.0 243.0 243.0 244.0 243.0 243.0 244.0 243.0
21.1364 81.4014 11.9192 40.003 34.9612 61.1111 37.7673 55.5405 3.02857 
14.0 84.0 38.0 12.0 13.0
244.0 241.0 241.0 244.0 244.0 241.0 243.0 241.0 244.0 244.0 240.0 242.0
243.0 243.0 241.0 243.0 242.0 232.0 247.0 171.0 243.0 242.0 201.0 244.0
248.0 244.0 252.0 255.0 255.0 240.0 250.0 217.0 247.0 246.0 245.0 243.0
243.0 243.0 243.0 243.0 243.0 243.0 243.0 243.0 242.0 243.0 243.0 243.0
243.0 243.0 243.0 243.0 243.0 243.0 243.0 244.0 242.0 243.0 243.0 243.0
21.1364 81.2898 11.9192 39.4624 35.3488 60.7407 37.7673 55.5405 3.02857 
15.0 85.0 38.0 12.0 12.0
244.0 241.0 241.0 244.0 243.0 241.0 243.0 241.0 244.0 244.0 241.0 242.0
243.0 243.0 241.0 243.0 242.0 232.0 247.0 170.0 242.0 242.0 201.0 243.0
248.0 244.0 251.0 255.0 255.0 240.0 250.0 217.0 247.0 247.0 244.0 243.0
243.0 244.0 243.0 243.0 243.0 243.0 244.0 244.0 243.0 243.0 243.0 243.0
243.0 243.0 243.0 242.0 243.0 244.0 243.0 244.0 243.0 244.0 244.0 244.0
