-10000
20.8637 79.0577 16.5346 44.3273 27.5969 57.037 32.1703 50.1463 2.00816 
15.0 37.0 21.0 12.0 12.0
243.0 243.0 240.0 243.0 243.0 241.0 243.0 240.0 244.0 244.0 241.0 244.0
243.0 243.0 244.0 244.0 243.0 243.0 245.0 232.0 244.0 244.0 218.0 242.0
245.0 244.0 248.0 250.0 249.0 245.0 249.0 233.0 247.0 247.0 238.0 243.0
243.0 243.0 243.0 243.0 243.0 243.0 243.0 243.0 243.0 243.0 242.0 243.0
243.0 243.0 243.0 243.0 243.0 244.0 243.0 244.0 243.0 244.0 243.0 244.0
20.3182 79.7273 14.6115 42.7057 31.4729 54.0741 34.4091 50.9762 2.51837 
15.0 49.0 22.0 12.0 13.0
243.0 243.0 240.0 243.0 243.0 241.0 243.0 241.0 244.0 244.0 240.0 243.0
243.0 243.0 243.0 244.0 244.0 242.0 246.0 223.0 244.0 244.0 204.0 243.0
246.0 244.0 249.0 252.0 251.0 244.0 249.0 233.0 248.0 247.0 243.0 243.0
243.0 244.0 243.0 243.0 243.0 243.0 244.0 243.0 243.0 243.0 243.0 243.0
244.0 244.0 242.0 243.0 243.0 243.0 242.0 244.0 243.0 244.0 243.0 242.0
19.9091 80.6202 13.8423 41.6246 33.0233 53.7037 35.5285 50.5613 2.51837 
15.0 56.0 22.0 12.0 12.0
243.0 243.0 241.0 243.0 243.0 241.0 243.0 241.0 244.0 244.0 241.0 243.0
242.0 243.0 243.0 244.0 243.0 240.0 245.0 217.0 244.0 244.0 199.0 243.0
246.0 244.0 249.0 253.0 253.0 245.0 250.0 233.0 248.0 247.0 244.0 243.0
243.0 244.0 243.0 243.0 243.0 243.0 244.0 243.0 243.0 243.0 243.0 243.0
243.0 244.0 243.0 243.0 243.0 244.0 243.0 244.0 243.0 242.0 243.0 243.0
20.591 80.7318 13.8423 41.6246 33.4109 54.4444 36.2748 50.5613 2.51837 
15.0 56.0 23.0 12.0 13.0
244.0 242.0 241.0 243.0 243.0 241.0 243.0 241.0 243.0 244.0 240.0 243.0
243.0 243.0 242.0 244.0 243.0 240.0 246.0 214.0 244.0 244.0 199.0 242.0
247.0 244.0 249.0 255.0 253.0 246.0 250.0 232.0 248.0 248.0 244.0 243.0
243.0 243.0 243.0 243.0 243.0 243.0 243.0 243.0 243.0 243.0 243.0 243.0
243.0 243.0 243.0 243.0 244.0 243.0 244.0 243.0 242.0 243.0 243.0 243.0
21.1364 80.8434 13.4577 41.6246 33.4109 55.5556 36.6479 50.9762 2.51837 
15.0 56.0 25.0 13.0 12.0
244.0 242.0 241.0 243.0 243.0 241.0 243.0 241.0 243.0 244.0 241.0 243.0
242.0 243.0 243.0 244.0 243.0 239.0 246.0 210.0 244.0 245.0 198.0 243.0
248.0 244.0 249.0 255.0 255.0 244.0 250.0 230.0 249.0 247.0 244.0 243.0
242.0 244.0 243.0 243.0 243.0 243.0 244.0 243.0 243.0 243.0 243.0 243.0
243.0 243.0 243.0 242.0 243.0 244.0 243.0 243.0 243.0 244.0 244.0 243.0
21.1364 81.1782 13.0731 41.6246 34.186 55.9259 36.6479 52.221 2.51837 
14.0 60.0 26.0 12.0 13.0
244.0 242.0 241.0 244.0 243.0 242.0 243.0 241.0 243.0 244.0 240.0 243.0
243.0 243.0 242.0 243.0 242.0 238.0 246.0 205.0 244.0 244.0 195.0 243.0
248.0 244.0 250.0 255.0 255.0 244.0 251.0 228.0 249.0 248.0 244.0 243.0
243.0 244.0 243.0 243.0 243.0 243.0 243.0 243.0 242.0 243.0 243.0 243.0
243.0 243.0 243.0 243.0 243.0 244.0 244.0 244.0 243.0 243.0 244.0 242.0
21.1364 81.2898 12.6885 41.0841 34.186 57.7778 36.6479 53.8808 2.51837 
15.0 57.0 29.0 13.0 13.0
244.0 242.0 241.0 243.0 243.0 242.0 243.0 241.0 243.0 244.0 241.0 242.0
243.0 243.0 242.0 243.0 242.0 237.0 246.0 197.0 244.0 244.0 199.0 243.0
248.0 244.0 250.0 255.0 255.0 243.0 250.0 225.0 248.0 247.0 244.0 244.0
243.0 243.0 243.0 244.0 243.0 243.0 243.0 243.0 243.0 243.0 243.0 243.0
242.0 243.0 242.0 244.0 243.0 244.0 243.0 244.0 243.0 244.0 244.0 243.0
21 81.1782 12.6885 41.0841 34.186 58.8889 37.021 53.8808 2.51837 
15.0 61.0 31.0 12.0 13.0
244.0 241.0 241.0 244.0 243.0 242.0 243.0 241.0 243.0 244.0 241.0 243.0
243.0 243.0 242.0 243.0 242.0 236.0 247.0 193.0 244.0 244.0 200.0 243.0
248.0 244.0 251.0 255.0 255.0 242.0 250.0 224.0 248.0 247.0 244.0 244.0
243.0 244.0 243.0 244.0 243.0 243.0 244.0 243.0 243.0 243.0 243.0 243.0
242.0 244.0 243.0 244.0 243.0 244.0 242.0 244.0 242.0 243.0 243.0 242.0
21 81.2898 12.6885 41.0841 34.186 59.2593 37.021 54.2957 2.51837 
15.0 63.0 32.0 12.0 13.0
244.0 241.0 241.0 244.0 243.0 242.0 243.0 241.0 243.0 244.0 241.0 242.0
243.0 243.0 241.0 243.0 243.0 236.0 247.0 192.0 244.0 244.0 200.0 243.0
248.0 244.0 251.0 255.0 255.0 242.0 250.0 222.0 248.0 247.0 244.0 243.0
243.0 244.0 243.0 243.0 243.0 243.0 244.0 243.0 243.0 243.0 243.0 243.0
243.0 243.0 243.0 243.0 243.0 243.0 243.0 244.0 243.0 243.0 244.0 243.0
21 81.7362 12.3038 41.0841 34.9612 59.6296 37.3942 55.1256 3.02857 
14.0 69.0 33.0 13.0 13.0
244.0 241.0 241.0 244.0 243.0 242.0 243.0 241.0 243.0 244.0 241.0 243.0
243.0 243.0 241.0 243.0 242.0 234.0 246.0 183.0 244.0 243.0 197.0 243.0
248.0 245.0 251.0 255.0 255.0 241.0 251.0 223.0 248.0 247.0 244.0 243.0
243.0 244.0 243.0 244.0 243.0 243.0 243.0 242.0 243.0 243.0 243.0 243.0
243.0 243.0 244.0 243.0 243.0 243.0 243.0 244.0 244.0 244.0 243.0 242.0
21.1364 81.9595 12.3038 41.0841 34.9612 59.6296 37.3942 55.1256 3.02857 
14.0 73.0 33.0 13.0 12.0
244.0 241.0 241.0 243.0 243.0 241.0 243.0 241.0 243.0 244.0 241.0 243.0
243.0 243.0 243.0 243.0 242.0 234.0 246.0 182.0 243.0 243.0 196.0 243.0
248.0 244.0 251.0 255.0 255.0 241.0 250.0 222.0 248.0 247.0 244.0 243.0
242.0 243.0 243.0 243.0 243.0 243.0 243.0 243.0 243.0 243.0 243.0 243.0
243.0 242.0 243.0 243.0 243.0 243.0 243.0 244.0 243.0 243.0 243.0 243.0
21.1364 82.0711 12.3038 41.0841 34.9612 59.6296 37.3942 55.1256 3.02857 
15.0 74.0 33.0 12.0 13.0
244.0 242.0 240.0 243.0 243.0 242.0 243.0 241.0 244.0 244.0 240.0 243.0
243.0 243.0 241.0 243.0 242.0 234.0 247.0 181.0 244.0 243.0 196.0 243.0
248.0 244.0 250.0 255.0 255.0 241.0 250.0 221.0 248.0 247.0 244.0 243.0
242.0 244.0 243.0 244.0 243.0 243.0 244.0 243.0 243.0 244.0 242.0 243.0
243.0 243.0 242.0 244.0 243.0 244.0 243.0 244.0 242.0 243.0 243.0 243.0
21.1364 82.0711 12.3038 41.0841 34.9612 60.7407 37.7673 55.1256 3.02857 
15.0 77.0 34.0 12.0 13.0
244.0 241.0 241.0 244.0 244.0 242.0 243.0 241.0 243.0 244.0 241.0 243.0
243.0 243.0 241.0 243.0 242.0 233.0 247.0 178.0 244.0 243.0 197.0 243.0
248.0 244.0 251.0 255.0 255.0 240.0 250.0 221.0 248.0 246.0 244.0 243.0
242.0 243.0 243.0 243.0 243.0 243.0 243.0 243.0 243.0 243.0 243.0 243.0
243.0 243.0 244.0 243.0 243.0 243.0 243.0 244.0 243.0 243.0 243.0 243.0
21.1364 81.9595 12.3038 41.0841 34.9612 61.4815 37.7673 55.1256 3.02857 
14.0 80.0 34.0 13.0 13.0
244.0 241.0 241.0 244.0 243.0 242.0 243.0 241.0 244.0 244.0 241.0 243.0
242.0 243.0 241.0 243.0 243.0 233.0 247.0 175.0 243.0 243.0 198.0 243.0
249.0 244.0 251.0 255.0 255.0 240.0 250.0 221.0 248.0 246.0 244.0 243.0
243.0 243.0 243.0 243.0 243.0 243.0 244.0 243.0 243.0 243.0 243.0 243.0
243.0 243.0 243.0 242.0 243.0 243.0 243.0 244.0 243.0 243.0 243.0 243.0
