-10000
21.4091 79.9505 8.45769 0.00297297 37.2868 56.6667 35.9016 48.9015 5.57959 
25.0 19.0 37.0 13.0 11.0
242.0 232.0 231.0 240.0 240.0 237.0 240.0 237.0 241.0 240.0 233.0 235.0
242.0 243.0 243.0 243.0 243.0 242.0 243.0 235.0 243.0 244.0 242.0 242.0
240.0 241.0 234.0 232.0 232.0 229.0 231.0 218.0 233.0 235.0 231.0 239.0
242.0 243.0 245.0 244.0 244.0 244.0 244.0 244.0 244.0 245.0 244.0 243.0
244.0 244.0 248.0 250.0 248.0 249.0 250.0 249.0 247.0 248.0 249.0 245.0
21.2728 79.3925 15.7654 0.00297297 36.124 57.037 37.3942 48.4866 5.57959 
31.0 25.0 44.0 13.0 11.0
242.0 225.0 223.0 239.0 240.0 233.0 238.0 234.0 240.0 240.0 228.0 231.0
242.0 243.0 244.0 243.0 243.0 242.0 244.0 228.0 243.0 244.0 243.0 242.0
240.0 240.0 234.0 231.0 231.0 225.0 230.0 211.0 232.0 234.0 230.0 240.0
242.0 243.0 245.0 245.0 244.0 245.0 244.0 244.0 244.0 245.0 244.0 243.0
244.0 244.0 247.0 248.0 247.0 249.0 249.0 248.0 247.0 247.0 249.0 245.0
21.1364 79.2809 18.0731 0.00297297 36.124 58.5185 37.7673 50.1463 5.57959 
35.0 28.0 46.0 13.0 11.0
242.0 222.0 220.0 239.0 239.0 232.0 239.0 233.0 240.0 240.0 227.0 231.0
243.0 243.0 244.0 244.0 243.0 242.0 244.0 227.0 244.0 243.0 242.0 242.0
239.0 240.0 233.0 231.0 230.0 223.0 228.0 207.0 232.0 233.0 229.0 240.0
242.0 243.0 244.0 245.0 244.0 245.0 244.0 243.0 244.0 244.0 244.0 243.0
244.0 244.0 248.0 249.0 247.0 248.0 249.0 247.0 247.0 248.0 248.0 245.0
21.1364 79.2809 18.0731 0.00297297 36.5116 60.3704 37.3942 51.8061 5.57959 
36.0 29.0 53.0 13.0 11.0
242.0 218.0 219.0 238.0 239.0 231.0 238.0 233.0 240.0 239.0 226.0 229.0
242.0 243.0 243.0 244.0 243.0 243.0 244.0 226.0 243.0 244.0 242.0 242.0
239.0 239.0 232.0 230.0 230.0 220.0 227.0 202.0 231.0 232.0 228.0 239.0
242.0 243.0 245.0 245.0 244.0 244.0 244.0 244.0 244.0 244.0 244.0 243.0
244.0 244.0 248.0 249.0 249.0 248.0 248.0 248.0 247.0 249.0 248.0 246.0
21.1364 79.5041 17.6885 -0.537568 36.5116 61.4815 37.3942 53.0509 5.57959 
39.0 32.0 53.0 13.0 11.0
242.0 216.0 218.0 238.0 239.0 231.0 238.0 233.0 240.0 240.0 225.0 228.0
242.0 243.0 244.0 243.0 243.0 242.0 245.0 222.0 244.0 244.0 242.0 242.0
239.0 241.0 232.0 229.0 229.0 219.0 226.0 202.0 231.0 233.0 228.0 239.0
241.0 243.0 245.0 244.0 245.0 245.0 244.0 244.0 244.0 245.0 244.0 243.0
244.0 245.0 247.0 249.0 247.0 249.0 248.0 249.0 246.0 249.0 248.0 245.0
21.1364 79.6157 17.6885 0.00297297 36.8992 61.4815 37.3942 53.8808 5.06939 
42.0 36.0 52.0 13.0 12.0
241.0 213.0 217.0 238.0 239.0 231.0 238.0 233.0 240.0 240.0 224.0 227.0
243.0 243.0 244.0 243.0 243.0 241.0 245.0 219.0 243.0 244.0 243.0 242.0
239.0 240.0 232.0 229.0 229.0 219.0 225.0 203.0 230.0 233.0 228.0 239.0
242.0 244.0 245.0 245.0 245.0 244.0 244.0 243.0 244.0 244.0 244.0 243.0
244.0 244.0 248.0 249.0 248.0 247.0 249.0 248.0 246.0 248.0 250.0 244.0
21.1364 79.6157 17.3038 -0.537568 37.2868 61.8519 37.7673 54.2957 4.55918 
44.0 37.0 53.0 13.0 11.0
241.0 211.0 216.0 238.0 239.0 231.0 238.0 233.0 240.0 239.0 224.0 226.0
242.0 243.0 244.0 243.0 243.0 241.0 245.0 218.0 244.0 243.0 242.0 242.0
239.0 240.0 231.0 229.0 229.0 218.0 225.0 201.0 231.0 233.0 228.0 239.0
242.0 244.0 245.0 245.0 244.0 244.0 244.0 243.0 244.0 244.0 244.0 243.0
244.0 244.0 248.0 249.0 248.0 248.0 249.0 247.0 247.0 248.0 248.0 246.0
21 79.6157 17.3038 -0.537568 37.2868 62.2222 37.7673 55.5405 4.55918 
46.0 39.0 54.0 13.0 11.0
241.0 208.0 215.0 238.0 239.0 231.0 238.0 232.0 240.0 239.0 224.0 226.0
242.0 243.0 244.0 243.0 243.0 241.0 244.0 215.0 243.0 244.0 243.0 242.0
239.0 240.0 232.0 229.0 228.0 218.0 225.0 201.0 230.0 232.0 229.0 239.0
241.0 244.0 245.0 245.0 245.0 244.0 244.0 244.0 244.0 244.0 244.0 243.0
244.0 244.0 247.0 249.0 248.0 248.0 249.0 248.0 247.0 248.0 249.0 245.0
21 79.7273 17.3038 -0.537568 37.2868 62.963 37.7673 55.9555 4.55918 
47.0 41.0 52.0 13.0 11.0
241.0 207.0 214.0 238.0 239.0 230.0 238.0 232.0 240.0 239.0 223.0 225.0
243.0 243.0 244.0 243.0 244.0 240.0 244.0 214.0 243.0 244.0 243.0 242.0
239.0 240.0 232.0 229.0 229.0 219.0 225.0 204.0 231.0 233.0 229.0 239.0
242.0 243.0 244.0 244.0 244.0 246.0 244.0 244.0 244.0 244.0 244.0 243.0
244.0 244.0 248.0 249.0 248.0 248.0 249.0 247.0 247.0 248.0 248.0 245.0
21.1364 79.9505 16.9192 -0.537568 37.2868 63.7037 37.7673 55.9555 5.06939 
49.0 42.0 51.0 14.0 11.0
242.0 206.0 214.0 238.0 239.0 230.0 238.0 233.0 240.0 239.0 223.0 224.0
242.0 243.0 243.0 243.0 243.0 240.0 244.0 213.0 243.0 244.0 243.0 242.0
239.0 240.0 232.0 229.0 229.0 220.0 226.0 205.0 231.0 233.0 229.0 239.0
242.0 244.0 244.0 244.0 244.0 244.0 244.0 244.0 244.0 245.0 244.0 243.0
244.0 244.0 248.0 248.0 249.0 249.0 248.0 247.0 248.0 248.0 248.0 245.0
21.1364 79.9505 17.3038 -0.537568 37.6744 63.7037 37.7673 56.3704 5.06939 
49.0 42.0 51.0 14.0 11.0
241.0 205.0 213.0 238.0 239.0 229.0 238.0 232.0 240.0 239.0 222.0 223.0
242.0 243.0 244.0 244.0 243.0 240.0 244.0 211.0 242.0 244.0 243.0 242.0
239.0 240.0 232.0 229.0 229.0 220.0 226.0 205.0 231.0 233.0 229.0 240.0
242.0 244.0 244.0 244.0 244.0 244.0 244.0 244.0 244.0 245.0 244.0 243.0
244.0 244.0 247.0 248.0 248.0 249.0 250.0 248.0 247.0 248.0 248.0 244.0
21.1364 80.0621 16.9192 -0.537568 38.062 62.963 37.7673 56.3704 5.06939 
52.0 47.0 48.0 14.0 11.0
241.0 203.0 212.0 238.0 239.0 229.0 238.0 232.0 240.0 239.0 221.0 223.0
242.0 243.0 244.0 243.0 243.0 239.0 243.0 208.0 242.0 244.0 243.0 242.0
239.0 240.0 232.0 229.0 229.0 221.0 226.0 207.0 231.0 233.0 229.0 239.0
241.0 243.0 245.0 245.0 244.0 245.0 244.0 244.0 244.0 244.0 244.0 243.0
244.0 245.0 248.0 248.0 248.0 249.0 248.0 248.0 248.0 247.0 248.0 245.0
20.8637 79.9505 17.3038 -0.537568 38.062 63.3333 37.7673 56.3704 4.55918 
54.0 45.0 50.0 13.0 11.0
241.0 201.0 210.0 238.0 239.0 229.0 238.0 232.0 240.0 240.0 220.0 222.0
242.0 243.0 244.0 243.0 243.0 239.0 241.0 209.0 242.0 244.0 243.0 242.0
239.0 240.0 232.0 229.0 228.0 219.0 225.0 205.0 231.0 233.0 229.0 239.0
242.0 243.0 245.0 245.0 245.0 244.0 244.0 244.0 244.0 244.0 244.0 243.0
244.0 244.0 247.0 249.0 248.0 249.0 249.0 249.0 246.0 249.0 249.0 244.0
