-10000
20.8637 79.6157 14.2269 0.00297297 33.7984 64.0741 36.2748 49.3165 6.0898 
30.0 24.0 44.0 14.0 11.0
242.0 225.0 224.0 239.0 240.0 234.0 239.0 234.0 241.0 240.0 229.0 231.0
242.0 242.0 244.0 243.0 242.0 242.0 244.0 231.0 243.0 243.0 242.0 242.0
240.0 239.0 233.0 231.0 230.0 225.0 228.0 211.0 232.0 233.0 229.0 239.0
242.0 243.0 244.0 244.0 245.0 244.0 244.0 244.0 244.0 244.0 244.0 243.0
244.0 244.0 248.0 249.0 248.0 248.0 250.0 248.0 247.0 249.0 248.0 245.0
21 79.6157 19.2269 -0.537568 33.4109 63.3333 36.6479 49.7314 6.0898 
35.0 28.0 46.0 13.0 11.0
242.0 221.0 220.0 239.0 239.0 231.0 238.0 233.0 240.0 240.0 226.0 230.0
242.0 242.0 244.0 244.0 243.0 242.0 245.0 227.0 243.0 243.0 242.0 242.0
240.0 239.0 233.0 230.0 230.0 224.0 227.0 208.0 231.0 233.0 229.0 239.0
241.0 244.0 244.0 245.0 244.0 244.0 244.0 244.0 244.0 244.0 244.0 243.0
243.0 246.0 249.0 249.0 248.0 248.0 249.0 249.0 247.0 247.0 248.0 244.0
21 79.6157 19.2269 -0.537568 34.186 62.963 36.6479 50.1463 5.57959 
37.0 30.0 51.0 14.0 12.0
242.0 218.0 218.0 238.0 239.0 231.0 238.0 232.0 240.0 239.0 225.0 229.0
242.0 243.0 244.0 243.0 243.0 242.0 245.0 224.0 243.0 243.0 242.0 242.0
239.0 240.0 232.0 230.0 229.0 220.0 227.0 203.0 231.0 233.0 228.0 239.0
242.0 243.0 244.0 244.0 244.0 244.0 244.0 244.0 244.0 244.0 244.0 243.0
244.0 244.0 248.0 250.0 249.0 248.0 249.0 247.0 248.0 248.0 248.0 245.0
20.8637 79.6157 18.8423 -0.537568 34.9612 62.5926 37.021 51.3912 5.57959 
39.0 33.0 53.0 14.0 11.0
242.0 215.0 217.0 238.0 239.0 230.0 238.0 232.0 240.0 239.0 224.0 228.0
242.0 243.0 244.0 243.0 243.0 242.0 245.0 221.0 243.0 243.0 243.0 242.0
239.0 239.0 233.0 229.0 229.0 220.0 227.0 202.0 231.0 233.0 229.0 239.0
242.0 243.0 244.0 244.0 244.0 244.0 244.0 243.0 244.0 244.0 244.0 243.0
244.0 244.0 248.0 250.0 248.0 249.0 250.0 249.0 247.0 247.0 248.0 245.0
20.7273 79.7273 18.4577 -0.537568 36.124 61.8519 37.021 53.0509 5.57959 
42.0 37.0 52.0 13.0 11.0
242.0 213.0 215.0 238.0 239.0 230.0 238.0 233.0 240.0 239.0 224.0 227.0
243.0 242.0 244.0 243.0 243.0 240.0 244.0 218.0 243.0 243.0 242.0 242.0
239.0 240.0 232.0 229.0 229.0 220.0 226.0 203.0 231.0 233.0 229.0 239.0
242.0 243.0 244.0 244.0 244.0 244.0 244.0 243.0 244.0 244.0 244.0 243.0
244.0 245.0 248.0 250.0 249.0 248.0 249.0 249.0 247.0 249.0 248.0 245.0
20.7273 79.8389 18.0731 -0.537568 36.5116 61.8519 37.3942 53.8808 5.06939 
43.0 38.0 53.0 13.0 11.0
241.0 211.0 215.0 238.0 239.0 230.0 238.0 232.0 240.0 239.0 224.0 226.0
242.0 243.0 243.0 243.0 243.0 240.0 245.0 217.0 243.0 244.0 242.0 242.0
239.0 240.0 232.0 229.0 229.0 218.0 225.0 201.0 231.0 233.0 228.0 239.0
242.0 243.0 244.0 244.0 244.0 244.0 244.0 243.0 244.0 244.0 244.0 243.0
244.0 244.0 249.0 249.0 248.0 249.0 249.0 247.0 247.0 248.0 248.0 245.0
20.7273 80.0621 18.0731 -0.537568 36.8992 61.8519 37.3942 54.7107 5.06939 
45.0 43.0 52.0 13.0 11.0
241.0 209.0 214.0 238.0 239.0 230.0 238.0 232.0 240.0 239.0 223.0 225.0
242.0 242.0 244.0 244.0 243.0 240.0 244.0 212.0 243.0 244.0 242.0 242.0
239.0 239.0 231.0 229.0 228.0 219.0 225.0 203.0 230.0 233.0 229.0 239.0
242.0 243.0 245.0 245.0 244.0 244.0 244.0 244.0 244.0 244.0 244.0 243.0
244.0 245.0 248.0 250.0 248.0 248.0 250.0 248.0 247.0 248.0 248.0 245.0
20.7273 80.1737 17.6885 -0.537568 37.2868 63.3333 37.7673 55.1256 5.06939 
47.0 42.0 54.0 13.0 11.0
241.0 208.0 211.0 238.0 239.0 228.0 237.0 231.0 240.0 239.0 220.0 225.0
242.0 243.0 243.0 243.0 242.0 239.0 244.0 213.0 243.0 244.0 243.0 242.0
238.0 240.0 231.0 229.0 228.0 217.0 224.0 201.0 231.0 233.0 229.0 239.0
242.0 243.0 244.0 245.0 244.0 244.0 244.0 243.0 244.0 244.0 244.0 243.0
244.0 244.0 248.0 250.0 249.0 248.0 249.0 248.0 247.0 249.0 249.0 244.0
20.3182 80.0621 17.3038 -0.537568 37.2868 64.0741 38.1404 55.5405 4.55918 
49.0 43.0 54.0 13.0 11.0
241.0 206.0 210.0 238.0 239.0 226.0 238.0 230.0 240.0 239.0 222.0 225.0
242.0 243.0 243.0 243.0 243.0 239.0 244.0 212.0 243.0 244.0 242.0 242.0
239.0 239.0 231.0 228.0 228.0 218.0 224.0 202.0 231.0 233.0 229.0 239.0
242.0 243.0 244.0 244.0 244.0 244.0 244.0 243.0 244.0 245.0 244.0 243.0
244.0 244.0 248.0 250.0 247.0 248.0 249.0 248.0 247.0 248.0 248.0 246.0
20.1819 80.0621 17.3038 -0.537568 37.6744 64.0741 38.1404 55.5405 4.04898 
50.0 45.0 53.0 14.0 11.0
241.0 205.0 209.0 237.0 239.0 226.0 237.0 230.0 240.0 239.0 221.0 225.0
242.0 243.0 244.0 244.0 242.0 239.0 243.0 210.0 242.0 244.0 242.0 242.0
239.0 239.0 231.0 228.0 228.0 218.0 224.0 202.0 231.0 233.0 229.0 239.0
242.0 243.0 244.0 244.0 245.0 244.0 244.0 244.0 244.0 244.0 244.0 243.0
244.0 244.0 247.0 249.0 248.0 247.0 249.0 249.0 246.0 248.0 248.0 245.0
20.1819 80.2854 16.9192 -0.537568 38.4496 63.7037 38.5136 55.5405 4.04898 
53.0 48.0 51.0 13.0 11.0
241.0 202.0 208.0 237.0 239.0 226.0 237.0 230.0 240.0 238.0 221.0 224.0
242.0 242.0 243.0 243.0 243.0 238.0 243.0 207.0 242.0 244.0 242.0 242.0
239.0 239.0 231.0 228.0 228.0 218.0 224.0 204.0 231.0 233.0 229.0 239.0
242.0 243.0 245.0 244.0 244.0 244.0 244.0 243.0 244.0 244.0 244.0 243.0
244.0 244.0 247.0 249.0 249.0 248.0 249.0 249.0 248.0 247.0 248.0 245.0
20.4546 80.397 17.3038 -0.537568 38.4496 63.7037 38.5136 55.5405 4.55918 
53.0 49.0 52.0 14.0 12.0
240.0 201.0 207.0 237.0 238.0 225.0 236.0 230.0 239.0 239.0 220.0 223.0
242.0 243.0 243.0 243.0 243.0 238.0 243.0 205.0 241.0 244.0 242.0 242.0
238.0 239.0 231.0 228.0 228.0 218.0 224.0 203.0 230.0 233.0 228.0 239.0
241.0 243.0 245.0 244.0 244.0 245.0 244.0 243.0 244.0 244.0 244.0 243.0
244.0 244.0 249.0 249.0 248.0 248.0 250.0 247.0 247.0 248.0 248.0 244.0
