-10000
21.1364 79.3925 17.6885 44.3273 27.2093 52.963 31.7972 49.3165 3.02857 
15.0 31.0 22.0 13.0 13.0
243.0 243.0 240.0 243.0 243.0 241.0 243.0 240.0 243.0 244.0 241.0 244.0
243.0 244.0 244.0 244.0 242.0 242.0 244.0 237.0 244.0 244.0 225.0 242.0
246.0 244.0 248.0 252.0 251.0 245.0 249.0 233.0 247.0 247.0 239.0 243.0
243.0 244.0 243.0 243.0 243.0 243.0 243.0 242.0 243.0 243.0 243.0 243.0
242.0 243.0 243.0 243.0 243.0 244.0 243.0 244.0 243.0 243.0 244.0 243.0
21 79.6157 16.5346 43.7868 29.1473 52.5926 33.2897 49.7314 2.51837 
15.0 37.0 25.0 12.0 13.0
243.0 243.0 241.0 243.0 243.0 241.0 243.0 240.0 243.0 243.0 241.0 243.0
243.0 243.0 243.0 244.0 243.0 242.0 244.0 232.0 244.0 244.0 216.0 243.0
246.0 244.0 249.0 253.0 252.0 245.0 249.0 230.0 247.0 247.0 240.0 242.0
243.0 243.0 243.0 243.0 243.0 243.0 244.0 243.0 243.0 243.0 243.0 243.0
243.0 243.0 242.0 243.0 244.0 243.0 243.0 243.0 243.0 242.0 244.0 243.0
21 80.1737 15.7654 43.2462 31.0853 52.2222 34.4091 50.1463 2.51837 
15.0 44.0 25.0 13.0 13.0
243.0 243.0 241.0 243.0 243.0 241.0 243.0 240.0 243.0 244.0 240.0 243.0
243.0 244.0 242.0 244.0 243.0 241.0 244.0 227.0 244.0 244.0 210.0 243.0
247.0 244.0 249.0 253.0 253.0 244.0 250.0 229.0 247.0 247.0 241.0 242.0
242.0 244.0 243.0 243.0 243.0 243.0 243.0 243.0 243.0 243.0 243.0 243.0
243.0 243.0 243.0 243.0 243.0 244.0 243.0 244.0 243.0 243.0 244.0 243.0
20.8637 80.5086 14.9962 42.7057 31.4729 54.0741 35.1554 50.1463 2.51837 
15.0 49.0 27.0 13.0 13.0
244.0 243.0 241.0 243.0 243.0 242.0 243.0 240.0 243.0 244.0 240.0 243.0
243.0 243.0 243.0 243.0 243.0 240.0 244.0 220.0 244.0 244.0 207.0 242.0
247.0 244.0 249.0 255.0 253.0 244.0 250.0 228.0 247.0 246.0 242.0 243.0
243.0 243.0 243.0 243.0 243.0 242.0 243.0 242.0 243.0 243.0 243.0 243.0
242.0 244.0 243.0 243.0 243.0 242.0 243.0 244.0 243.0 243.0 243.0 243.0
21 80.7318 14.9962 42.7057 31.8605 55.1852 35.5285 50.9762 2.51837 
15.0 49.0 28.0 12.0 12.0
244.0 243.0 241.0 243.0 243.0 241.0 243.0 240.0 243.0 244.0 241.0 243.0
243.0 243.0 242.0 244.0 242.0 240.0 246.0 216.0 244.0 244.0 205.0 243.0
247.0 244.0 250.0 255.0 255.0 243.0 249.0 226.0 247.0 247.0 242.0 242.0
243.0 244.0 243.0 243.0 243.0 243.0 243.0 243.0 243.0 243.0 243.0 243.0
243.0 243.0 242.0 243.0 243.0 243.0 243.0 244.0 242.0 243.0 243.0 242.0
21 80.955 14.2269 42.1651 32.6357 55.1852 35.5285 53.4659 2.51837 
15.0 52.0 31.0 12.0 13.0
243.0 243.0 241.0 243.0 243.0 241.0 243.0 240.0 244.0 244.0 240.0 243.0
243.0 243.0 242.0 243.0 242.0 239.0 246.0 210.0 244.0 244.0 202.0 243.0
247.0 244.0 250.0 255.0 255.0 242.0 250.0 224.0 248.0 246.0 243.0 243.0
242.0 243.0 243.0 243.0 243.0 243.0 243.0 243.0 243.0 243.0 244.0 243.0
243.0 243.0 243.0 243.0 243.0 243.0 243.0 244.0 243.0 243.0 243.0 243.0
20.8637 80.955 14.2269 42.1651 32.6357 57.037 35.9016 53.0509 2.51837 
15.0 52.0 33.0 13.0 13.0
244.0 243.0 241.0 244.0 243.0 241.0 243.0 240.0 243.0 244.0 241.0 243.0
242.0 243.0 242.0 243.0 242.0 238.0 246.0 204.0 244.0 244.0 204.0 243.0
248.0 244.0 249.0 255.0 255.0 241.0 250.0 222.0 248.0 247.0 243.0 243.0
243.0 243.0 243.0 244.0 243.0 243.0 243.0 243.0 243.0 243.0 243.0 243.0
243.0 243.0 243.0 243.0 244.0 243.0 243.0 243.0 244.0 244.0 244.0 243.0
20.8637 81.1782 13.8423 42.1651 33.0233 57.7778 36.2748 53.4659 2.51837 
15.0 58.0 33.0 13.0 13.0
244.0 242.0 241.0 243.0 243.0 241.0 243.0 240.0 243.0 244.0 240.0 243.0
242.0 243.0 242.0 243.0 243.0 237.0 247.0 197.0 244.0 244.0 202.0 243.0
248.0 244.0 250.0 255.0 255.0 240.0 250.0 221.0 247.0 247.0 244.0 243.0
242.0 244.0 244.0 243.0 243.0 243.0 243.0 242.0 243.0 243.0 243.0 243.0
243.0 243.0 243.0 244.0 243.0 243.0 242.0 243.0 243.0 243.0 243.0 244.0
20.8637 81.513 13.4577 42.1651 33.4109 58.8889 36.6479 54.7107 2.51837 
15.0 62.0 35.0 13.0 12.0
243.0 242.0 241.0 243.0 243.0 241.0 243.0 240.0 243.0 244.0 240.0 243.0
243.0 243.0 241.0 243.0 243.0 236.0 246.0 192.0 244.0 243.0 203.0 243.0
248.0 244.0 250.0 255.0 255.0 240.0 250.0 220.0 248.0 246.0 243.0 243.0
243.0 244.0 243.0 243.0 244.0 243.0 243.0 243.0 243.0 243.0 243.0 243.0
244.0 243.0 243.0 242.0 242.0 243.0 243.0 244.0 243.0 243.0 243.0 242.0
21 81.7362 13.4577 41.6246 33.7984 58.8889 37.021 54.7107 3.02857 
15.0 65.0 37.0 13.0 13.0
244.0 242.0 241.0 243.0 243.0 241.0 243.0 240.0 243.0 244.0 241.0 243.0
243.0 242.0 241.0 243.0 242.0 236.0 246.0 190.0 244.0 243.0 203.0 243.0
248.0 244.0 250.0 255.0 255.0 239.0 250.0 218.0 247.0 247.0 243.0 243.0
243.0 244.0 244.0 243.0 243.0 243.0 243.0 243.0 243.0 243.0 243.0 243.0
242.0 243.0 243.0 243.0 243.0 243.0 243.0 243.0 243.0 244.0 244.0 243.0
21 81.8479 13.0731 41.6246 33.7984 59.2593 37.021 54.7107 3.02857 
15.0 65.0 37.0 13.0 13.0
244.0 242.0 241.0 243.0 243.0 242.0 243.0 240.0 243.0 244.0 240.0 242.0
243.0 243.0 242.0 243.0 242.0 236.0 247.0 189.0 244.0 243.0 203.0 243.0
248.0 244.0 250.0 255.0 255.0 238.0 250.0 217.0 247.0 246.0 243.0 243.0
242.0 243.0 243.0 243.0 243.0 243.0 243.0 243.0 243.0 243.0 243.0 243.0
243.0 243.0 243.0 243.0 243.0 244.0 243.0 244.0 243.0 243.0 243.0 243.0
20.8637 82.0711 12.6885 41.6246 34.5736 59.2593 37.3942 55.9555 3.02857 
15.0 74.0 38.0 12.0 13.0
244.0 242.0 241.0 244.0 243.0 242.0 243.0 241.0 244.0 244.0 240.0 242.0
243.0 243.0 241.0 243.0 243.0 234.0 246.0 179.0 244.0 242.0 201.0 243.0
248.0 244.0 250.0 255.0 255.0 238.0 250.0 217.0 247.0 246.0 245.0 243.0
242.0 243.0 243.0 244.0 243.0 243.0 243.0 242.0 243.0 243.0 243.0 243.0
243.0 243.0 244.0 243.0 243.0 244.0 243.0 244.0 244.0 243.0 243.0 242.0
20.8637 82.0711 12.6885 41.0841 34.5736 59.2593 37.3942 55.9555 3.02857 
15.0 76.0 39.0 12.0 13.0
244.0 241.0 241.0 243.0 243.0 241.0 243.0 241.0 243.0 244.0 240.0 242.0
243.0 242.0 240.0 243.0 242.0 234.0 246.0 179.0 243.0 242.0 201.0 243.0
248.0 244.0 250.0 255.0 255.0 238.0 250.0 216.0 247.0 246.0 244.0 243.0
242.0 243.0 243.0 243.0 244.0 243.0 243.0 243.0 243.0 243.0 243.0 243.0
243.0 243.0 243.0 243.0 244.0 243.0 244.0 243.0 244.0 242.0 244.0 242.0
20.8637 82.0711 12.6885 41.0841 34.9612 60 37.3942 55.9555 3.02857 
15.0 80.0 39.0 13.0 12.0
244.0 241.0 241.0 243.0 243.0 242.0 243.0 241.0 243.0 244.0 240.0 242.0
243.0 243.0 241.0 243.0 242.0 233.0 246.0 175.0 243.0 242.0 202.0 243.0
248.0 244.0 250.0 255.0 255.0 238.0 250.0 216.0 247.0 246.0 244.0 244.0
243.0 243.0 243.0 243.0 243.0 243.0 244.0 243.0 242.0 243.0 243.0 243.0
243.0 243.0 244.0 242.0 244.0 243.0 243.0 243.0 243.0 243.0 244.0 243.0
20.8637 82.0711 12.6885 36.7597 35.3488 61.4815 38.1404 56.3704 3.02857 
15.0 82.0 39.0 12.0 13.0
244.0 240.0 241.0 243.0 243.0 242.0 243.0 242.0 244.0 244.0 240.0 240.0
243.0 243.0 241.0 243.0 242.0 232.0 247.0 173.0 243.0 242.0 207.0 243.0
248.0 244.0 250.0 255.0 255.0 238.0 250.0 216.0 247.0 246.0 245.0 243.0
243.0 243.0 243.0 243.0 243.0 243.0 243.0 243.0 243.0 243.0 243.0 243.0
243.0 243.0 243.0 243.0 243.0 244.0 243.0 244.0 243.0 244.0 244.0 243.0
21 82.1827 13.0731 34.5976 35.3488 61.8519 38.1404 56.7854 3.02857 
17.0 83.0 39.0 13.0 13.0
244.0 239.0 241.0 243.0 243.0 243.0 243.0 243.0 243.0 244.0 241.0 238.0
243.0 243.0 241.0 243.0 242.0 232.0 247.0 172.0 242.0 242.0 210.0 243.0
248.0 244.0 250.0 255.0 255.0 238.0 250.0 217.0 247.0 246.0 245.0 243.0
242.0 243.0 243.0 243.0 243.0 243.0 243.0 243.0 243.0 244.0 244.0 243.0
243.0 243.0 243.0 243.0 243.0 244.0 243.0 244.0 243.0 243.0 244.0 243.0
