-10000
21.1364 78.8345 17.3038 44.8678 27.2093 57.037 31.424 50.9762 2.51837 
15.0 31.0 22.0 12.0 13.0
244.0 243.0 240.0 243.0 243.0 242.0 243.0 241.0 243.0 243.0 241.0 244.0
243.0 243.0 244.0 243.0 243.0 243.0 244.0 235.0 244.0 243.0 224.0 242.0
245.0 244.0 247.0 249.0 249.0 244.0 247.0 234.0 247.0 247.0 238.0 243.0
243.0 243.0 243.0 244.0 243.0 243.0 243.0 243.0 242.0 243.0 243.0 243.0
243.0 243.0 243.0 244.0 243.0 244.0 243.0 243.0 243.0 243.0 244.0 243.0
21 79.3925 16.15 43.7868 30.6977 53.7037 33.2897 51.8061 2.51837 
15.0 41.0 22.0 12.0 13.0
243.0 244.0 241.0 243.0 243.0 241.0 243.0 241.0 243.0 243.0 240.0 243.0
243.0 243.0 244.0 244.0 242.0 242.0 245.0 228.0 244.0 244.0 211.0 243.0
245.0 244.0 247.0 250.0 250.0 244.0 248.0 233.0 248.0 247.0 242.0 243.0
243.0 244.0 243.0 244.0 243.0 243.0 243.0 243.0 243.0 244.0 243.0 243.0
243.0 243.0 243.0 243.0 244.0 244.0 244.0 244.0 244.0 243.0 244.0 243.0
20.8637 79.8389 15.3808 43.2462 31.8605 52.963 34.036 51.8061 2.51837 
15.0 50.0 22.0 13.0 13.0
243.0 243.0 241.0 243.0 243.0 242.0 243.0 240.0 243.0 244.0 240.0 243.0
243.0 243.0 243.0 244.0 243.0 242.0 245.0 223.0 244.0 244.0 205.0 243.0
246.0 244.0 248.0 250.0 250.0 244.0 249.0 233.0 248.0 247.0 243.0 243.0
243.0 243.0 243.0 243.0 243.0 243.0 243.0 243.0 243.0 243.0 243.0 243.0
244.0 242.0 243.0 243.0 243.0 242.0 243.0 243.0 244.0 244.0 244.0 243.0
20.8637 80.2854 14.9962 43.2462 32.6357 54.0741 34.4091 52.221 2.51837 
15.0 52.0 23.0 12.0 13.0
244.0 243.0 241.0 243.0 243.0 241.0 243.0 241.0 244.0 244.0 240.0 244.0
243.0 243.0 244.0 244.0 243.0 242.0 246.0 219.0 244.0 244.0 203.0 242.0
246.0 244.0 248.0 250.0 251.0 244.0 249.0 232.0 247.0 247.0 243.0 243.0
242.0 243.0 243.0 243.0 243.0 243.0 243.0 243.0 243.0 243.0 243.0 243.0
243.0 243.0 243.0 243.0 243.0 243.0 242.0 243.0 243.0 243.0 243.0 242.0
20.8637 80.6202 14.6115 42.7057 33.4109 54.4444 35.5285 52.636 2.51837 
15.0 55.0 23.0 13.0 13.0
244.0 243.0 241.0 244.0 243.0 242.0 243.0 241.0 243.0 244.0 241.0 243.0
243.0 243.0 243.0 244.0 243.0 240.0 246.0 214.0 244.0 244.0 200.0 242.0
245.0 244.0 248.0 252.0 252.0 244.0 249.0 231.0 248.0 247.0 244.0 243.0
243.0 243.0 243.0 243.0 243.0 243.0 243.0 243.0 243.0 243.0 243.0 243.0
243.0 243.0 243.0 243.0 243.0 243.0 243.0 243.0 243.0 242.0 244.0 243.0
20.8637 80.8434 14.2269 42.1651 33.4109 55.9259 35.9016 52.221 2.51837 
15.0 53.0 26.0 12.0 12.0
244.0 243.0 241.0 243.0 243.0 242.0 243.0 241.0 243.0 244.0 241.0 243.0
242.0 243.0 243.0 243.0 243.0 240.0 247.0 210.0 244.0 245.0 202.0 243.0
246.0 244.0 248.0 252.0 251.0 243.0 249.0 230.0 248.0 247.0 244.0 243.0
243.0 244.0 244.0 243.0 243.0 243.0 243.0 243.0 242.0 243.0 243.0 243.0
242.0 243.0 243.0 243.0 243.0 244.0 242.0 244.0 242.0 244.0 243.0 243.0
20.8637 81.2898 13.8423 42.1651 34.186 57.4074 36.6479 52.636 2.51837 
15.0 57.0 25.0 12.0 13.0
244.0 242.0 241.0 244.0 243.0 241.0 243.0 241.0 243.0 244.0 240.0 243.0
243.0 243.0 242.0 243.0 242.0 238.0 247.0 200.0 244.0 244.0 199.0 243.0
246.0 244.0 249.0 252.0 252.0 243.0 250.0 229.0 248.0 247.0 244.0 243.0
243.0 243.0 243.0 243.0 243.0 244.0 243.0 243.0 243.0 243.0 243.0 243.0
243.0 243.0 242.0 244.0 243.0 244.0 243.0 244.0 243.0 244.0 244.0 243.0
20.7273 81.2898 13.4577 42.1651 34.186 57.7778 36.6479 53.8808 2.51837 
14.0 57.0 28.0 12.0 13.0
244.0 242.0 241.0 243.0 243.0 242.0 243.0 241.0 244.0 244.0 240.0 243.0
243.0 243.0 242.0 243.0 243.0 238.0 247.0 197.0 244.0 244.0 200.0 243.0
247.0 244.0 248.0 253.0 252.0 242.0 249.0 227.0 248.0 247.0 244.0 243.0
243.0 244.0 243.0 243.0 243.0 243.0 243.0 242.0 243.0 243.0 244.0 243.0
243.0 244.0 243.0 243.0 243.0 243.0 244.0 243.0 243.0 243.0 244.0 242.0
20.591 81.2898 13.0731 42.1651 34.5736 59.2593 36.6479 55.1256 3.02857 
15.0 62.0 29.0 13.0 13.0
244.0 242.0 241.0 243.0 243.0 242.0 243.0 241.0 244.0 244.0 240.0 243.0
243.0 243.0 242.0 243.0 242.0 237.0 247.0 193.0 244.0 244.0 202.0 243.0
246.0 244.0 248.0 253.0 253.0 241.0 250.0 226.0 248.0 247.0 244.0 243.0
242.0 244.0 243.0 243.0 243.0 243.0 244.0 242.0 243.0 243.0 243.0 243.0
243.0 243.0 243.0 243.0 243.0 243.0 243.0 243.0 244.0 243.0 243.0 242.0
20.591 81.2898 13.0731 42.1651 34.5736 59.6296 37.021 55.1256 2.51837 
15.0 63.0 30.0 12.0 13.0
244.0 242.0 241.0 244.0 243.0 242.0 243.0 241.0 243.0 244.0 240.0 243.0
243.0 243.0 242.0 243.0 242.0 236.0 247.0 191.0 244.0 244.0 202.0 243.0
247.0 244.0 249.0 253.0 252.0 241.0 250.0 224.0 248.0 247.0 244.0 243.0
243.0 244.0 243.0 243.0 243.0 243.0 244.0 242.0 243.0 244.0 243.0 243.0
243.0 243.0 243.0 244.0 243.0 243.0 243.0 243.0 243.0 243.0 243.0 243.0
21 81.6246 13.0731 41.6246 34.9612 59.6296 37.3942 55.1256 3.02857 
15.0 70.0 29.0 13.0 13.0
244.0 242.0 241.0 243.0 243.0 242.0 243.0 242.0 243.0 244.0 240.0 243.0
243.0 243.0 242.0 243.0 242.0 235.0 247.0 184.0 244.0 244.0 201.0 243.0
247.0 244.0 249.0 255.0 253.0 242.0 250.0 227.0 249.0 247.0 246.0 243.0
243.0 243.0 243.0 243.0 243.0 243.0 243.0 243.0 243.0 243.0 243.0 243.0
243.0 243.0 242.0 243.0 243.0 244.0 243.0 243.0 243.0 244.0 243.0 243.0
21.1364 81.9595 12.6885 41.6246 35.3488 59.6296 37.3942 55.1256 3.02857 
15.0 73.0 30.0 13.0 13.0
244.0 242.0 241.0 244.0 243.0 242.0 243.0 241.0 243.0 244.0 240.0 243.0
242.0 243.0 241.0 243.0 242.0 234.0 247.0 181.0 244.0 243.0 200.0 243.0
247.0 244.0 249.0 255.0 255.0 241.0 250.0 225.0 248.0 247.0 244.0 243.0
243.0 243.0 243.0 243.0 243.0 243.0 244.0 243.0 243.0 243.0 243.0 243.0
243.0 243.0 243.0 243.0 244.0 244.0 243.0 243.0 243.0 243.0 244.0 242.0
21.1364 81.9595 12.6885 41.6246 35.3488 60 37.3942 55.1256 3.02857 
15.0 74.0 31.0 13.0 13.0
243.0 242.0 241.0 243.0 243.0 242.0 243.0 241.0 243.0 244.0 240.0 243.0
243.0 243.0 241.0 243.0 242.0 234.0 247.0 180.0 244.0 243.0 200.0 243.0
247.0 244.0 249.0 255.0 255.0 240.0 250.0 224.0 248.0 247.0 245.0 243.0
243.0 243.0 243.0 243.0 243.0 243.0 243.0 243.0 243.0 243.0 243.0 243.0
243.0 243.0 242.0 244.0 244.0 244.0 243.0 244.0 243.0 243.0 243.0 243.0
