-10000
21 78.8345 15.7654 42.7057 28.3721 57.037 33.6628 48.0717 2.51837 
15.0 32.0 23.0 12.0 12.0
244.0 243.0 241.0 243.0 243.0 241.0 243.0 240.0 243.0 243.0 240.0 244.0
243.0 244.0 244.0 244.0 243.0 243.0 244.0 231.0 244.0 244.0 223.0 243.0
246.0 244.0 248.0 252.0 251.0 245.0 249.0 232.0 248.0 247.0 239.0 243.0
243.0 243.0 243.0 243.0 243.0 243.0 243.0 243.0 242.0 243.0 243.0 243.0
244.0 244.0 243.0 244.0 243.0 244.0 243.0 244.0 243.0 243.0 244.0 244.0
21 79.9505 14.6115 41.6246 31.8605 54.0741 35.5285 48.9015 2.51837 
15.0 44.0 23.0 12.0 13.0
243.0 243.0 240.0 244.0 244.0 241.0 243.0 240.0 243.0 244.0 240.0 243.0
243.0 243.0 243.0 244.0 243.0 241.0 245.0 221.0 244.0 244.0 210.0 243.0
246.0 244.0 249.0 253.0 252.0 245.0 250.0 233.0 248.0 248.0 243.0 243.0
243.0 244.0 244.0 243.0 243.0 243.0 243.0 243.0 243.0 243.0 243.0 243.0
242.0 242.0 243.0 243.0 243.0 244.0 243.0 244.0 243.0 244.0 243.0 243.0
21 80.7318 14.2269 41.0841 33.0233 54.0741 36.2748 49.3165 2.51837 
15.0 49.0 23.0 13.0 12.0
243.0 243.0 240.0 244.0 243.0 241.0 243.0 240.0 244.0 244.0 240.0 243.0
243.0 243.0 243.0 243.0 243.0 240.0 246.0 215.0 244.0 244.0 205.0 243.0
247.0 244.0 249.0 253.0 255.0 245.0 251.0 232.0 248.0 248.0 244.0 243.0
243.0 244.0 243.0 243.0 243.0 243.0 243.0 243.0 242.0 243.0 243.0 243.0
244.0 244.0 243.0 243.0 243.0 243.0 242.0 244.0 243.0 244.0 244.0 243.0
20.8637 81.0666 13.8423 41.0841 33.4109 54.8148 36.6479 50.5613 2.51837 
15.0 51.0 24.0 12.0 13.0
243.0 243.0 240.0 243.0 243.0 241.0 243.0 240.0 243.0 244.0 240.0 243.0
243.0 243.0 242.0 243.0 243.0 239.0 246.0 211.0 244.0 245.0 204.0 242.0
247.0 244.0 249.0 255.0 255.0 244.0 251.0 230.0 249.0 247.0 244.0 243.0
243.0 244.0 243.0 243.0 243.0 243.0 244.0 243.0 243.0 243.0 242.0 243.0
243.0 243.0 243.0 243.0 244.0 243.0 243.0 244.0 243.0 242.0 243.0 242.0
20.7273 80.955 13.4577 41.0841 33.4109 56.2963 36.6479 51.3912 2.51837 
15.0 51.0 27.0 12.0 13.0
244.0 243.0 241.0 244.0 243.0 241.0 243.0 240.0 243.0 244.0 240.0 243.0
243.0 243.0 243.0 244.0 242.0 239.0 246.0 207.0 244.0 244.0 205.0 243.0
248.0 244.0 250.0 255.0 255.0 243.0 251.0 228.0 248.0 248.0 244.0 244.0
243.0 244.0 243.0 243.0 243.0 243.0 243.0 242.0 243.0 243.0 243.0 243.0
244.0 243.0 243.0 244.0 243.0 243.0 243.0 243.0 242.0 244.0 244.0 244.0
20.7273 81.2898 13.0731 40.5435 34.186 57.037 36.6479 53.4659 2.51837 
15.0 56.0 27.0 13.0 13.0
243.0 242.0 240.0 243.0 243.0 241.0 243.0 240.0 244.0 244.0 240.0 243.0
243.0 243.0 242.0 243.0 243.0 237.0 246.0 198.0 244.0 244.0 204.0 243.0
247.0 244.0 250.0 255.0 255.0 242.0 251.0 227.0 249.0 248.0 245.0 244.0
243.0 244.0 244.0 243.0 243.0 243.0 243.0 243.0 243.0 243.0 243.0 243.0
242.0 243.0 242.0 243.0 243.0 243.0 243.0 243.0 242.0 243.0 244.0 242.0
20.8637 81.6246 13.0731 40.5435 34.186 57.7778 36.6479 53.4659 3.02857 
15.0 59.0 30.0 12.0 13.0
244.0 242.0 241.0 243.0 243.0 241.0 243.0 240.0 243.0 244.0 240.0 243.0
243.0 243.0 242.0 243.0 242.0 236.0 246.0 195.0 244.0 244.0 204.0 243.0
247.0 244.0 250.0 255.0 255.0 241.0 252.0 225.0 248.0 247.0 245.0 244.0
243.0 243.0 243.0 243.0 243.0 243.0 243.0 243.0 243.0 243.0 243.0 243.0
243.0 243.0 242.0 243.0 243.0 243.0 243.0 244.0 243.0 243.0 244.0 242.0
20.8637 81.7362 13.0731 40.5435 34.186 58.5185 37.021 53.8808 3.02857 
15.0 61.0 30.0 13.0 12.0
243.0 242.0 240.0 244.0 243.0 241.0 243.0 241.0 243.0 244.0 240.0 243.0
243.0 243.0 242.0 244.0 243.0 237.0 246.0 192.0 244.0 244.0 204.0 243.0
247.0 244.0 250.0 255.0 255.0 241.0 251.0 223.0 248.0 247.0 245.0 244.0
243.0 243.0 243.0 243.0 243.0 243.0 244.0 243.0 243.0 244.0 243.0 243.0
243.0 243.0 243.0 243.0 243.0 243.0 244.0 244.0 243.0 244.0 244.0 243.0
20.8637 81.7362 12.6885 40.5435 34.5736 59.6296 37.021 54.7107 3.02857 
15.0 66.0 32.0 12.0 13.0
244.0 242.0 241.0 243.0 243.0 242.0 244.0 241.0 243.0 244.0 240.0 243.0
243.0 243.0 242.0 243.0 242.0 236.0 247.0 189.0 244.0 244.0 206.0 243.0
247.0 244.0 250.0 255.0 255.0 240.0 251.0 222.0 248.0 248.0 245.0 244.0
243.0 244.0 243.0 243.0 243.0 243.0 243.0 243.0 243.0 243.0 243.0 243.0
244.0 244.0 243.0 243.0 243.0 243.0 243.0 243.0 242.0 244.0 243.0 242.0
20.591 81.8479 12.6885 40.5435 34.9612 59.2593 37.021 54.7107 3.02857 
15.0 69.0 33.0 12.0 13.0
244.0 242.0 241.0 244.0 243.0 241.0 243.0 241.0 244.0 244.0 240.0 243.0
243.0 243.0 242.0 243.0 242.0 235.0 247.0 186.0 244.0 244.0 204.0 243.0
247.0 244.0 250.0 255.0 255.0 239.0 251.0 222.0 248.0 247.0 245.0 244.0
243.0 243.0 243.0 243.0 243.0 243.0 243.0 243.0 243.0 243.0 243.0 243.0
243.0 242.0 243.0 242.0 243.0 243.0 243.0 244.0 243.0 243.0 243.0 242.0
20.591 82.1827 12.3038 40.003 35.3488 58.8889 37.3942 55.1256 3.02857 
15.0 74.0 33.0 12.0 13.0
243.0 242.0 241.0 243.0 243.0 241.0 244.0 241.0 243.0 244.0 241.0 243.0
243.0 243.0 241.0 243.0 242.0 234.0 247.0 180.0 243.0 243.0 203.0 243.0
248.0 244.0 250.0 255.0 255.0 239.0 251.0 222.0 248.0 247.0 245.0 243.0
243.0 244.0 243.0 243.0 243.0 243.0 243.0 243.0 243.0 244.0 243.0 243.0
243.0 244.0 242.0 244.0 244.0 244.0 243.0 244.0 243.0 243.0 243.0 242.0
20.591 82.2943 12.3038 40.003 35.3488 59.2593 37.3942 55.5405 3.02857 
15.0 76.0 33.0 12.0 12.0
244.0 242.0 241.0 243.0 243.0 241.0 243.0 240.0 243.0 244.0 240.0 242.0
243.0 243.0 241.0 243.0 242.0 234.0 247.0 179.0 243.0 243.0 203.0 243.0
248.0 244.0 251.0 255.0 255.0 239.0 251.0 222.0 248.0 247.0 245.0 243.0
243.0 243.0 243.0 243.0 243.0 243.0 243.0 243.0 243.0 243.0 243.0 243.0
243.0 243.0 243.0 243.0 244.0 243.0 244.0 243.0 243.0 244.0 244.0 243.0
20.591 82.5175 12.3038 40.003 35.7364 59.2593 37.3942 55.5405 3.02857 
15.0 77.0 34.0 13.0 13.0
244.0 241.0 241.0 243.0 243.0 241.0 243.0 241.0 243.0 244.0 240.0 243.0
243.0 243.0 241.0 243.0 243.0 233.0 246.0 177.0 244.0 243.0 203.0 243.0
247.0 244.0 251.0 255.0 255.0 239.0 251.0 221.0 248.0 247.0 245.0 244.0
242.0 243.0 243.0 243.0 243.0 243.0 244.0 243.0 243.0 243.0 243.0 243.0
243.0 243.0 242.0 242.0 244.0 242.0 243.0 243.0 243.0 244.0 244.0 242.0
