-10000
21.1364 79.6157 15.3808 42.1651 31.8605 53.7037 34.036 50.5613 2.00816 
15.0 55.0 19.0 12.0 12.0
243.0 243.0 241.0 243.0 243.0 241.0 243.0 240.0 243.0 244.0 241.0 244.0
243.0 244.0 243.0 243.0 243.0 240.0 246.0 217.0 244.0 245.0 198.0 242.0
247.0 244.0 249.0 253.0 252.0 246.0 249.0 236.0 247.0 246.0 244.0 243.0
243.0 243.0 244.0 243.0 243.0 243.0 244.0 243.0 242.0 243.0 243.0 243.0
244.0 244.0 244.0 244.0 243.0 244.0 243.0 244.0 244.0 244.0 244.0 243.0
21.2728 80.6202 14.2269 41.0841 34.186 52.5926 35.9016 50.9762 2.51837 
15.0 64.0 22.0 12.0 12.0
243.0 243.0 240.0 244.0 243.0 241.0 243.0 240.0 243.0 244.0 240.0 243.0
243.0 243.0 242.0 244.0 243.0 238.0 246.0 208.0 244.0 244.0 191.0 242.0
248.0 244.0 249.0 255.0 255.0 245.0 250.0 233.0 247.0 247.0 244.0 243.0
243.0 244.0 243.0 244.0 243.0 243.0 243.0 243.0 243.0 243.0 243.0 243.0
244.0 244.0 244.0 244.0 243.0 244.0 243.0 244.0 244.0 243.0 244.0 243.0
21.2728 80.7318 14.2269 41.0841 34.186 54.0741 35.9016 51.8061 2.51837 
15.0 63.0 24.0 13.0 12.0
243.0 242.0 241.0 243.0 243.0 241.0 243.0 241.0 243.0 244.0 240.0 243.0
243.0 243.0 242.0 243.0 243.0 238.0 246.0 205.0 244.0 244.0 192.0 243.0
248.0 244.0 249.0 255.0 255.0 244.0 250.0 231.0 247.0 247.0 244.0 243.0
243.0 244.0 243.0 243.0 244.0 243.0 244.0 243.0 243.0 243.0 243.0 243.0
244.0 243.0 244.0 244.0 243.0 244.0 243.0 244.0 243.0 244.0 244.0 244.0
21.1364 80.8434 13.8423 40.5435 34.186 55.9259 35.9016 52.221 2.51837 
15.0 61.0 25.0 12.0 12.0
244.0 242.0 241.0 243.0 243.0 241.0 243.0 241.0 244.0 244.0 240.0 243.0
243.0 243.0 242.0 243.0 242.0 237.0 247.0 197.0 244.0 244.0 193.0 243.0
248.0 244.0 250.0 255.0 255.0 244.0 250.0 229.0 247.0 246.0 244.0 243.0
243.0 244.0 244.0 243.0 243.0 243.0 244.0 243.0 243.0 243.0 243.0 243.0
244.0 244.0 244.0 244.0 244.0 243.0 243.0 244.0 244.0 244.0 244.0 243.0
21.1364 81.1782 13.4577 40.5435 34.9612 55.9259 36.6479 53.0509 2.51837 
15.0 64.0 26.0 12.0 12.0
243.0 242.0 240.0 243.0 243.0 242.0 243.0 241.0 243.0 244.0 241.0 243.0
243.0 242.0 241.0 243.0 243.0 236.0 247.0 192.0 244.0 244.0 191.0 243.0
248.0 244.0 250.0 255.0 255.0 243.0 251.0 228.0 247.0 247.0 244.0 243.0
243.0 243.0 243.0 244.0 243.0 243.0 243.0 242.0 243.0 243.0 244.0 243.0
244.0 243.0 243.0 243.0 243.0 243.0 243.0 244.0 243.0 244.0 244.0 244.0
21.1364 81.4014 13.4577 40.5435 34.9612 56.6667 36.6479 53.4659 3.02857 
15.0 67.0 29.0 13.0 12.0
244.0 242.0 240.0 243.0 243.0 242.0 243.0 241.0 243.0 244.0 241.0 243.0
243.0 243.0 241.0 243.0 242.0 235.0 247.0 187.0 244.0 244.0 192.0 243.0
249.0 245.0 251.0 255.0 255.0 243.0 250.0 226.0 247.0 247.0 244.0 243.0
243.0 244.0 243.0 243.0 243.0 244.0 244.0 244.0 243.0 243.0 243.0 243.0
244.0 244.0 244.0 243.0 244.0 244.0 243.0 244.0 242.0 244.0 244.0 243.0
21.2728 81.513 13.0731 40.5435 34.9612 57.7778 36.6479 54.2957 3.02857 
15.0 71.0 29.0 12.0 12.0
244.0 241.0 240.0 243.0 243.0 241.0 243.0 241.0 244.0 244.0 241.0 243.0
243.0 243.0 241.0 243.0 242.0 234.0 247.0 184.0 244.0 243.0 194.0 243.0
249.0 244.0 251.0 255.0 255.0 242.0 250.0 225.0 248.0 246.0 244.0 243.0
243.0 244.0 244.0 243.0 243.0 243.0 244.0 243.0 243.0 243.0 243.0 243.0
244.0 244.0 244.0 244.0 244.0 244.0 244.0 244.0 243.0 244.0 244.0 244.0
21.2728 81.513 13.0731 40.5435 35.3488 58.1481 37.3942 54.2957 3.02857 
14.0 72.0 32.0 12.0 12.0
244.0 241.0 240.0 243.0 243.0 241.0 243.0 241.0 244.0 244.0 241.0 243.0
243.0 243.0 241.0 243.0 243.0 234.0 247.0 182.0 244.0 243.0 194.0 243.0
248.0 244.0 251.0 255.0 255.0 241.0 250.0 223.0 247.0 246.0 244.0 243.0
243.0 244.0 243.0 243.0 243.0 243.0 244.0 243.0 243.0 244.0 243.0 243.0
244.0 244.0 244.0 244.0 244.0 244.0 244.0 244.0 243.0 244.0 244.0 243.0
21.1364 81.4014 12.6885 40.5435 35.3488 59.2593 37.3942 54.2957 3.02857 
15.0 78.0 31.0 12.0 12.0
244.0 242.0 241.0 243.0 243.0 241.0 243.0 241.0 244.0 244.0 241.0 243.0
243.0 243.0 241.0 243.0 242.0 233.0 247.0 177.0 244.0 243.0 195.0 243.0
249.0 244.0 251.0 255.0 255.0 241.0 250.0 222.0 247.0 246.0 244.0 243.0
243.0 243.0 244.0 243.0 243.0 243.0 244.0 243.0 243.0 243.0 243.0 243.0
243.0 244.0 243.0 243.0 244.0 244.0 243.0 244.0 243.0 244.0 244.0 244.0
21.1364 81.4014 12.3038 40.5435 35.3488 60.3704 37.3942 55.1256 3.02857 
14.0 82.0 33.0 12.0 12.0
244.0 241.0 240.0 243.0 243.0 242.0 243.0 241.0 244.0 244.0 240.0 243.0
242.0 243.0 242.0 243.0 243.0 232.0 247.0 173.0 244.0 243.0 198.0 243.0
249.0 244.0 251.0 255.0 255.0 240.0 249.0 222.0 247.0 247.0 244.0 243.0
243.0 244.0 243.0 243.0 244.0 243.0 244.0 243.0 243.0 243.0 243.0 243.0
244.0 244.0 243.0 244.0 244.0 243.0 243.0 244.0 243.0 244.0 244.0 244.0
21.1364 81.6246 12.3038 40.5435 35.7364 60.3704 37.3942 55.5405 3.02857 
15.0 85.0 33.0 12.0 12.0
244.0 241.0 240.0 243.0 243.0 241.0 243.0 241.0 243.0 244.0 241.0 243.0
243.0 243.0 241.0 243.0 243.0 231.0 247.0 170.0 243.0 243.0 196.0 243.0
249.0 244.0 252.0 255.0 255.0 240.0 250.0 222.0 247.0 247.0 244.0 243.0
243.0 244.0 244.0 243.0 243.0 243.0 244.0 243.0 243.0 244.0 243.0 243.0
244.0 244.0 244.0 244.0 244.0 244.0 244.0 244.0 243.0 244.0 244.0 244.0
21.1364 81.8479 12.3038 40.5435 35.7364 60.3704 37.7673 55.5405 3.02857 
14.0 86.0 33.0 12.0 12.0
244.0 241.0 240.0 244.0 243.0 242.0 243.0 241.0 243.0 244.0 241.0 242.0
243.0 243.0 241.0 243.0 243.0 231.0 247.0 169.0 243.0 243.0 196.0 244.0
249.0 244.0 252.0 255.0 255.0 241.0 250.0 221.0 247.0 246.0 244.0 243.0
243.0 244.0 243.0 243.0 243.0 243.0 244.0 243.0 243.0 243.0 243.0 243.0
244.0 244.0 244.0 243.0 244.0 244.0 243.0 245.0 243.0 244.0 244.0 244.0
21.1364 81.8479 12.3038 40.5435 35.7364 60.3704 37.7673 55.5405 3.02857 
14.0 86.0 34.0 12.0 12.0
244.0 242.0 240.0 243.0 243.0 241.0 243.0 241.0 244.0 244.0 241.0 242.0
243.0 243.0 241.0 243.0 243.0 231.0 247.0 169.0 243.0 242.0 196.0 243.0
249.0 244.0 252.0 255.0 255.0 240.0 250.0 221.0 247.0 247.0 244.0 243.0
243.0 244.0 244.0 243.0 243.0 243.0 244.0 243.0 243.0 243.0 244.0 243.0
244.0 244.0 244.0 244.0 244.0 243.0 243.0 244.0 244.0 244.0 244.0 244.0
21.2728 81.8479 12.3038 40.5435 35.7364 60.3704 37.7673 55.5405 3.02857 
15.0 86.0 34.0 12.0 12.0
243.0 241.0 240.0 244.0 244.0 242.0 243.0 241.0 244.0 244.0 241.0 242.0
243.0 243.0 241.0 243.0 242.0 231.0 247.0 169.0 243.0 243.0 196.0 243.0
249.0 244.0 251.0 255.0 255.0 240.0 250.0 221.0 247.0 246.0 244.0 243.0
243.0 244.0 244.0 243.0 243.0 243.0 243.0 243.0 243.0 243.0 242.0 243.0
244.0 243.0 244.0 244.0 243.0 244.0 244.0 244.0 244.0 244.0 244.0 244.0
21.2728 81.8479 12.3038 40.5435 35.7364 61.1111 37.7673 55.5405 3.02857 
14.0 88.0 34.0 12.0 12.0
244.0 241.0 240.0 243.0 243.0 242.0 243.0 241.0 243.0 244.0 241.0 243.0
243.0 243.0 241.0 243.0 242.0 230.0 247.0 167.0 243.0 243.0 196.0 243.0
249.0 245.0 251.0 255.0 255.0 240.0 250.0 221.0 247.0 246.0 244.0 243.0
243.0 244.0 243.0 243.0 243.0 243.0 244.0 243.0 243.0 244.0 243.0 243.0
244.0 244.0 244.0 243.0 244.0 244.0 243.0 244.0 243.0 244.0 244.0 244.0
