-10000
21.1364 79.5041 13.0731 -0.537568 34.5736 64.0741 35.9016 50.1463 7.1102 
30.0 23.0 42.0 14.0 11.0
242.0 225.0 226.0 240.0 240.0 236.0 239.0 235.0 241.0 241.0 230.0 231.0
242.0 243.0 244.0 244.0 243.0 243.0 244.0 232.0 243.0 243.0 243.0 243.0
240.0 240.0 232.0 230.0 231.0 225.0 231.0 213.0 232.0 233.0 230.0 240.0
242.0 243.0 244.0 244.0 244.0 244.0 244.0 243.0 244.0 245.0 244.0 243.0
244.0 244.0 247.0 248.0 248.0 248.0 249.0 249.0 246.0 247.0 248.0 245.0
20.8637 79.2809 18.8423 -0.537568 33.4109 63.3333 36.2748 50.9762 7.1102 
34.0 27.0 46.0 13.0 11.0
242.0 221.0 221.0 239.0 240.0 232.0 238.0 233.0 240.0 240.0 228.0 230.0
242.0 243.0 244.0 243.0 243.0 243.0 244.0 229.0 243.0 243.0 242.0 242.0
240.0 240.0 232.0 230.0 230.0 222.0 229.0 209.0 232.0 233.0 229.0 240.0
241.0 243.0 244.0 244.0 244.0 244.0 244.0 243.0 244.0 245.0 244.0 243.0
244.0 244.0 247.0 248.0 248.0 247.0 248.0 249.0 247.0 247.0 248.0 244.0
20.8637 79.2809 18.8423 -0.537568 34.5736 62.963 36.2748 51.3912 6.6 
37.0 29.0 52.0 13.0 12.0
242.0 218.0 219.0 238.0 239.0 231.0 238.0 233.0 241.0 240.0 227.0 229.0
242.0 243.0 243.0 243.0 243.0 242.0 244.0 225.0 243.0 243.0 242.0 242.0
239.0 240.0 231.0 228.0 229.0 219.0 228.0 203.0 231.0 232.0 228.0 240.0
242.0 243.0 245.0 244.0 244.0 244.0 244.0 243.0 244.0 244.0 244.0 243.0
244.0 245.0 247.0 248.0 249.0 247.0 249.0 249.0 246.0 247.0 249.0 245.0
20.7273 79.3925 18.8423 -0.537568 34.9612 62.963 36.2748 52.221 6.6 
39.0 31.0 53.0 14.0 11.0
242.0 215.0 218.0 238.0 239.0 231.0 238.0 233.0 240.0 239.0 226.0 228.0
242.0 242.0 244.0 244.0 243.0 242.0 244.0 224.0 244.0 243.0 243.0 242.0
239.0 240.0 231.0 228.0 229.0 219.0 228.0 201.0 232.0 232.0 228.0 240.0
242.0 243.0 244.0 244.0 244.0 244.0 244.0 243.0 244.0 244.0 244.0 243.0
244.0 244.0 246.0 250.0 249.0 247.0 249.0 248.0 246.0 248.0 248.0 245.0
20.8637 79.6157 18.4577 -0.537568 35.7364 62.2222 36.6479 53.0509 6.6 
42.0 36.0 53.0 13.0 11.0
242.0 213.0 218.0 238.0 239.0 231.0 238.0 233.0 241.0 240.0 226.0 227.0
242.0 243.0 244.0 243.0 243.0 241.0 244.0 219.0 243.0 243.0 243.0 242.0
239.0 241.0 231.0 228.0 229.0 218.0 227.0 202.0 232.0 232.0 228.0 240.0
241.0 243.0 244.0 244.0 244.0 244.0 244.0 243.0 244.0 244.0 244.0 243.0
244.0 244.0 248.0 249.0 247.0 248.0 248.0 249.0 247.0 247.0 247.0 245.0
20.8637 79.7273 18.0731 -0.537568 36.5116 62.2222 37.021 53.8808 6.0898 
45.0 38.0 54.0 13.0 12.0
241.0 210.0 217.0 238.0 239.0 231.0 238.0 233.0 240.0 240.0 226.0 226.0
243.0 243.0 243.0 243.0 243.0 241.0 245.0 217.0 243.0 243.0 242.0 242.0
238.0 240.0 231.0 228.0 229.0 217.0 227.0 200.0 231.0 232.0 228.0 240.0
242.0 243.0 244.0 244.0 244.0 244.0 244.0 243.0 244.0 244.0 244.0 243.0
244.0 244.0 249.0 249.0 248.0 248.0 249.0 248.0 247.0 247.0 248.0 245.0
20.7273 79.7273 17.6885 -0.537568 36.5116 62.5926 37.021 54.7107 5.57959 
46.0 40.0 55.0 14.0 11.0
241.0 209.0 216.0 238.0 239.0 231.0 238.0 233.0 240.0 239.0 224.0 225.0
242.0 243.0 243.0 244.0 243.0 240.0 244.0 215.0 243.0 243.0 242.0 242.0
238.0 240.0 230.0 228.0 229.0 216.0 227.0 200.0 231.0 232.0 228.0 240.0
242.0 243.0 244.0 244.0 244.0 244.0 244.0 244.0 244.0 244.0 244.0 243.0
244.0 244.0 248.0 249.0 248.0 247.0 249.0 249.0 246.0 248.0 248.0 245.0
20.4546 79.8389 17.3038 -0.537568 37.2868 62.2222 37.3942 55.1256 5.57959 
49.0 43.0 56.0 14.0 11.0
241.0 206.0 215.0 238.0 239.0 230.0 238.0 232.0 240.0 239.0 224.0 224.0
242.0 243.0 243.0 243.0 242.0 239.0 244.0 212.0 242.0 244.0 242.0 242.0
239.0 240.0 230.0 228.0 229.0 216.0 227.0 198.0 231.0 232.0 228.0 240.0
242.0 243.0 244.0 244.0 244.0 245.0 244.0 244.0 244.0 244.0 244.0 243.0
244.0 244.0 247.0 248.0 247.0 247.0 248.0 249.0 247.0 246.0 247.0 245.0
20.3182 79.8389 17.3038 -0.537568 37.2868 63.3333 37.3942 55.1256 5.57959 
50.0 42.0 56.0 14.0 11.0
241.0 205.0 215.0 238.0 239.0 230.0 238.0 233.0 240.0 239.0 225.0 224.0
242.0 243.0 243.0 243.0 243.0 239.0 244.0 211.0 242.0 244.0 242.0 242.0
239.0 240.0 231.0 228.0 230.0 216.0 226.0 199.0 231.0 233.0 229.0 240.0
242.0 243.0 244.0 244.0 244.0 244.0 244.0 244.0 244.0 244.0 244.0 243.0
244.0 244.0 247.0 249.0 248.0 248.0 249.0 247.0 247.0 248.0 248.0 245.0
20.591 80.0621 16.9192 -0.537568 37.2868 64.0741 37.7673 55.5405 6.0898 
51.0 44.0 55.0 13.0 12.0
241.0 204.0 215.0 238.0 239.0 230.0 238.0 232.0 240.0 239.0 224.0 223.0
242.0 243.0 243.0 243.0 243.0 238.0 244.0 211.0 242.0 243.0 242.0 242.0
239.0 240.0 231.0 229.0 230.0 217.0 227.0 199.0 232.0 233.0 229.0 240.0
242.0 244.0 244.0 244.0 244.0 244.0 244.0 243.0 244.0 244.0 244.0 243.0
244.0 244.0 247.0 249.0 248.0 248.0 248.0 248.0 247.0 247.0 248.0 245.0
20.7273 80.0621 17.3038 -0.537568 37.6744 64.0741 37.7673 55.5405 5.06939 
52.0 45.0 55.0 14.0 11.0
241.0 203.0 212.0 237.0 239.0 228.0 237.0 232.0 240.0 239.0 223.0 224.0
242.0 243.0 243.0 243.0 243.0 238.0 244.0 209.0 242.0 244.0 243.0 242.0
239.0 240.0 231.0 229.0 230.0 217.0 227.0 201.0 232.0 233.0 229.0 240.0
242.0 243.0 244.0 244.0 244.0 244.0 244.0 243.0 244.0 244.0 244.0 243.0
244.0 244.0 249.0 249.0 247.0 248.0 248.0 247.0 247.0 247.0 248.0 244.0
20.591 80.1737 17.6885 -0.537568 38.062 63.3333 37.7673 55.9555 5.57959 
54.0 49.0 53.0 14.0 11.0
240.0 200.0 209.0 238.0 239.0 226.0 237.0 231.0 240.0 239.0 221.0 224.0
242.0 243.0 243.0 244.0 243.0 237.0 244.0 205.0 242.0 244.0 242.0 242.0
239.0 240.0 231.0 229.0 230.0 218.0 227.0 202.0 232.0 232.0 229.0 240.0
242.0 243.0 244.0 244.0 244.0 244.0 244.0 244.0 244.0 244.0 244.0 243.0
244.0 244.0 248.0 249.0 248.0 248.0 249.0 247.0 246.0 248.0 247.0 245.0
