-10000
20.8637 79.2809 15.7654 45.9489 28.7597 61.8519 34.4091 47.2418 2.51837 
15.0 33.0 26.0 12.0 12.0
243.0 243.0 241.0 243.0 243.0 241.0 243.0 240.0 243.0 243.0 241.0 244.0
243.0 243.0 244.0 244.0 242.0 243.0 245.0 225.0 244.0 243.0 222.0 242.0
246.0 244.0 248.0 251.0 250.0 244.0 248.0 230.0 248.0 249.0 233.0 243.0
243.0 244.0 243.0 243.0 243.0 243.0 243.0 243.0 243.0 243.0 243.0 243.0
244.0 244.0 244.0 244.0 244.0 244.0 243.0 244.0 243.0 244.0 244.0 243.0
20.8637 80.2854 14.6115 44.8678 32.6357 57.7778 35.9016 48.4866 2.51837 
15.0 44.0 24.0 12.0 12.0
244.0 243.0 240.0 243.0 243.0 241.0 243.0 240.0 243.0 244.0 240.0 244.0
243.0 243.0 243.0 244.0 243.0 241.0 245.0 215.0 244.0 244.0 211.0 243.0
246.0 244.0 248.0 252.0 251.0 244.0 250.0 231.0 249.0 249.0 242.0 244.0
243.0 244.0 243.0 243.0 243.0 243.0 243.0 243.0 243.0 243.0 243.0 243.0
244.0 244.0 244.0 243.0 244.0 244.0 243.0 244.0 243.0 244.0 244.0 243.0
21 80.955 13.8423 44.3273 33.7984 56.6667 36.6479 50.5613 3.02857 
15.0 49.0 25.0 12.0 12.0
244.0 243.0 240.0 243.0 243.0 241.0 243.0 240.0 243.0 244.0 240.0 243.0
243.0 243.0 243.0 244.0 243.0 239.0 246.0 208.0 244.0 244.0 207.0 243.0
246.0 244.0 249.0 252.0 252.0 244.0 251.0 230.0 249.0 249.0 244.0 244.0
243.0 243.0 243.0 243.0 243.0 243.0 243.0 243.0 243.0 243.0 243.0 243.0
244.0 244.0 244.0 244.0 243.0 243.0 243.0 244.0 243.0 243.0 244.0 244.0
20.8637 81.0666 13.8423 43.7868 34.186 56.6667 36.6479 50.9762 3.02857 
15.0 49.0 26.0 13.0 12.0
244.0 243.0 240.0 243.0 244.0 241.0 243.0 240.0 243.0 244.0 240.0 243.0
242.0 243.0 243.0 243.0 242.0 239.0 246.0 207.0 244.0 244.0 207.0 243.0
246.0 244.0 249.0 253.0 253.0 242.0 251.0 228.0 250.0 249.0 244.0 244.0
243.0 244.0 243.0 243.0 243.0 243.0 243.0 243.0 243.0 244.0 243.0 243.0
244.0 243.0 244.0 243.0 243.0 244.0 243.0 244.0 243.0 243.0 244.0 244.0
20.7273 81.1782 13.8423 43.7868 34.5736 57.037 37.021 51.3912 3.02857 
15.0 51.0 27.0 13.0 12.0
244.0 243.0 240.0 243.0 243.0 241.0 244.0 240.0 244.0 244.0 240.0 243.0
242.0 243.0 243.0 243.0 242.0 239.0 246.0 203.0 244.0 244.0 204.0 243.0
246.0 244.0 249.0 253.0 253.0 242.0 251.0 227.0 249.0 249.0 244.0 244.0
243.0 243.0 243.0 242.0 243.0 243.0 243.0 243.0 243.0 243.0 243.0 243.0
244.0 243.0 244.0 243.0 243.0 244.0 243.0 244.0 243.0 244.0 244.0 243.0
20.7273 81.4014 13.4577 43.7868 34.9612 56.6667 37.021 53.0509 3.02857 
15.0 56.0 28.0 12.0 12.0
243.0 243.0 240.0 243.0 243.0 241.0 243.0 240.0 243.0 244.0 240.0 243.0
243.0 243.0 242.0 243.0 242.0 238.0 245.0 199.0 244.0 245.0 203.0 243.0
246.0 244.0 249.0 253.0 253.0 241.0 251.0 226.0 250.0 249.0 245.0 244.0
243.0 244.0 244.0 243.0 243.0 243.0 243.0 243.0 243.0 243.0 243.0 243.0
244.0 244.0 243.0 243.0 243.0 244.0 243.0 244.0 243.0 244.0 243.0 244.0
20.7273 81.6246 13.0731 43.2462 34.9612 59.2593 37.3942 53.8808 3.02857 
15.0 61.0 30.0 13.0 13.0
243.0 243.0 240.0 243.0 243.0 241.0 243.0 240.0 244.0 244.0 240.0 243.0
243.0 243.0 242.0 243.0 243.0 237.0 246.0 193.0 244.0 244.0 207.0 243.0
247.0 244.0 249.0 253.0 255.0 241.0 251.0 224.0 249.0 249.0 247.0 244.0
242.0 244.0 243.0 243.0 244.0 243.0 244.0 243.0 243.0 244.0 243.0 243.0
244.0 244.0 244.0 244.0 243.0 244.0 243.0 244.0 244.0 244.0 244.0 244.0
20.8637 81.8479 13.0731 43.2462 35.3488 59.2593 37.3942 54.2957 3.02857 
15.0 63.0 31.0 13.0 12.0
244.0 243.0 241.0 243.0 243.0 241.0 243.0 240.0 243.0 244.0 240.0 243.0
243.0 243.0 242.0 243.0 243.0 237.0 246.0 192.0 244.0 244.0 207.0 243.0
246.0 244.0 249.0 255.0 255.0 240.0 251.0 224.0 249.0 248.0 246.0 244.0
243.0 244.0 243.0 243.0 243.0 243.0 243.0 243.0 242.0 244.0 243.0 243.0
243.0 244.0 243.0 244.0 243.0 243.0 243.0 244.0 243.0 244.0 244.0 244.0
20.8637 81.8479 13.0731 42.1651 35.3488 60.3704 37.3942 54.7107 3.02857 
15.0 67.0 33.0 12.0 12.0
244.0 243.0 240.0 243.0 244.0 242.0 244.0 240.0 243.0 244.0 240.0 243.0
243.0 243.0 242.0 243.0 243.0 235.0 246.0 186.0 244.0 244.0 208.0 243.0
246.0 244.0 249.0 255.0 255.0 239.0 251.0 223.0 249.0 248.0 246.0 244.0
242.0 243.0 243.0 243.0 243.0 243.0 243.0 243.0 243.0 243.0 243.0 243.0
244.0 244.0 243.0 244.0 243.0 244.0 243.0 244.0 243.0 244.0 244.0 244.0
20.8637 82.1827 12.6885 41.0841 36.5116 60 37.7673 56.7854 3.02857 
15.0 74.0 33.0 13.0 13.0
244.0 242.0 241.0 243.0 243.0 241.0 243.0 241.0 243.0 244.0 240.0 242.0
242.0 243.0 242.0 243.0 242.0 234.0 246.0 180.0 244.0 244.0 209.0 243.0
246.0 244.0 249.0 255.0 255.0 240.0 252.0 223.0 249.0 248.0 248.0 244.0
243.0 244.0 243.0 244.0 243.0 243.0 243.0 243.0 242.0 244.0 243.0 243.0
244.0 244.0 243.0 243.0 243.0 244.0 242.0 244.0 243.0 244.0 243.0 244.0
20.8637 81.8479 12.3038 40.5435 36.5116 60.3704 37.7673 56.7854 2.51837 
15.0 76.0 33.0 13.0 12.0
244.0 241.0 241.0 243.0 243.0 242.0 243.0 241.0 243.0 244.0 240.0 242.0
242.0 243.0 242.0 243.0 242.0 234.0 246.0 178.0 244.0 244.0 209.0 243.0
246.0 244.0 249.0 255.0 255.0 239.0 252.0 222.0 250.0 249.0 248.0 244.0
243.0 244.0 243.0 243.0 243.0 243.0 244.0 242.0 243.0 243.0 243.0 243.0
244.0 244.0 244.0 244.0 244.0 244.0 243.0 244.0 243.0 242.0 244.0 244.0
20.8637 81.9595 12.3038 40.003 36.5116 60.3704 37.7673 56.7854 2.51837 
14.0 78.0 34.0 12.0 12.0
244.0 241.0 241.0 243.0 243.0 242.0 243.0 241.0 243.0 244.0 241.0 242.0
243.0 243.0 242.0 243.0 242.0 233.0 246.0 176.0 244.0 244.0 209.0 243.0
246.0 244.0 249.0 255.0 255.0 238.0 252.0 221.0 250.0 248.0 248.0 244.0
242.0 244.0 243.0 243.0 243.0 243.0 243.0 243.0 243.0 244.0 243.0 243.0
244.0 244.0 243.0 244.0 243.0 244.0 244.0 244.0 243.0 243.0 244.0 243.0
20.8637 81.9595 12.3038 40.5435 36.5116 60.3704 37.7673 57.2003 2.51837 
14.0 78.0 35.0 13.0 12.0
244.0 241.0 241.0 243.0 243.0 241.0 243.0 241.0 243.0 244.0 241.0 242.0
243.0 243.0 242.0 243.0 242.0 233.0 246.0 177.0 244.0 244.0 209.0 243.0
247.0 244.0 250.0 255.0 255.0 237.0 252.0 220.0 249.0 248.0 248.0 244.0
243.0 243.0 243.0 243.0 243.0 243.0 243.0 243.0 242.0 243.0 243.0 243.0
244.0 244.0 244.0 244.0 243.0 244.0 243.0 244.0 243.0 243.0 244.0 244.0
