-10000
21.2728 78.8345 16.15 43.7868 29.5349 49.6296 32.1703 49.7314 2.00816 
15.0 38.0 20.0 12.0 12.0
244.0 243.0 240.0 243.0 243.0 241.0 243.0 240.0 243.0 244.0 241.0 244.0
243.0 243.0 244.0 244.0 243.0 242.0 245.0 230.0 244.0 244.0 216.0 243.0
246.0 244.0 250.0 253.0 253.0 247.0 250.0 235.0 249.0 248.0 245.0 244.0
243.0 244.0 244.0 243.0 243.0 243.0 243.0 243.0 243.0 243.0 243.0 243.0
244.0 244.0 243.0 244.0 244.0 244.0 243.0 244.0 243.0 244.0 244.0 243.0
21 80.397 14.9962 42.7057 32.6357 48.8889 34.036 50.5613 2.51837 
15.0 51.0 21.0 12.0 12.0
244.0 243.0 240.0 243.0 243.0 240.0 244.0 240.0 243.0 244.0 241.0 244.0
243.0 243.0 243.0 244.0 243.0 241.0 244.0 217.0 244.0 245.0 203.0 243.0
246.0 244.0 250.0 255.0 255.0 248.0 251.0 234.0 249.0 248.0 247.0 244.0
243.0 244.0 243.0 244.0 243.0 243.0 244.0 243.0 243.0 243.0 243.0 243.0
244.0 244.0 244.0 243.0 243.0 244.0 243.0 244.0 243.0 244.0 244.0 243.0
21 81.0666 14.6115 42.1651 33.0233 50.7407 34.4091 51.3912 2.51837 
15.0 54.0 22.0 12.0 13.0
243.0 243.0 240.0 243.0 243.0 241.0 243.0 241.0 244.0 244.0 241.0 244.0
243.0 243.0 242.0 244.0 243.0 240.0 245.0 209.0 244.0 245.0 200.0 243.0
247.0 244.0 250.0 255.0 255.0 246.0 252.0 233.0 249.0 248.0 247.0 244.0
243.0 244.0 244.0 243.0 243.0 243.0 244.0 244.0 243.0 243.0 243.0 243.0
244.0 244.0 244.0 243.0 243.0 244.0 243.0 244.0 243.0 244.0 244.0 243.0
21 81.2898 14.2269 42.1651 33.4109 51.8519 34.7822 51.8061 2.51837 
15.0 54.0 24.0 13.0 12.0
243.0 243.0 240.0 243.0 243.0 241.0 244.0 240.0 244.0 244.0 241.0 244.0
244.0 243.0 242.0 244.0 243.0 239.0 246.0 203.0 244.0 244.0 200.0 244.0
248.0 244.0 250.0 255.0 255.0 245.0 251.0 231.0 249.0 248.0 247.0 244.0
243.0 244.0 244.0 243.0 243.0 243.0 244.0 243.0 243.0 243.0 243.0 243.0
244.0 244.0 244.0 244.0 243.0 244.0 243.0 244.0 244.0 244.0 244.0 244.0
21.1364 81.7362 13.8423 41.6246 33.7984 52.2222 35.1554 52.636 2.51837 
15.0 57.0 26.0 12.0 12.0
244.0 243.0 241.0 243.0 243.0 240.0 243.0 240.0 243.0 244.0 241.0 244.0
243.0 243.0 242.0 243.0 243.0 239.0 247.0 198.0 244.0 244.0 199.0 243.0
247.0 244.0 251.0 255.0 255.0 245.0 251.0 229.0 249.0 248.0 247.0 244.0
243.0 244.0 243.0 243.0 244.0 243.0 244.0 243.0 243.0 244.0 244.0 243.0
244.0 243.0 244.0 244.0 244.0 244.0 244.0 244.0 243.0 244.0 244.0 244.0
21.1364 81.8479 13.4577 41.0841 33.7984 54.8148 35.9016 53.0509 2.51837 
15.0 60.0 28.0 12.0 12.0
243.0 243.0 240.0 243.0 244.0 241.0 243.0 241.0 243.0 244.0 240.0 244.0
243.0 243.0 242.0 243.0 244.0 237.0 247.0 193.0 244.0 244.0 202.0 243.0
248.0 244.0 251.0 255.0 255.0 244.0 252.0 227.0 249.0 248.0 247.0 244.0
243.0 244.0 244.0 243.0 243.0 243.0 244.0 243.0 243.0 243.0 243.0 243.0
243.0 244.0 243.0 244.0 243.0 243.0 244.0 244.0 243.0 243.0 244.0 244.0
20.8637 81.8479 13.0731 41.0841 33.7984 57.7778 36.2748 53.0509 2.51837 
15.0 71.0 28.0 12.0 12.0
244.0 243.0 240.0 243.0 243.0 241.0 243.0 241.0 244.0 244.0 240.0 244.0
243.0 243.0 242.0 243.0 243.0 236.0 247.0 182.0 244.0 244.0 206.0 243.0
248.0 244.0 252.0 255.0 255.0 244.0 251.0 227.0 249.0 248.0 248.0 244.0
243.0 244.0 244.0 243.0 244.0 244.0 244.0 243.0 243.0 244.0 243.0 243.0
244.0 244.0 243.0 243.0 243.0 244.0 244.0 244.0 244.0 243.0 244.0 243.0
20.8637 81.9595 13.0731 41.0841 34.5736 58.1481 36.6479 53.8808 2.51837 
15.0 75.0 30.0 12.0 12.0
244.0 242.0 241.0 243.0 243.0 241.0 244.0 241.0 244.0 244.0 240.0 244.0
244.0 244.0 242.0 243.0 243.0 235.0 247.0 178.0 243.0 244.0 206.0 243.0
248.0 244.0 252.0 255.0 255.0 242.0 252.0 225.0 249.0 248.0 248.0 244.0
243.0 244.0 244.0 244.0 243.0 243.0 243.0 243.0 243.0 243.0 244.0 243.0
243.0 244.0 243.0 243.0 244.0 243.0 244.0 244.0 243.0 244.0 244.0 244.0
21 82.5175 12.6885 40.5435 35.3488 58.1481 37.021 55.1256 2.51837 
15.0 82.0 31.0 12.0 13.0
243.0 243.0 240.0 243.0 243.0 240.0 244.0 241.0 244.0 244.0 240.0 243.0
243.0 243.0 242.0 244.0 243.0 234.0 247.0 173.0 243.0 243.0 207.0 244.0
248.0 244.0 252.0 255.0 255.0 242.0 252.0 224.0 249.0 248.0 248.0 244.0
243.0 244.0 244.0 243.0 243.0 243.0 243.0 244.0 243.0 244.0 243.0 243.0
244.0 244.0 244.0 243.0 243.0 243.0 244.0 244.0 244.0 244.0 244.0 244.0
21 82.6291 12.6885 40.5435 35.3488 58.5185 37.021 55.1256 3.02857 
15.0 84.0 32.0 12.0 12.0
244.0 242.0 240.0 243.0 243.0 241.0 243.0 241.0 244.0 244.0 240.0 244.0
243.0 243.0 242.0 244.0 243.0 233.0 248.0 171.0 243.0 243.0 207.0 244.0
249.0 244.0 252.0 255.0 255.0 241.0 252.0 222.0 249.0 248.0 248.0 244.0
243.0 244.0 243.0 243.0 244.0 243.0 244.0 243.0 243.0 243.0 243.0 243.0
243.0 244.0 244.0 243.0 244.0 244.0 243.0 244.0 243.0 244.0 244.0 243.0
21 82.7407 12.3038 40.5435 35.3488 58.5185 37.021 55.1256 3.02857 
15.0 85.0 33.0 12.0 12.0
244.0 242.0 240.0 243.0 243.0 241.0 243.0 241.0 244.0 244.0 240.0 243.0
243.0 243.0 241.0 243.0 243.0 233.0 247.0 170.0 243.0 243.0 206.0 244.0
249.0 244.0 252.0 255.0 255.0 241.0 252.0 222.0 249.0 248.0 248.0 244.0
243.0 244.0 244.0 244.0 244.0 243.0 244.0 243.0 244.0 243.0 243.0 243.0
244.0 244.0 244.0 244.0 244.0 243.0 243.0 244.0 243.0 244.0 243.0 242.0
21 82.6291 12.3038 40.5435 35.3488 60.3704 37.3942 55.5405 3.02857 
15.0 89.0 33.0 12.0 12.0
244.0 242.0 240.0 243.0 243.0 241.0 243.0 241.0 244.0 244.0 240.0 243.0
243.0 243.0 241.0 243.0 243.0 232.0 247.0 165.0 242.0 242.0 208.0 244.0
249.0 244.0 252.0 255.0 255.0 241.0 252.0 222.0 249.0 248.0 248.0 244.0
243.0 244.0 243.0 243.0 243.0 244.0 244.0 243.0 243.0 244.0 243.0 243.0
244.0 243.0 243.0 243.0 243.0 244.0 243.0 244.0 243.0 244.0 244.0 244.0
20.8637 82.5175 12.3038 40.003 35.3488 60.3704 37.3942 55.1256 3.02857 
15.0 91.0 33.0 12.0 12.0
244.0 242.0 241.0 243.0 243.0 241.0 243.0 241.0 244.0 244.0 240.0 243.0
243.0 243.0 241.0 243.0 242.0 232.0 247.0 163.0 242.0 242.0 208.0 243.0
249.0 245.0 252.0 255.0 255.0 241.0 252.0 222.0 249.0 248.0 248.0 244.0
243.0 244.0 243.0 243.0 243.0 243.0 243.0 243.0 243.0 243.0 243.0 243.0
243.0 244.0 244.0 244.0 244.0 244.0 244.0 244.0 243.0 244.0 244.0 243.0
