-10000
21.1364 78.8345 15.3808 42.7057 27.9845 58.8889 33.2897 50.5613 2.51837 
15.0 35.0 22.0 13.0 13.0
243.0 243.0 240.0 243.0 243.0 241.0 243.0 241.0 243.0 244.0 241.0 243.0
243.0 243.0 243.0 244.0 243.0 241.0 246.0 227.0 244.0 244.0 220.0 243.0
248.0 244.0 249.0 255.0 253.0 246.0 250.0 233.0 247.0 247.0 239.0 243.0
243.0 244.0 244.0 243.0 243.0 243.0 243.0 243.0 243.0 243.0 243.0 243.0
243.0 243.0 243.0 243.0 244.0 243.0 243.0 244.0 243.0 244.0 244.0 243.0
21.1364 80.2854 14.6115 42.7057 31.4729 54.8148 34.7822 51.3912 2.51837 
15.0 48.0 22.0 13.0 13.0
243.0 243.0 240.0 243.0 243.0 242.0 243.0 240.0 243.0 244.0 240.0 243.0
243.0 243.0 242.0 244.0 243.0 239.0 245.0 215.0 244.0 244.0 204.0 243.0
248.0 245.0 250.0 255.0 255.0 247.0 250.0 233.0 248.0 247.0 242.0 244.0
243.0 244.0 243.0 243.0 243.0 243.0 243.0 243.0 242.0 243.0 243.0 243.0
243.0 243.0 244.0 243.0 244.0 244.0 243.0 243.0 243.0 243.0 244.0 243.0
21.1364 80.8434 14.6115 42.7057 32.2481 54.4444 35.1554 51.3912 2.51837 
15.0 54.0 22.0 13.0 12.0
243.0 243.0 240.0 243.0 243.0 241.0 243.0 241.0 243.0 244.0 241.0 243.0
243.0 243.0 242.0 243.0 243.0 239.0 245.0 212.0 244.0 244.0 201.0 243.0
248.0 244.0 250.0 255.0 255.0 246.0 250.0 232.0 247.0 247.0 242.0 244.0
243.0 244.0 243.0 243.0 244.0 242.0 243.0 243.0 242.0 243.0 243.0 243.0
242.0 242.0 243.0 243.0 243.0 245.0 243.0 244.0 242.0 243.0 243.0 243.0
21.1364 81.1782 14.2269 42.1651 33.0233 54.0741 35.5285 52.636 2.51837 
15.0 57.0 25.0 13.0 12.0
243.0 243.0 240.0 243.0 243.0 241.0 243.0 241.0 243.0 244.0 240.0 243.0
243.0 243.0 241.0 243.0 242.0 238.0 245.0 207.0 244.0 243.0 197.0 243.0
249.0 244.0 250.0 255.0 255.0 245.0 250.0 231.0 247.0 247.0 243.0 244.0
242.0 243.0 243.0 243.0 243.0 243.0 243.0 243.0 243.0 243.0 243.0 243.0
243.0 243.0 244.0 244.0 243.0 244.0 243.0 243.0 242.0 244.0 244.0 244.0
21 81.4014 13.8423 42.1651 33.4109 54.0741 35.5285 53.0509 2.51837 
15.0 58.0 26.0 13.0 12.0
244.0 243.0 242.0 243.0 243.0 241.0 243.0 241.0 244.0 244.0 241.0 243.0
242.0 242.0 241.0 243.0 242.0 237.0 245.0 205.0 244.0 243.0 197.0 243.0
248.0 244.0 250.0 255.0 255.0 244.0 250.0 229.0 248.0 247.0 242.0 244.0
243.0 243.0 244.0 243.0 243.0 244.0 243.0 243.0 243.0 243.0 243.0 243.0
243.0 243.0 243.0 243.0 243.0 244.0 243.0 244.0 243.0 244.0 243.0 243.0
21 81.513 13.8423 42.1651 33.4109 55.5556 35.9016 53.0509 2.51837 
14.0 59.0 28.0 12.0 12.0
244.0 243.0 241.0 243.0 243.0 241.0 243.0 241.0 244.0 244.0 240.0 243.0
243.0 243.0 241.0 244.0 242.0 237.0 246.0 200.0 244.0 243.0 197.0 243.0
248.0 244.0 251.0 255.0 255.0 244.0 250.0 228.0 247.0 247.0 243.0 244.0
243.0 244.0 243.0 243.0 243.0 243.0 243.0 243.0 243.0 243.0 243.0 243.0
244.0 244.0 243.0 243.0 244.0 244.0 243.0 244.0 243.0 243.0 244.0 244.0
21 81.7362 13.4577 42.1651 33.7984 56.6667 35.9016 54.2957 2.51837 
15.0 59.0 29.0 12.0 12.0
243.0 242.0 240.0 244.0 243.0 242.0 243.0 241.0 243.0 244.0 240.0 243.0
243.0 243.0 241.0 243.0 242.0 236.0 246.0 194.0 244.0 242.0 198.0 243.0
249.0 244.0 251.0 255.0 255.0 243.0 250.0 225.0 247.0 246.0 244.0 243.0
242.0 243.0 243.0 243.0 243.0 243.0 243.0 243.0 243.0 244.0 243.0 243.0
243.0 244.0 243.0 243.0 244.0 244.0 243.0 244.0 242.0 243.0 244.0 242.0
21 82.2943 12.6885 42.1651 34.9612 57.7778 37.021 55.1256 3.02857 
14.0 68.0 32.0 13.0 13.0
244.0 242.0 241.0 243.0 243.0 241.0 243.0 241.0 244.0 244.0 240.0 243.0
243.0 243.0 241.0 243.0 242.0 234.0 245.0 187.0 244.0 242.0 198.0 243.0
249.0 244.0 251.0 255.0 255.0 241.0 251.0 223.0 247.0 246.0 243.0 243.0
243.0 243.0 244.0 243.0 243.0 243.0 243.0 243.0 243.0 243.0 243.0 243.0
243.0 244.0 243.0 244.0 243.0 243.0 243.0 244.0 243.0 244.0 243.0 242.0
21 82.5175 12.6885 42.1651 34.9612 57.7778 37.021 55.1256 3.02857 
15.0 68.0 33.0 13.0 13.0
243.0 242.0 241.0 243.0 243.0 241.0 243.0 241.0 243.0 244.0 241.0 243.0
242.0 243.0 240.0 243.0 242.0 234.0 246.0 186.0 243.0 242.0 197.0 243.0
249.0 245.0 251.0 255.0 255.0 241.0 251.0 223.0 247.0 246.0 243.0 244.0
243.0 243.0 243.0 243.0 243.0 243.0 244.0 243.0 243.0 244.0 243.0 243.0
243.0 244.0 243.0 243.0 243.0 243.0 243.0 244.0 243.0 244.0 244.0 244.0
21 82.4059 12.6885 41.6246 34.9612 58.5185 37.021 55.1256 3.02857 
15.0 71.0 33.0 12.0 12.0
243.0 242.0 241.0 243.0 243.0 241.0 243.0 241.0 243.0 244.0 241.0 243.0
242.0 242.0 241.0 243.0 242.0 234.0 246.0 185.0 244.0 242.0 198.0 243.0
249.0 244.0 251.0 255.0 255.0 241.0 251.0 222.0 247.0 246.0 244.0 244.0
243.0 243.0 243.0 243.0 243.0 243.0 243.0 243.0 243.0 243.0 243.0 243.0
243.0 244.0 244.0 244.0 244.0 244.0 243.0 244.0 244.0 243.0 244.0 244.0
20.8637 82.2943 12.6885 41.6246 34.9612 58.5185 37.021 55.1256 3.02857 
15.0 72.0 33.0 13.0 12.0
243.0 242.0 241.0 243.0 243.0 242.0 243.0 241.0 244.0 244.0 240.0 243.0
243.0 243.0 240.0 243.0 242.0 233.0 246.0 183.0 244.0 242.0 198.0 243.0
249.0 245.0 251.0 255.0 255.0 241.0 251.0 221.0 247.0 247.0 244.0 243.0
243.0 243.0 243.0 244.0 243.0 244.0 243.0 243.0 243.0 244.0 243.0 243.0
243.0 244.0 244.0 244.0 244.0 243.0 243.0 244.0 243.0 244.0 244.0 244.0
20.8637 82.2943 12.6885 41.6246 34.9612 59.2593 37.3942 55.1256 3.02857 
14.0 73.0 34.0 12.0 12.0
244.0 243.0 241.0 243.0 243.0 241.0 243.0 241.0 243.0 244.0 240.0 243.0
242.0 243.0 241.0 243.0 242.0 233.0 246.0 180.0 243.0 242.0 199.0 243.0
249.0 244.0 251.0 255.0 255.0 241.0 251.0 222.0 247.0 247.0 244.0 244.0
242.0 244.0 243.0 243.0 244.0 243.0 243.0 243.0 243.0 243.0 243.0 243.0
243.0 244.0 243.0 243.0 243.0 244.0 244.0 244.0 243.0 244.0 244.0 244.0
20.8637 82.4059 12.6885 41.0841 34.9612 60.7407 37.3942 55.1256 3.02857 
15.0 78.0 33.0 12.0 12.0
243.0 242.0 241.0 244.0 243.0 242.0 243.0 241.0 243.0 244.0 241.0 243.0
243.0 243.0 240.0 243.0 242.0 232.0 246.0 175.0 243.0 241.0 200.0 243.0
249.0 244.0 251.0 255.0 255.0 240.0 251.0 221.0 247.0 246.0 244.0 244.0
243.0 243.0 244.0 243.0 243.0 243.0 243.0 243.0 243.0 243.0 243.0 243.0
243.0 244.0 243.0 243.0 244.0 244.0 243.0 243.0 243.0 244.0 244.0 244.0
21 82.5175 12.6885 39.4624 34.9612 61.1111 37.7673 55.1256 3.02857 
14.0 80.0 34.0 13.0 12.0
244.0 241.0 241.0 243.0 243.0 242.0 243.0 242.0 243.0 244.0 241.0 242.0
243.0 243.0 241.0 243.0 242.0 232.0 246.0 175.0 243.0 241.0 204.0 243.0
249.0 245.0 251.0 255.0 255.0 240.0 251.0 221.0 247.0 246.0 244.0 243.0
243.0 244.0 243.0 243.0 243.0 243.0 244.0 242.0 242.0 243.0 243.0 243.0
244.0 244.0 242.0 243.0 243.0 243.0 243.0 244.0 243.0 244.0 244.0 244.0
21.1364 82.4059 12.6885 36.7597 35.3488 61.4815 38.1404 55.5405 3.02857 
15.0 81.0 34.0 12.0 12.0
244.0 240.0 241.0 243.0 243.0 242.0 243.0 242.0 243.0 244.0 241.0 241.0
243.0 243.0 240.0 242.0 242.0 231.0 246.0 173.0 243.0 241.0 204.0 243.0
249.0 244.0 252.0 255.0 255.0 241.0 251.0 222.0 247.0 246.0 244.0 244.0
243.0 244.0 243.0 243.0 243.0 243.0 244.0 243.0 243.0 243.0 244.0 243.0
244.0 244.0 244.0 244.0 244.0 244.0 243.0 244.0 244.0 243.0 244.0 244.0
21 82.5175 12.6885 36.2192 36.124 61.4815 38.5136 55.5405 3.02857 
16.0 85.0 34.0 12.0 12.0
244.0 240.0 241.0 244.0 243.0 242.0 243.0 242.0 243.0 244.0 240.0 240.0
242.0 243.0 240.0 243.0 242.0 230.0 246.0 170.0 243.0 241.0 204.0 243.0
249.0 244.0 252.0 255.0 255.0 241.0 251.0 221.0 247.0 246.0 244.0 243.0
243.0 243.0 243.0 243.0 243.0 243.0 243.0 243.0 243.0 244.0 242.0 243.0
244.0 244.0 244.0 243.0 244.0 243.0 243.0 244.0 243.0 243.0 244.0 244.0
21.1364 82.5175 12.6885 36.2192 36.124 61.4815 38.5136 55.5405 3.02857 
16.0 86.0 34.0 13.0 12.0
244.0 240.0 242.0 244.0 243.0 242.0 243.0 243.0 243.0 244.0 241.0 240.0
243.0 243.0 240.0 243.0 241.0 230.0 246.0 169.0 243.0 240.0 203.0 243.0
250.0 245.0 252.0 255.0 255.0 241.0 250.0 221.0 247.0 246.0 244.0 244.0
242.0 244.0 244.0 243.0 243.0 243.0 243.0 243.0 243.0 243.0 243.0 243.0
243.0 244.0 244.0 244.0 244.0 244.0 243.0 244.0 244.0 244.0 244.0 244.0
21 82.4059 12.6885 36.2192 36.124 61.4815 38.5136 55.5405 3.02857 
16.0 86.0 35.0 13.0 12.0
244.0 240.0 241.0 244.0 243.0 242.0 243.0 243.0 243.0 244.0 241.0 240.0
243.0 243.0 241.0 243.0 242.0 230.0 246.0 169.0 242.0 240.0 204.0 243.0
249.0 244.0 251.0 255.0 255.0 240.0 251.0 220.0 246.0 247.0 244.0 244.0
243.0 243.0 243.0 243.0 243.0 243.0 243.0 242.0 243.0 243.0 243.0 243.0
244.0 244.0 244.0 244.0 244.0 244.0 243.0 244.0 243.0 243.0 244.0 244.0
