-10000
21.1364 79.5041 13.4577 -0.537568 37.6744 60.7407 31.7972 53.0509 6.0898 
30.0 24.0 40.0 14.0 11.0
242.0 226.0 225.0 239.0 240.0 234.0 239.0 234.0 241.0 240.0 229.0 231.0
242.0 242.0 243.0 243.0 243.0 242.0 244.0 231.0 243.0 243.0 242.0 242.0
240.0 240.0 233.0 231.0 231.0 227.0 229.0 216.0 232.0 234.0 230.0 239.0
242.0 244.0 244.0 244.0 244.0 244.0 244.0 243.0 244.0 245.0 244.0 243.0
244.0 245.0 249.0 250.0 248.0 249.0 249.0 247.0 246.0 249.0 248.0 245.0
21 79.2809 18.4577 -0.537568 36.124 60 31.7972 54.7107 6.0898 
35.0 29.0 42.0 14.0 11.0
242.0 221.0 220.0 239.0 239.0 232.0 239.0 232.0 240.0 240.0 226.0 230.0
242.0 242.0 244.0 243.0 243.0 242.0 244.0 226.0 243.0 243.0 242.0 242.0
239.0 240.0 233.0 230.0 230.0 224.0 228.0 212.0 231.0 233.0 230.0 239.0
241.0 243.0 244.0 244.0 245.0 244.0 245.0 243.0 244.0 244.0 244.0 243.0
244.0 245.0 248.0 249.0 248.0 248.0 250.0 248.0 246.0 248.0 248.0 245.0
20.8637 79.2809 19.2269 -0.537568 35.7364 60 33.2897 55.1256 6.0898 
37.0 32.0 44.0 13.0 11.0
242.0 218.0 218.0 238.0 239.0 230.0 238.0 232.0 240.0 239.0 225.0 229.0
242.0 243.0 244.0 243.0 243.0 242.0 244.0 222.0 243.0 243.0 243.0 242.0
239.0 240.0 232.0 229.0 230.0 222.0 226.0 210.0 231.0 233.0 229.0 239.0
242.0 243.0 244.0 245.0 245.0 244.0 244.0 243.0 244.0 244.0 244.0 243.0
245.0 244.0 249.0 248.0 247.0 248.0 249.0 248.0 247.0 247.0 249.0 244.0
20.8637 79.5041 18.8423 0.00297297 36.5116 60 34.4091 55.9555 5.57959 
40.0 36.0 45.0 13.0 11.0
241.0 215.0 217.0 238.0 239.0 230.0 238.0 232.0 240.0 239.0 224.0 229.0
242.0 243.0 243.0 243.0 243.0 241.0 244.0 219.0 243.0 244.0 243.0 242.0
239.0 240.0 232.0 228.0 229.0 221.0 226.0 210.0 231.0 233.0 229.0 239.0
242.0 243.0 244.0 244.0 244.0 244.0 244.0 244.0 244.0 245.0 244.0 243.0
244.0 244.0 248.0 250.0 249.0 249.0 248.0 248.0 247.0 247.0 248.0 245.0
20.8637 79.7273 18.4577 -0.537568 36.5116 60.7407 35.5285 55.9555 5.57959 
41.0 38.0 45.0 13.0 11.0
241.0 213.0 216.0 239.0 239.0 230.0 238.0 232.0 240.0 239.0 224.0 228.0
242.0 242.0 244.0 243.0 243.0 241.0 244.0 218.0 243.0 244.0 243.0 242.0
239.0 240.0 231.0 228.0 229.0 221.0 225.0 210.0 230.0 234.0 229.0 239.0
242.0 243.0 244.0 244.0 244.0 244.0 244.0 244.0 244.0 245.0 244.0 243.0
244.0 244.0 249.0 249.0 247.0 249.0 248.0 247.0 247.0 247.0 249.0 245.0
20.7273 79.6157 18.4577 -0.537568 36.8992 60.3704 35.5285 55.9555 5.57959 
42.0 39.0 45.0 13.0 11.0
241.0 212.0 216.0 238.0 239.0 230.0 238.0 232.0 240.0 239.0 223.0 227.0
242.0 242.0 244.0 243.0 243.0 240.0 244.0 216.0 242.0 244.0 242.0 242.0
239.0 240.0 232.0 228.0 229.0 222.0 225.0 211.0 231.0 233.0 230.0 239.0
241.0 243.0 245.0 244.0 244.0 244.0 244.0 243.0 244.0 244.0 244.0 243.0
242.0 244.0 247.0 251.0 247.0 248.0 247.0 248.0 248.0 249.0 248.0 244.0
20.591 79.7273 18.0731 -0.537568 37.2868 60.3704 35.5285 56.3704 5.06939 
44.0 41.0 43.0 13.0 11.0
241.0 210.0 215.0 238.0 239.0 229.0 238.0 232.0 240.0 239.0 223.0 226.0
242.0 242.0 243.0 243.0 242.0 239.0 244.0 214.0 242.0 243.0 242.0 242.0
239.0 240.0 232.0 228.0 229.0 221.0 226.0 211.0 231.0 233.0 229.0 239.0
241.0 243.0 245.0 244.0 244.0 244.0 244.0 244.0 244.0 245.0 244.0 243.0
243.0 243.0 247.0 249.0 249.0 247.0 249.0 249.0 247.0 248.0 247.0 245.0
20.591 79.8389 18.0731 -0.537568 37.2868 61.4815 35.9016 56.3704 5.06939 
46.0 42.0 44.0 14.0 11.0
241.0 209.0 214.0 238.0 239.0 229.0 238.0 232.0 240.0 239.0 224.0 226.0
242.0 243.0 243.0 243.0 243.0 239.0 243.0 213.0 242.0 244.0 242.0 241.0
239.0 240.0 233.0 229.0 229.0 222.0 226.0 211.0 231.0 234.0 230.0 239.0
242.0 243.0 244.0 244.0 245.0 244.0 244.0 243.0 244.0 245.0 244.0 242.0
244.0 244.0 249.0 249.0 248.0 247.0 248.0 248.0 246.0 248.0 249.0 245.0
20.591 79.9505 18.0731 -0.537568 37.2868 62.2222 35.9016 56.7854 5.06939 
47.0 41.0 43.0 13.0 11.0
241.0 208.0 214.0 238.0 239.0 229.0 237.0 232.0 240.0 239.0 223.0 226.0
242.0 243.0 243.0 243.0 243.0 239.0 243.0 213.0 242.0 244.0 242.0 242.0
239.0 239.0 233.0 229.0 230.0 223.0 227.0 212.0 232.0 235.0 230.0 240.0
242.0 243.0 244.0 244.0 244.0 244.0 244.0 244.0 244.0 244.0 244.0 243.0
244.0 245.0 249.0 249.0 248.0 247.0 248.0 248.0 247.0 248.0 248.0 245.0
20.7273 80.1737 17.6885 -0.537568 38.062 62.2222 35.9016 56.7854 5.57959 
49.0 43.0 42.0 13.0 11.0
241.0 205.0 214.0 238.0 239.0 229.0 238.0 232.0 240.0 239.0 222.0 225.0
242.0 243.0 243.0 243.0 243.0 239.0 241.0 211.0 242.0 243.0 243.0 242.0
239.0 240.0 232.0 230.0 230.0 223.0 227.0 213.0 232.0 234.0 231.0 239.0
242.0 243.0 244.0 245.0 244.0 244.0 244.0 244.0 244.0 244.0 244.0 243.0
244.0 244.0 247.0 250.0 249.0 248.0 249.0 247.0 247.0 247.0 249.0 245.0
20.7273 80.397 17.3038 0.00297297 38.062 61.8519 35.9016 57.2003 5.06939 
51.0 45.0 42.0 14.0 11.0
241.0 204.0 213.0 238.0 239.0 229.0 238.0 232.0 240.0 239.0 222.0 224.0
242.0 242.0 244.0 243.0 243.0 238.0 240.0 211.0 242.0 244.0 242.0 242.0
239.0 240.0 232.0 229.0 229.0 223.0 226.0 213.0 232.0 234.0 231.0 240.0
241.0 243.0 244.0 244.0 244.0 244.0 244.0 243.0 244.0 244.0 244.0 243.0
244.0 245.0 248.0 250.0 248.0 248.0 249.0 248.0 248.0 248.0 248.0 245.0
20.7273 80.2854 17.3038 -0.537568 38.062 62.2222 35.9016 57.2003 5.57959 
52.0 45.0 42.0 14.0 11.0
241.0 203.0 212.0 238.0 239.0 229.0 238.0 232.0 240.0 239.0 221.0 224.0
242.0 242.0 243.0 243.0 243.0 238.0 239.0 209.0 241.0 244.0 242.0 242.0
239.0 239.0 231.0 229.0 230.0 222.0 226.0 213.0 232.0 234.0 230.0 239.0
242.0 243.0 244.0 244.0 244.0 245.0 244.0 243.0 244.0 244.0 244.0 243.0
244.0 244.0 248.0 250.0 248.0 248.0 249.0 249.0 247.0 248.0 249.0 246.0
20.3182 80.1737 17.6885 -0.537568 38.062 62.963 35.9016 56.7854 4.55918 
53.0 46.0 43.0 14.0 11.0
241.0 201.0 212.0 237.0 239.0 228.0 237.0 231.0 240.0 239.0 222.0 223.0
242.0 242.0 244.0 243.0 243.0 238.0 238.0 209.0 241.0 244.0 242.0 242.0
239.0 239.0 232.0 229.0 229.0 223.0 226.0 212.0 232.0 234.0 231.0 239.0
242.0 243.0 244.0 244.0 244.0 244.0 244.0 243.0 244.0 244.0 244.0 243.0
244.0 244.0 248.0 249.0 248.0 249.0 247.0 249.0 247.0 248.0 248.0 245.0
