-10000
21 79.7273 14.2269 0.00297297 37.6744 64.8148 34.4091 52.221 7.62041 
35.0 15.0 42.0 14.0 12.0
242.0 221.0 224.0 239.0 240.0 234.0 238.0 235.0 240.0 240.0 229.0 230.0
243.0 243.0 244.0 243.0 242.0 242.0 242.0 240.0 243.0 243.0 242.0 242.0
241.0 240.0 234.0 233.0 231.0 227.0 230.0 213.0 233.0 234.0 229.0 239.0
241.0 243.0 244.0 244.0 244.0 244.0 244.0 243.0 244.0 244.0 244.0 243.0
244.0 244.0 247.0 247.0 248.0 248.0 248.0 247.0 247.0 247.0 248.0 245.0
20.8637 79.7273 16.15 0.00297297 36.8992 63.7037 34.7822 51.8061 7.62041 
40.0 15.0 43.0 13.0 11.0
241.0 214.0 219.0 238.0 240.0 232.0 239.0 234.0 240.0 240.0 226.0 227.0
243.0 243.0 244.0 243.0 242.0 242.0 242.0 240.0 243.0 243.0 242.0 242.0
241.0 240.0 234.0 233.0 232.0 226.0 231.0 212.0 233.0 234.0 230.0 240.0
242.0 243.0 244.0 244.0 244.0 244.0 244.0 244.0 244.0 244.0 244.0 242.0
244.0 244.0 248.0 248.0 248.0 247.0 248.0 248.0 246.0 248.0 247.0 245.0
20.7273 79.8389 16.5346 0.00297297 37.2868 63.3333 35.9016 51.3912 7.1102 
44.0 15.0 43.0 13.0 11.0
241.0 210.0 217.0 238.0 239.0 231.0 238.0 233.0 240.0 239.0 224.0 225.0
243.0 243.0 244.0 243.0 242.0 242.0 242.0 240.0 243.0 243.0 242.0 242.0
241.0 240.0 235.0 233.0 232.0 226.0 231.0 212.0 234.0 235.0 230.0 240.0
242.0 243.0 244.0 244.0 244.0 244.0 244.0 243.0 244.0 244.0 244.0 243.0
244.0 244.0 248.0 249.0 247.0 247.0 248.0 248.0 247.0 247.0 248.0 245.0
20.591 79.9505 16.5346 0.00297297 37.2868 62.963 36.2748 51.8061 7.1102 
46.0 15.0 43.0 14.0 11.0
241.0 209.0 216.0 238.0 240.0 231.0 238.0 233.0 240.0 239.0 224.0 225.0
243.0 243.0 244.0 243.0 242.0 242.0 242.0 240.0 243.0 243.0 242.0 242.0
241.0 240.0 234.0 233.0 232.0 226.0 231.0 211.0 234.0 235.0 231.0 240.0
241.0 243.0 244.0 245.0 245.0 244.0 244.0 244.0 244.0 244.0 244.0 243.0
244.0 244.0 247.0 248.0 248.0 248.0 249.0 248.0 246.0 247.0 247.0 245.0
20.7273 80.397 16.5346 0.00297297 38.062 62.963 36.6479 52.636 6.6 
48.0 15.0 44.0 13.0 11.0
241.0 206.0 214.0 238.0 239.0 230.0 238.0 233.0 240.0 239.0 223.0 224.0
243.0 243.0 244.0 243.0 242.0 242.0 242.0 240.0 243.0 243.0 242.0 242.0
241.0 240.0 234.0 233.0 232.0 225.0 232.0 211.0 234.0 236.0 231.0 240.0
242.0 243.0 244.0 244.0 244.0 244.0 244.0 243.0 244.0 244.0 244.0 243.0
244.0 244.0 247.0 248.0 248.0 247.0 248.0 246.0 247.0 247.0 248.0 244.0
20.7273 80.5086 16.15 0.00297297 38.062 63.3333 37.021 53.8808 6.6 
50.0 15.0 45.0 14.0 12.0
241.0 205.0 214.0 238.0 239.0 230.0 238.0 233.0 240.0 239.0 222.0 224.0
243.0 243.0 244.0 243.0 242.0 242.0 242.0 240.0 243.0 243.0 242.0 242.0
241.0 240.0 233.0 232.0 232.0 224.0 231.0 210.0 233.0 235.0 231.0 240.0
242.0 243.0 245.0 244.0 244.0 244.0 244.0 243.0 244.0 244.0 244.0 243.0
244.0 244.0 247.0 248.0 248.0 247.0 248.0 248.0 247.0 248.0 247.0 245.0
20.591 80.397 16.5346 0.00297297 38.062 63.7037 37.3942 54.7107 6.0898 
52.0 15.0 45.0 13.0 11.0
240.0 203.0 212.0 238.0 239.0 230.0 238.0 233.0 240.0 239.0 222.0 223.0
243.0 243.0 244.0 243.0 242.0 242.0 242.0 240.0 243.0 243.0 242.0 242.0
241.0 240.0 233.0 232.0 232.0 224.0 230.0 209.0 233.0 236.0 231.0 240.0
241.0 243.0 244.0 244.0 244.0 244.0 244.0 243.0 244.0 244.0 244.0 243.0
244.0 244.0 248.0 249.0 247.0 248.0 249.0 248.0 247.0 247.0 248.0 244.0
20.3182 80.397 16.9192 0.00297297 37.6744 63.7037 37.3942 55.1256 6.0898 
53.0 15.0 46.0 13.0 12.0
240.0 201.0 210.0 238.0 239.0 229.0 237.0 232.0 240.0 239.0 220.0 222.0
243.0 243.0 244.0 243.0 242.0 242.0 242.0 240.0 243.0 243.0 242.0 242.0
241.0 240.0 233.0 232.0 231.0 223.0 229.0 210.0 233.0 235.0 231.0 240.0
242.0 243.0 244.0 244.0 244.0 245.0 244.0 243.0 244.0 244.0 244.0 243.0
244.0 244.0 248.0 248.0 247.0 248.0 247.0 248.0 246.0 248.0 248.0 245.0
20.1819 80.397 16.9192 0.00297297 37.6744 63.7037 37.3942 55.5405 6.0898 
54.0 15.0 46.0 14.0 11.0
240.0 201.0 210.0 238.0 239.0 229.0 238.0 232.0 240.0 239.0 220.0 222.0
243.0 243.0 244.0 243.0 242.0 242.0 242.0 240.0 243.0 243.0 242.0 242.0
240.0 240.0 232.0 232.0 231.0 223.0 229.0 210.0 233.0 236.0 231.0 240.0
242.0 243.0 244.0 244.0 244.0 244.0 244.0 243.0 244.0 244.0 244.0 243.0
243.0 244.0 247.0 249.0 247.0 247.0 248.0 248.0 246.0 249.0 248.0 244.0
20.4546 80.5086 17.3038 0.00297297 38.062 63.7037 37.3942 55.5405 6.0898 
55.0 15.0 45.0 13.0 11.0
241.0 200.0 209.0 238.0 239.0 228.0 238.0 232.0 240.0 239.0 219.0 222.0
243.0 243.0 244.0 243.0 242.0 242.0 242.0 240.0 243.0 243.0 242.0 242.0
240.0 240.0 232.0 231.0 231.0 223.0 228.0 210.0 232.0 235.0 231.0 240.0
242.0 243.0 244.0 244.0 244.0 244.0 244.0 243.0 244.0 244.0 244.0 243.0
244.0 244.0 247.0 249.0 248.0 248.0 248.0 247.0 246.0 247.0 249.0 244.0
20.591 80.5086 17.3038 0.00297297 37.6744 64.0741 37.3942 55.5405 6.0898 
55.0 15.0 46.0 13.0 11.0
241.0 200.0 209.0 238.0 239.0 228.0 237.0 232.0 240.0 239.0 219.0 221.0
243.0 243.0 244.0 243.0 242.0 242.0 242.0 240.0 243.0 243.0 242.0 242.0
240.0 240.0 232.0 231.0 231.0 224.0 229.0 210.0 233.0 235.0 231.0 240.0
242.0 244.0 244.0 244.0 244.0 244.0 244.0 243.0 244.0 244.0 244.0 243.0
244.0 244.0 247.0 248.0 247.0 248.0 249.0 247.0 247.0 247.0 247.0 245.0
20.4546 80.7318 16.9192 0.00297297 38.4496 64.0741 37.3942 55.9555 6.0898 
57.0 15.0 44.0 13.0 11.0
240.0 198.0 207.0 238.0 239.0 228.0 237.0 232.0 240.0 238.0 219.0 221.0
243.0 243.0 244.0 243.0 242.0 242.0 242.0 240.0 243.0 243.0 242.0 242.0
240.0 240.0 232.0 232.0 231.0 224.0 229.0 211.0 233.0 235.0 231.0 240.0
242.0 243.0 245.0 244.0 244.0 244.0 244.0 243.0 244.0 244.0 244.0 243.0
244.0 244.0 247.0 249.0 248.0 248.0 248.0 246.0 248.0 248.0 248.0 245.0
