-10000
21 79.8389 11.5346 0.00297297 35.3488 58.8889 32.9166 50.1463 6.0898 
26.0 22.0 38.0 14.0 11.0
242.0 229.0 229.0 240.0 240.0 236.0 239.0 236.0 241.0 240.0 232.0 233.0
242.0 243.0 244.0 243.0 242.0 242.0 243.0 233.0 243.0 243.0 242.0 242.0
240.0 240.0 234.0 232.0 232.0 228.0 231.0 217.0 234.0 235.0 231.0 240.0
242.0 243.0 244.0 245.0 245.0 244.0 244.0 243.0 244.0 245.0 244.0 243.0
244.0 245.0 249.0 250.0 249.0 250.0 249.0 248.0 247.0 248.0 249.0 246.0
21 79.6157 18.0731 0.00297297 34.9612 58.1481 34.036 50.9762 6.0898 
32.0 27.0 43.0 14.0 11.0
242.0 223.0 222.0 239.0 240.0 233.0 239.0 234.0 240.0 240.0 229.0 231.0
242.0 243.0 244.0 244.0 242.0 242.0 244.0 228.0 244.0 243.0 242.0 242.0
240.0 240.0 234.0 232.0 231.0 225.0 230.0 211.0 233.0 235.0 229.0 240.0
242.0 243.0 244.0 244.0 245.0 244.0 244.0 243.0 244.0 244.0 244.0 243.0
244.0 244.0 248.0 250.0 249.0 250.0 250.0 248.0 247.0 248.0 250.0 245.0
21.1364 79.6157 18.8423 -0.537568 35.3488 59.6296 35.1554 53.0509 6.0898 
35.0 29.0 46.0 13.0 10.0
242.0 220.0 221.0 238.0 240.0 233.0 239.0 234.0 240.0 240.0 227.0 230.0
242.0 242.0 244.0 243.0 243.0 242.0 244.0 226.0 244.0 244.0 242.0 242.0
239.0 240.0 233.0 230.0 231.0 223.0 229.0 209.0 232.0 233.0 229.0 239.0
242.0 243.0 244.0 244.0 245.0 244.0 245.0 243.0 244.0 244.0 244.0 243.0
243.0 244.0 247.0 251.0 248.0 249.0 249.0 249.0 246.0 249.0 249.0 245.0
21 79.7273 18.8423 0.00297297 35.3488 61.1111 35.9016 53.8808 5.57959 
38.0 33.0 46.0 13.0 11.0
242.0 216.0 219.0 239.0 240.0 232.0 238.0 234.0 240.0 240.0 227.0 229.0
242.0 243.0 244.0 243.0 243.0 242.0 245.0 221.0 244.0 244.0 242.0 242.0
239.0 240.0 233.0 229.0 230.0 222.0 227.0 209.0 232.0 234.0 229.0 239.0
242.0 243.0 245.0 245.0 244.0 244.0 244.0 244.0 244.0 244.0 244.0 243.0
244.0 244.0 248.0 250.0 248.0 248.0 249.0 249.0 248.0 248.0 249.0 246.0
20.8637 79.7273 18.4577 -0.537568 36.124 60.7407 36.2748 54.7107 5.57959 
41.0 37.0 47.0 14.0 11.0
241.0 213.0 218.0 238.0 239.0 232.0 239.0 233.0 240.0 240.0 226.0 229.0
242.0 242.0 244.0 244.0 242.0 240.0 245.0 217.0 243.0 244.0 243.0 242.0
239.0 240.0 232.0 230.0 229.0 221.0 228.0 209.0 231.0 234.0 230.0 240.0
242.0 243.0 244.0 244.0 245.0 244.0 244.0 243.0 244.0 245.0 244.0 243.0
244.0 244.0 249.0 251.0 248.0 249.0 250.0 249.0 247.0 248.0 249.0 245.0
20.8637 79.8389 18.0731 0.00297297 36.124 61.1111 36.2748 55.1256 5.57959 
43.0 39.0 47.0 13.0 11.0
242.0 212.0 218.0 238.0 240.0 232.0 238.0 233.0 240.0 240.0 226.0 227.0
242.0 243.0 243.0 243.0 243.0 240.0 245.0 216.0 244.0 244.0 242.0 242.0
239.0 240.0 232.0 229.0 229.0 220.0 227.0 207.0 231.0 233.0 229.0 240.0
242.0 243.0 244.0 245.0 245.0 245.0 244.0 243.0 244.0 244.0 244.0 243.0
244.0 244.0 250.0 250.0 249.0 249.0 249.0 249.0 247.0 248.0 249.0 245.0
20.7273 80.0621 18.0731 -0.537568 36.5116 61.8519 36.6479 55.5405 5.06939 
45.0 41.0 47.0 13.0 11.0
241.0 210.0 217.0 238.0 239.0 231.0 238.0 234.0 240.0 240.0 226.0 227.0
242.0 242.0 244.0 243.0 243.0 240.0 245.0 214.0 244.0 244.0 242.0 242.0
239.0 240.0 232.0 230.0 229.0 221.0 227.0 208.0 231.0 234.0 230.0 239.0
242.0 243.0 245.0 245.0 244.0 245.0 244.0 244.0 244.0 244.0 244.0 243.0
244.0 244.0 248.0 250.0 248.0 249.0 249.0 247.0 247.0 248.0 249.0 245.0
20.8637 80.2854 17.6885 0.00297297 36.8992 61.1111 36.6479 55.5405 5.06939 
47.0 44.0 46.0 13.0 11.0
241.0 208.0 217.0 238.0 239.0 231.0 238.0 233.0 240.0 239.0 225.0 226.0
242.0 243.0 244.0 243.0 243.0 238.0 245.0 211.0 244.0 244.0 242.0 242.0
239.0 239.0 232.0 229.0 230.0 221.0 227.0 208.0 231.0 234.0 230.0 239.0
242.0 243.0 244.0 245.0 245.0 245.0 244.0 244.0 244.0 245.0 244.0 243.0
243.0 245.0 248.0 251.0 248.0 249.0 248.0 248.0 247.0 249.0 249.0 245.0
20.8637 80.2854 17.6885 0.00297297 36.8992 62.5926 36.6479 55.9555 5.57959 
48.0 45.0 46.0 13.0 12.0
241.0 206.0 217.0 238.0 239.0 231.0 238.0 233.0 241.0 240.0 226.0 225.0
242.0 243.0 243.0 243.0 242.0 238.0 244.0 210.0 243.0 244.0 242.0 242.0
239.0 239.0 232.0 230.0 230.0 221.0 227.0 209.0 232.0 234.0 230.0 240.0
242.0 243.0 244.0 244.0 244.0 244.0 244.0 244.0 244.0 244.0 244.0 243.0
244.0 245.0 248.0 250.0 249.0 248.0 250.0 249.0 248.0 248.0 248.0 245.0
20.8637 80.2854 17.6885 -0.537568 36.8992 62.963 36.6479 56.3704 5.06939 
49.0 46.0 46.0 13.0 11.0
241.0 206.0 216.0 238.0 239.0 231.0 238.0 233.0 240.0 239.0 225.0 225.0
242.0 242.0 244.0 243.0 243.0 238.0 245.0 209.0 243.0 244.0 242.0 242.0
239.0 240.0 233.0 230.0 229.0 221.0 227.0 209.0 232.0 234.0 230.0 239.0
242.0 243.0 245.0 244.0 245.0 245.0 244.0 243.0 244.0 244.0 244.0 243.0
244.0 244.0 249.0 250.0 248.0 248.0 250.0 248.0 247.0 248.0 248.0 245.0
20.591 80.5086 17.3038 -0.537568 37.6744 62.5926 37.021 56.3704 4.55918 
51.0 49.0 44.0 13.0 11.0
241.0 203.0 215.0 238.0 239.0 231.0 238.0 233.0 240.0 239.0 224.0 224.0
242.0 243.0 244.0 243.0 243.0 237.0 244.0 205.0 244.0 244.0 242.0 242.0
240.0 240.0 232.0 230.0 230.0 221.0 227.0 211.0 233.0 234.0 230.0 239.0
242.0 243.0 244.0 244.0 244.0 244.0 244.0 244.0 244.0 244.0 244.0 243.0
244.0 244.0 248.0 250.0 250.0 249.0 250.0 248.0 249.0 249.0 250.0 245.0
20.4546 80.6202 17.3038 -0.537568 37.6744 62.963 37.021 56.3704 5.06939 
53.0 51.0 45.0 13.0 11.0
241.0 202.0 214.0 238.0 239.0 230.0 238.0 233.0 240.0 240.0 224.0 224.0
242.0 243.0 244.0 243.0 243.0 236.0 244.0 204.0 243.0 244.0 242.0 242.0
239.0 239.0 232.0 230.0 229.0 222.0 227.0 210.0 232.0 234.0 230.0 239.0
242.0 243.0 244.0 244.0 244.0 245.0 244.0 244.0 244.0 244.0 244.0 243.0
244.0 244.0 248.0 251.0 248.0 249.0 250.0 249.0 248.0 248.0 249.0 246.0
