-10000
21.2728 79.6157 16.15 43.2462 27.2093 58.1481 33.2897 48.9015 2.00816 
14.0 31.0 20.0 12.0 13.0
243.0 244.0 240.0 244.0 243.0 241.0 243.0 241.0 243.0 244.0 241.0 244.0
243.0 243.0 244.0 244.0 243.0 242.0 244.0 236.0 244.0 244.0 224.0 243.0
247.0 244.0 249.0 253.0 251.0 246.0 249.0 234.0 248.0 247.0 237.0 243.0
243.0 244.0 243.0 243.0 243.0 244.0 244.0 243.0 243.0 244.0 243.0 243.0
243.0 243.0 243.0 244.0 243.0 244.0 243.0 244.0 242.0 244.0 244.0 242.0
21 80.1737 14.9962 42.1651 30.3101 55.5556 34.7822 49.7314 2.00816 
15.0 45.0 21.0 12.0 13.0
243.0 243.0 241.0 243.0 243.0 241.0 243.0 241.0 243.0 244.0 240.0 243.0
243.0 243.0 244.0 244.0 243.0 242.0 244.0 229.0 244.0 244.0 209.0 243.0
247.0 244.0 250.0 255.0 252.0 246.0 250.0 234.0 249.0 248.0 241.0 243.0
243.0 243.0 243.0 243.0 243.0 243.0 244.0 243.0 243.0 243.0 243.0 243.0
243.0 243.0 242.0 244.0 244.0 244.0 243.0 244.0 243.0 244.0 244.0 244.0
21 80.6202 14.2269 42.1651 31.8605 54.4444 35.9016 49.7314 2.51837 
15.0 52.0 22.0 12.0 12.0
244.0 242.0 241.0 243.0 243.0 242.0 243.0 241.0 243.0 244.0 240.0 243.0
243.0 243.0 243.0 243.0 243.0 241.0 244.0 223.0 244.0 245.0 202.0 243.0
248.0 244.0 250.0 255.0 253.0 246.0 250.0 233.0 248.0 248.0 241.0 243.0
243.0 244.0 244.0 243.0 243.0 243.0 244.0 243.0 243.0 243.0 243.0 243.0
243.0 243.0 243.0 243.0 244.0 244.0 243.0 244.0 244.0 243.0 244.0 242.0
21.1364 81.0666 13.8423 41.6246 33.0233 54.8148 36.2748 50.1463 2.51837 
15.0 58.0 23.0 12.0 12.0
244.0 242.0 240.0 244.0 243.0 242.0 243.0 241.0 243.0 244.0 241.0 243.0
243.0 243.0 242.0 243.0 243.0 240.0 245.0 218.0 244.0 244.0 197.0 242.0
248.0 244.0 250.0 255.0 253.0 245.0 250.0 232.0 248.0 247.0 242.0 243.0
243.0 244.0 243.0 243.0 243.0 243.0 244.0 243.0 243.0 244.0 244.0 243.0
243.0 243.0 243.0 243.0 243.0 244.0 243.0 244.0 243.0 244.0 242.0 243.0
21.1364 81.0666 13.8423 41.6246 33.0233 55.1852 36.6479 50.5613 2.51837 
15.0 58.0 26.0 12.0 13.0
244.0 242.0 240.0 244.0 243.0 241.0 243.0 241.0 244.0 244.0 240.0 243.0
243.0 243.0 242.0 243.0 242.0 239.0 245.0 216.0 244.0 244.0 197.0 243.0
249.0 244.0 250.0 255.0 255.0 246.0 250.0 230.0 248.0 248.0 241.0 243.0
243.0 244.0 243.0 243.0 243.0 243.0 244.0 243.0 243.0 243.0 243.0 243.0
242.0 243.0 243.0 244.0 244.0 243.0 243.0 244.0 243.0 243.0 244.0 244.0
21 81.0666 13.4577 41.6246 33.0233 56.2963 36.6479 50.9762 2.51837 
14.0 58.0 26.0 12.0 13.0
244.0 242.0 241.0 243.0 243.0 241.0 243.0 241.0 244.0 244.0 241.0 243.0
243.0 243.0 242.0 244.0 243.0 239.0 245.0 212.0 244.0 244.0 195.0 243.0
249.0 244.0 251.0 255.0 255.0 244.0 250.0 228.0 248.0 247.0 241.0 243.0
243.0 244.0 243.0 243.0 243.0 243.0 243.0 243.0 243.0 243.0 243.0 243.0
243.0 243.0 243.0 243.0 242.0 243.0 243.0 244.0 243.0 244.0 244.0 243.0
21 81.4014 13.0731 41.0841 33.7984 58.1481 37.021 53.4659 2.51837 
14.0 61.0 28.0 12.0 12.0
244.0 241.0 241.0 243.0 243.0 241.0 243.0 242.0 244.0 244.0 241.0 242.0
242.0 243.0 242.0 243.0 242.0 238.0 246.0 201.0 244.0 245.0 194.0 243.0
248.0 245.0 251.0 255.0 255.0 243.0 251.0 226.0 249.0 247.0 244.0 243.0
243.0 244.0 244.0 243.0 243.0 243.0 243.0 243.0 243.0 243.0 243.0 243.0
243.0 243.0 243.0 243.0 244.0 243.0 243.0 243.0 244.0 244.0 244.0 244.0
20.8637 81.513 12.6885 41.0841 33.7984 58.8889 37.021 54.2957 2.51837 
14.0 60.0 31.0 12.0 12.0
244.0 241.0 241.0 244.0 243.0 242.0 243.0 242.0 243.0 244.0 241.0 242.0
243.0 243.0 242.0 244.0 243.0 238.0 246.0 197.0 244.0 244.0 195.0 243.0
249.0 245.0 251.0 255.0 255.0 242.0 251.0 224.0 248.0 247.0 243.0 243.0
243.0 244.0 243.0 243.0 243.0 243.0 243.0 243.0 243.0 243.0 243.0 243.0
243.0 243.0 243.0 243.0 243.0 244.0 244.0 244.0 244.0 243.0 244.0 243.0
21 81.7362 12.6885 41.0841 33.7984 59.2593 37.3942 54.2957 3.02857 
14.0 60.0 31.0 12.0 13.0
244.0 241.0 240.0 243.0 243.0 242.0 243.0 242.0 243.0 244.0 241.0 242.0
243.0 243.0 242.0 243.0 243.0 237.0 246.0 195.0 244.0 244.0 194.0 243.0
249.0 244.0 251.0 255.0 255.0 242.0 251.0 223.0 248.0 248.0 243.0 243.0
243.0 244.0 243.0 244.0 244.0 243.0 243.0 243.0 243.0 243.0 243.0 243.0
243.0 243.0 243.0 243.0 243.0 244.0 243.0 243.0 243.0 243.0 244.0 244.0
21 81.9595 12.6885 41.0841 34.5736 59.6296 37.3942 55.1256 3.02857 
15.0 64.0 32.0 12.0 12.0
244.0 241.0 241.0 243.0 243.0 242.0 243.0 242.0 243.0 244.0 241.0 242.0
243.0 242.0 241.0 243.0 243.0 236.0 246.0 189.0 244.0 243.0 192.0 243.0
248.0 244.0 251.0 255.0 255.0 241.0 251.0 223.0 248.0 247.0 244.0 243.0
243.0 244.0 243.0 244.0 243.0 243.0 243.0 243.0 243.0 243.0 243.0 243.0
243.0 243.0 243.0 244.0 243.0 243.0 242.0 244.0 242.0 244.0 244.0 244.0
21 82.1827 12.3038 41.0841 34.9612 59.6296 37.7673 55.1256 3.02857 
14.0 69.0 31.0 12.0 13.0
244.0 241.0 241.0 244.0 243.0 242.0 243.0 241.0 243.0 244.0 241.0 242.0
243.0 243.0 242.0 243.0 243.0 235.0 246.0 186.0 244.0 243.0 190.0 243.0
250.0 244.0 252.0 255.0 255.0 241.0 251.0 223.0 248.0 247.0 244.0 243.0
243.0 244.0 243.0 243.0 243.0 243.0 244.0 243.0 243.0 244.0 243.0 243.0
244.0 243.0 242.0 243.0 244.0 244.0 243.0 244.0 244.0 243.0 243.0 241.0
20.8637 82.1827 12.3038 41.0841 34.9612 59.6296 37.7673 55.1256 3.02857 
15.0 70.0 33.0 12.0 12.0
244.0 241.0 241.0 243.0 243.0 242.0 243.0 242.0 243.0 244.0 241.0 242.0
243.0 243.0 241.0 243.0 242.0 235.0 246.0 185.0 244.0 243.0 190.0 243.0
249.0 244.0 251.0 255.0 255.0 241.0 251.0 222.0 248.0 247.0 244.0 243.0
243.0 244.0 244.0 243.0 243.0 243.0 243.0 243.0 243.0 243.0 243.0 243.0
243.0 243.0 244.0 243.0 242.0 244.0 244.0 244.0 242.0 244.0 243.0 242.0
20.8637 82.2943 12.3038 41.0841 34.9612 60.3704 37.7673 55.1256 3.02857 
15.0 73.0 33.0 12.0 13.0
244.0 241.0 241.0 243.0 243.0 242.0 244.0 242.0 243.0 244.0 241.0 242.0
243.0 243.0 241.0 243.0 242.0 234.0 246.0 182.0 244.0 243.0 190.0 243.0
248.0 244.0 251.0 255.0 255.0 241.0 251.0 222.0 248.0 247.0 244.0 243.0
243.0 244.0 243.0 243.0 244.0 243.0 244.0 243.0 243.0 244.0 243.0 243.0
244.0 243.0 243.0 244.0 243.0 244.0 243.0 244.0 243.0 243.0 243.0 242.0
20.8637 82.2943 12.3038 41.0841 34.9612 61.1111 37.7673 55.1256 3.02857 
14.0 74.0 33.0 12.0 12.0
244.0 240.0 241.0 243.0 243.0 242.0 243.0 242.0 244.0 244.0 241.0 242.0
243.0 243.0 241.0 243.0 243.0 234.0 246.0 179.0 243.0 243.0 190.0 243.0
249.0 244.0 251.0 255.0 255.0 241.0 250.0 222.0 247.0 247.0 244.0 243.0
243.0 244.0 243.0 244.0 244.0 243.0 244.0 243.0 243.0 243.0 244.0 243.0
243.0 243.0 243.0 243.0 243.0 244.0 243.0 244.0 243.0 243.0 243.0 243.0
