-10000
21.1364 79.6157 18.8423 48.6516 26.4341 47.037 29.5584 47.2418 2.51837 
16.0 22.0 26.0 12.0 13.0
244.0 243.0 240.0 243.0 243.0 240.0 243.0 240.0 243.0 243.0 242.0 244.0
243.0 243.0 244.0 244.0 243.0 243.0 244.0 241.0 243.0 243.0 233.0 242.0
245.0 244.0 246.0 251.0 251.0 244.0 250.0 229.0 249.0 249.0 235.0 243.0
243.0 243.0 243.0 243.0 243.0 243.0 244.0 243.0 243.0 243.0 243.0 243.0
243.0 243.0 244.0 244.0 244.0 244.0 243.0 244.0 243.0 243.0 243.0 244.0
21 79.6157 17.3038 47.5705 26.8217 52.963 31.424 47.6567 2.51837 
15.0 24.0 26.0 12.0 13.0
243.0 243.0 240.0 243.0 243.0 240.0 243.0 240.0 244.0 244.0 241.0 244.0
243.0 244.0 244.0 244.0 243.0 243.0 244.0 239.0 244.0 243.0 228.0 242.0
246.0 244.0 247.0 252.0 251.0 244.0 251.0 228.0 250.0 249.0 236.0 243.0
243.0 243.0 243.0 243.0 243.0 243.0 243.0 243.0 242.0 243.0 243.0 243.0
243.0 243.0 244.0 243.0 243.0 243.0 243.0 244.0 242.0 243.0 244.0 242.0
20.8637 79.6157 16.9192 46.4895 27.9845 55.9259 32.1703 48.4866 2.51837 
15.0 29.0 29.0 12.0 12.0
244.0 243.0 240.0 243.0 244.0 239.0 243.0 240.0 243.0 244.0 241.0 244.0
243.0 244.0 244.0 244.0 244.0 244.0 245.0 234.0 244.0 243.0 225.0 243.0
247.0 244.0 247.0 253.0 252.0 243.0 250.0 225.0 250.0 249.0 237.0 243.0
242.0 244.0 244.0 243.0 243.0 243.0 243.0 243.0 243.0 243.0 243.0 243.0
242.0 243.0 243.0 242.0 244.0 243.0 243.0 244.0 243.0 244.0 243.0 244.0
21 79.8389 16.15 45.9489 29.1473 57.037 32.9166 48.9015 2.51837 
15.0 32.0 32.0 13.0 13.0
244.0 243.0 239.0 243.0 243.0 240.0 243.0 240.0 243.0 244.0 241.0 244.0
243.0 243.0 244.0 243.0 243.0 243.0 245.0 230.0 244.0 244.0 223.0 242.0
246.0 244.0 247.0 252.0 252.0 242.0 250.0 223.0 250.0 249.0 237.0 243.0
243.0 244.0 243.0 243.0 243.0 243.0 243.0 242.0 243.0 243.0 243.0 243.0
244.0 243.0 243.0 244.0 243.0 244.0 243.0 244.0 243.0 244.0 244.0 242.0
21 80.0621 15.7654 45.4084 29.5349 58.1481 33.2897 50.5613 2.51837 
15.0 35.0 33.0 13.0 13.0
244.0 243.0 239.0 243.0 243.0 240.0 243.0 240.0 243.0 244.0 241.0 244.0
243.0 243.0 244.0 244.0 243.0 243.0 246.0 224.0 244.0 244.0 219.0 242.0
246.0 244.0 248.0 252.0 252.0 242.0 251.0 222.0 250.0 249.0 240.0 243.0
242.0 244.0 244.0 243.0 243.0 243.0 243.0 243.0 243.0 243.0 243.0 243.0
243.0 244.0 243.0 244.0 243.0 243.0 243.0 244.0 242.0 244.0 243.0 243.0
21 80.1737 15.3808 44.8678 30.6977 58.1481 33.6628 52.221 3.02857 
15.0 38.0 33.0 12.0 13.0
244.0 243.0 239.0 243.0 243.0 240.0 243.0 240.0 244.0 244.0 241.0 244.0
243.0 243.0 244.0 244.0 243.0 241.0 247.0 218.0 244.0 244.0 218.0 243.0
246.0 244.0 249.0 253.0 252.0 241.0 252.0 222.0 251.0 249.0 244.0 243.0
243.0 244.0 243.0 243.0 243.0 243.0 243.0 243.0 243.0 243.0 243.0 243.0
243.0 242.0 243.0 243.0 243.0 244.0 243.0 244.0 242.0 243.0 244.0 242.0
20.8637 80.1737 14.9962 44.3273 31.0853 58.8889 33.6628 53.8808 3.02857 
16.0 40.0 35.0 12.0 13.0
244.0 243.0 239.0 243.0 243.0 240.0 243.0 240.0 243.0 244.0 240.0 244.0
243.0 243.0 244.0 244.0 243.0 241.0 247.0 213.0 244.0 244.0 217.0 243.0
246.0 244.0 249.0 253.0 252.0 241.0 252.0 221.0 251.0 250.0 245.0 244.0
242.0 244.0 244.0 243.0 243.0 243.0 243.0 243.0 243.0 244.0 243.0 243.0
243.0 243.0 243.0 243.0 243.0 244.0 243.0 244.0 242.0 243.0 243.0 243.0
20.8637 80.397 14.9962 43.7868 31.4729 59.6296 34.036 54.7107 3.02857 
16.0 46.0 35.0 12.0 14.0
243.0 243.0 239.0 243.0 243.0 240.0 243.0 240.0 243.0 244.0 240.0 244.0
243.0 243.0 243.0 244.0 243.0 240.0 247.0 208.0 244.0 245.0 216.0 243.0
246.0 244.0 248.0 253.0 253.0 240.0 252.0 220.0 251.0 249.0 245.0 244.0
243.0 243.0 243.0 243.0 243.0 243.0 244.0 243.0 243.0 243.0 243.0 243.0
243.0 244.0 243.0 243.0 243.0 243.0 244.0 244.0 243.0 243.0 244.0 243.0
21 80.6202 14.6115 43.7868 31.8605 60.3704 34.036 55.1256 3.02857 
16.0 52.0 36.0 12.0 12.0
243.0 243.0 240.0 244.0 243.0 240.0 243.0 240.0 243.0 244.0 240.0 244.0
243.0 243.0 243.0 243.0 243.0 239.0 247.0 202.0 244.0 244.0 216.0 243.0
246.0 244.0 249.0 253.0 253.0 239.0 252.0 219.0 251.0 249.0 246.0 244.0
243.0 244.0 243.0 243.0 243.0 243.0 243.0 243.0 243.0 244.0 243.0 243.0
242.0 243.0 243.0 243.0 242.0 243.0 243.0 244.0 243.0 242.0 243.0 243.0
21.1364 81.1782 14.2269 43.2462 32.6357 60 34.7822 55.5405 3.02857 
15.0 59.0 36.0 12.0 13.0
244.0 243.0 239.0 243.0 243.0 240.0 243.0 240.0 243.0 244.0 240.0 244.0
243.0 243.0 243.0 244.0 243.0 237.0 247.0 195.0 244.0 244.0 214.0 243.0
246.0 244.0 249.0 253.0 255.0 239.0 253.0 219.0 251.0 249.0 246.0 244.0
243.0 243.0 243.0 244.0 243.0 243.0 243.0 243.0 243.0 243.0 243.0 243.0
243.0 243.0 243.0 243.0 243.0 243.0 244.0 243.0 243.0 243.0 244.0 242.0
21 81.0666 13.4577 42.7057 33.4109 61.4815 35.9016 55.1256 3.53878 
16.0 60.0 38.0 13.0 13.0
244.0 242.0 240.0 243.0 243.0 240.0 243.0 240.0 243.0 244.0 240.0 244.0
243.0 243.0 242.0 243.0 243.0 237.0 248.0 195.0 244.0 244.0 219.0 243.0
246.0 244.0 249.0 255.0 255.0 238.0 252.0 216.0 251.0 249.0 246.0 243.0
243.0 244.0 243.0 243.0 243.0 243.0 243.0 243.0 243.0 243.0 243.0 243.0
244.0 243.0 242.0 243.0 243.0 243.0 243.0 243.0 243.0 243.0 244.0 243.0
21 80.955 13.0731 39.4624 34.5736 60.7407 37.021 54.7107 3.02857 
15.0 68.0 39.0 12.0 12.0
244.0 242.0 239.0 243.0 243.0 241.0 243.0 240.0 243.0 244.0 240.0 243.0
243.0 243.0 242.0 243.0 242.0 235.0 247.0 186.0 244.0 244.0 216.0 243.0
246.0 244.0 249.0 255.0 255.0 237.0 253.0 216.0 251.0 248.0 247.0 244.0
242.0 244.0 244.0 244.0 243.0 243.0 243.0 243.0 243.0 243.0 243.0 243.0
243.0 244.0 243.0 243.0 243.0 244.0 243.0 244.0 244.0 244.0 244.0 243.0
21 80.955 13.0731 39.4624 34.5736 60.7407 37.021 54.7107 3.02857 
16.0 70.0 39.0 13.0 12.0
244.0 241.0 239.0 243.0 243.0 241.0 243.0 241.0 243.0 244.0 240.0 243.0
243.0 243.0 242.0 244.0 242.0 235.0 248.0 185.0 244.0 244.0 216.0 243.0
247.0 244.0 249.0 255.0 255.0 237.0 253.0 215.0 250.0 248.0 247.0 244.0
243.0 243.0 243.0 244.0 243.0 244.0 244.0 243.0 243.0 243.0 243.0 243.0
243.0 242.0 243.0 243.0 244.0 244.0 242.0 243.0 243.0 243.0 244.0 243.0
21 81.0666 13.0731 39.4624 34.9612 61.1111 37.021 54.7107 3.02857 
16.0 72.0 41.0 12.0 13.0
244.0 242.0 239.0 243.0 243.0 241.0 243.0 241.0 243.0 244.0 241.0 243.0
243.0 243.0 242.0 243.0 243.0 235.0 247.0 182.0 243.0 244.0 216.0 243.0
247.0 244.0 249.0 255.0 255.0 236.0 253.0 214.0 251.0 248.0 246.0 244.0
242.0 243.0 243.0 243.0 243.0 243.0 243.0 243.0 243.0 243.0 243.0 243.0
244.0 243.0 243.0 243.0 243.0 243.0 243.0 244.0 243.0 243.0 243.0 243.0
21 81.0666 13.0731 37.3003 34.9612 61.1111 37.3942 55.1256 3.02857 
16.0 73.0 41.0 12.0 13.0
244.0 241.0 239.0 243.0 243.0 241.0 244.0 241.0 243.0 244.0 240.0 242.0
243.0 243.0 242.0 243.0 243.0 235.0 248.0 182.0 244.0 244.0 218.0 243.0
247.0 244.0 249.0 255.0 255.0 237.0 252.0 214.0 251.0 248.0 247.0 244.0
243.0 244.0 243.0 243.0 243.0 243.0 243.0 243.0 243.0 243.0 243.0 243.0
243.0 242.0 243.0 243.0 243.0 244.0 242.0 243.0 242.0 243.0 244.0 243.0
21.1364 81.1782 13.0731 35.1381 35.3488 61.4815 37.7673 55.1256 3.02857 
16.0 73.0 41.0 12.0 12.0
244.0 240.0 240.0 243.0 243.0 241.0 243.0 241.0 243.0 244.0 240.0 240.0
243.0 243.0 242.0 243.0 242.0 235.0 247.0 181.0 243.0 244.0 220.0 243.0
247.0 244.0 249.0 255.0 255.0 237.0 252.0 214.0 251.0 249.0 247.0 244.0
243.0 243.0 243.0 243.0 243.0 243.0 244.0 243.0 243.0 244.0 243.0 243.0
243.0 243.0 243.0 243.0 244.0 244.0 243.0 244.0 243.0 243.0 243.0 243.0
21.1364 81.2898 13.0731 34.057 36.5116 61.1111 38.5136 55.1256 3.02857 
16.0 79.0 40.0 13.0 13.0
244.0 239.0 240.0 243.0 243.0 243.0 243.0 241.0 243.0 244.0 240.0 240.0
243.0 243.0 242.0 243.0 242.0 233.0 247.0 174.0 243.0 244.0 218.0 243.0
246.0 244.0 249.0 255.0 255.0 237.0 253.0 216.0 251.0 248.0 247.0 244.0
243.0 244.0 243.0 243.0 243.0 243.0 244.0 243.0 242.0 243.0 243.0 243.0
243.0 243.0 243.0 244.0 243.0 244.0 242.0 243.0 243.0 243.0 243.0 243.0
21.1364 81.4014 12.6885 34.057 36.5116 61.1111 38.5136 55.5405 3.02857 
16.0 83.0 40.0 12.0 13.0
244.0 239.0 240.0 243.0 243.0 242.0 243.0 241.0 244.0 244.0 240.0 240.0
243.0 243.0 242.0 243.0 242.0 233.0 247.0 172.0 243.0 244.0 218.0 243.0
246.0 244.0 249.0 255.0 255.0 236.0 252.0 214.0 250.0 249.0 247.0 244.0
243.0 244.0 243.0 243.0 243.0 243.0 243.0 243.0 243.0 243.0 243.0 243.0
243.0 242.0 243.0 243.0 243.0 243.0 242.0 244.0 244.0 244.0 244.0 243.0
21.1364 81.4014 12.6885 33.5165 36.5116 61.1111 38.5136 55.1256 3.02857 
16.0 83.0 41.0 12.0 13.0
244.0 239.0 240.0 243.0 243.0 242.0 243.0 241.0 243.0 244.0 240.0 239.0
243.0 243.0 242.0 243.0 242.0 232.0 247.0 171.0 242.0 243.0 218.0 243.0
247.0 244.0 249.0 255.0 255.0 237.0 252.0 215.0 250.0 249.0 247.0 244.0
242.0 244.0 244.0 243.0 243.0 243.0 244.0 243.0 243.0 243.0 243.0 243.0
243.0 242.0 242.0 243.0 243.0 244.0 244.0 244.0 243.0 243.0 243.0 242.0
