-10000
21.1364 79.5041 13.0731 0.00297297 34.9612 63.7037 35.9016 51.3912 7.1102 
30.0 23.0 42.0 13.0 12.0
242.0 225.0 226.0 239.0 240.0 235.0 239.0 235.0 240.0 240.0 230.0 231.0
243.0 243.0 244.0 243.0 243.0 242.0 244.0 232.0 243.0 244.0 242.0 242.0
240.0 240.0 233.0 231.0 231.0 226.0 231.0 213.0 232.0 234.0 230.0 240.0
242.0 243.0 244.0 244.0 244.0 244.0 244.0 243.0 244.0 244.0 244.0 243.0
244.0 245.0 247.0 248.0 248.0 247.0 249.0 247.0 246.0 248.0 248.0 245.0
21.2728 79.6157 18.8423 0.00297297 34.186 62.963 35.5285 51.8061 7.1102 
34.0 27.0 45.0 13.0 11.0
242.0 221.0 221.0 239.0 239.0 233.0 238.0 233.0 240.0 240.0 228.0 230.0
242.0 242.0 243.0 243.0 243.0 242.0 244.0 227.0 243.0 243.0 242.0 242.0
239.0 240.0 232.0 230.0 231.0 223.0 229.0 210.0 232.0 233.0 229.0 239.0
241.0 243.0 244.0 244.0 244.0 244.0 244.0 243.0 244.0 244.0 244.0 242.0
244.0 244.0 248.0 248.0 248.0 248.0 248.0 247.0 247.0 248.0 248.0 245.0
21.2728 79.6157 19.2269 0.00297297 34.5736 62.963 35.9016 52.221 7.1102 
36.0 29.0 49.0 13.0 11.0
242.0 218.0 219.0 238.0 239.0 232.0 238.0 233.0 240.0 240.0 226.0 229.0
242.0 242.0 244.0 244.0 242.0 242.0 245.0 226.0 243.0 243.0 242.0 242.0
240.0 240.0 232.0 229.0 230.0 221.0 228.0 206.0 232.0 233.0 228.0 240.0
242.0 243.0 244.0 244.0 244.0 244.0 244.0 243.0 244.0 244.0 244.0 243.0
244.0 244.0 248.0 249.0 248.0 246.0 249.0 247.0 247.0 248.0 248.0 245.0
21.1364 79.6157 18.8423 -0.537568 35.3488 62.2222 35.9016 53.0509 6.6 
39.0 32.0 51.0 14.0 11.0
242.0 215.0 218.0 238.0 239.0 231.0 239.0 233.0 240.0 240.0 226.0 229.0
242.0 243.0 244.0 243.0 243.0 241.0 244.0 222.0 243.0 243.0 242.0 242.0
239.0 240.0 231.0 229.0 230.0 219.0 228.0 204.0 232.0 233.0 229.0 240.0
241.0 243.0 244.0 244.0 244.0 244.0 244.0 243.0 244.0 244.0 244.0 243.0
244.0 244.0 247.0 249.0 247.0 247.0 249.0 248.0 247.0 247.0 247.0 246.0
21 79.7273 18.4577 -0.537568 36.124 61.8519 36.2748 53.8808 6.6 
42.0 36.0 50.0 13.0 11.0
241.0 213.0 217.0 239.0 239.0 231.0 238.0 234.0 240.0 239.0 226.0 228.0
242.0 243.0 243.0 243.0 243.0 241.0 244.0 219.0 243.0 243.0 242.0 242.0
239.0 240.0 231.0 229.0 229.0 219.0 228.0 205.0 232.0 233.0 229.0 240.0
242.0 243.0 244.0 244.0 244.0 244.0 244.0 243.0 244.0 244.0 244.0 243.0
244.0 244.0 248.0 248.0 247.0 247.0 249.0 247.0 247.0 247.0 247.0 245.0
21 79.8389 18.4577 0.00297297 36.5116 61.8519 36.6479 54.7107 6.0898 
43.0 37.0 52.0 13.0 12.0
241.0 211.0 216.0 238.0 240.0 231.0 238.0 233.0 240.0 240.0 225.0 227.0
242.0 243.0 244.0 243.0 243.0 240.0 244.0 217.0 243.0 243.0 243.0 242.0
239.0 240.0 231.0 228.0 229.0 218.0 227.0 203.0 231.0 233.0 228.0 240.0
241.0 243.0 244.0 244.0 245.0 244.0 244.0 243.0 244.0 244.0 244.0 243.0
244.0 244.0 247.0 249.0 247.0 248.0 248.0 249.0 246.0 247.0 248.0 245.0
21.1364 79.9505 18.0731 -0.537568 36.8992 62.2222 36.6479 55.1256 5.57959 
44.0 38.0 54.0 13.0 11.0
241.0 210.0 215.0 238.0 239.0 230.0 238.0 232.0 240.0 239.0 224.0 226.0
242.0 243.0 243.0 243.0 243.0 240.0 244.0 217.0 243.0 244.0 242.0 242.0
239.0 240.0 231.0 228.0 230.0 218.0 227.0 201.0 231.0 232.0 228.0 240.0
242.0 243.0 244.0 244.0 244.0 244.0 244.0 243.0 244.0 244.0 244.0 243.0
244.0 244.0 248.0 248.0 248.0 248.0 248.0 248.0 247.0 247.0 249.0 245.0
21.1364 80.1737 17.6885 -0.537568 37.2868 62.2222 37.021 55.9555 5.57959 
46.0 41.0 51.0 14.0 11.0
241.0 209.0 213.0 238.0 239.0 229.0 238.0 232.0 240.0 239.0 223.0 226.0
242.0 243.0 243.0 243.0 243.0 239.0 244.0 214.0 243.0 244.0 243.0 242.0
239.0 240.0 231.0 228.0 229.0 218.0 227.0 204.0 231.0 233.0 229.0 240.0
242.0 243.0 244.0 244.0 245.0 244.0 244.0 243.0 244.0 244.0 244.0 243.0
244.0 244.0 247.0 248.0 247.0 248.0 249.0 248.0 246.0 247.0 248.0 244.0
21.1364 80.1737 17.6885 0.00297297 37.2868 63.3333 37.021 56.3704 5.57959 
47.0 41.0 51.0 13.0 11.0
241.0 208.0 212.0 238.0 239.0 229.0 238.0 232.0 240.0 240.0 223.0 225.0
242.0 243.0 244.0 243.0 242.0 240.0 244.0 214.0 243.0 244.0 242.0 242.0
240.0 239.0 231.0 229.0 229.0 219.0 227.0 204.0 232.0 233.0 229.0 240.0
242.0 243.0 244.0 244.0 244.0 244.0 244.0 243.0 244.0 244.0 244.0 243.0
244.0 244.0 247.0 248.0 249.0 247.0 249.0 248.0 247.0 248.0 247.0 245.0
21 80.1737 17.6885 -0.537568 37.2868 64.0741 37.021 56.7854 5.57959 
48.0 41.0 51.0 14.0 12.0
241.0 207.0 212.0 238.0 239.0 229.0 238.0 232.0 240.0 239.0 222.0 225.0
242.0 243.0 243.0 243.0 243.0 239.0 243.0 212.0 243.0 244.0 242.0 242.0
239.0 240.0 231.0 229.0 229.0 220.0 227.0 205.0 231.0 233.0 230.0 240.0
242.0 243.0 244.0 244.0 244.0 244.0 244.0 243.0 244.0 244.0 244.0 243.0
244.0 243.0 249.0 249.0 246.0 249.0 248.0 249.0 247.0 247.0 248.0 245.0
21 80.2854 17.3038 -0.537568 38.062 63.7037 37.3942 56.7854 5.57959 
50.0 45.0 48.0 13.0 12.0
241.0 205.0 211.0 238.0 239.0 228.0 237.0 231.0 240.0 239.0 222.0 225.0
242.0 243.0 244.0 243.0 243.0 238.0 243.0 209.0 242.0 244.0 243.0 242.0
238.0 240.0 231.0 229.0 230.0 220.0 228.0 207.0 232.0 233.0 230.0 240.0
242.0 243.0 244.0 244.0 244.0 244.0 244.0 243.0 244.0 244.0 244.0 243.0
243.0 245.0 247.0 248.0 247.0 247.0 249.0 247.0 247.0 247.0 247.0 246.0
21 80.397 17.6885 -0.537568 38.062 63.3333 37.3942 56.7854 5.06939 
51.0 47.0 48.0 13.0 11.0
240.0 203.0 209.0 237.0 239.0 227.0 237.0 231.0 240.0 239.0 222.0 224.0
242.0 243.0 244.0 243.0 243.0 238.0 242.0 207.0 242.0 244.0 242.0 242.0
239.0 239.0 231.0 229.0 230.0 220.0 227.0 207.0 232.0 233.0 230.0 240.0
242.0 243.0 244.0 244.0 244.0 244.0 244.0 243.0 244.0 244.0 244.0 243.0
244.0 244.0 249.0 248.0 248.0 248.0 247.0 248.0 247.0 247.0 247.0 244.0
