-10000
21.5455 79.9505 14.6115 0.00297297 17.1318 16.2963 17.9912 12.802 6.0898 
13.0 16.0 17.0 13.0 11.0
242.0 241.0 241.0 243.0 242.0 243.0 242.0 243.0 243.0 242.0 243.0 242.0
242.0 242.0 243.0 242.0 243.0 242.0 242.0 239.0 242.0 242.0 242.0 242.0
243.0 242.0 242.0 241.0 241.0 239.0 239.0 238.0 240.0 241.0 239.0 241.0
242.0 243.0 245.0 244.0 244.0 244.0 244.0 244.0 244.0 244.0 244.0 243.0
243.0 244.0 249.0 248.0 248.0 248.0 248.0 248.0 246.0 248.0 249.0 246.0
21.1364 79.8389 16.15 0.543514 26.8217 27.037 19.8569 22.7605 6.0898 
14.0 16.0 17.0 13.0 11.0
242.0 241.0 241.0 243.0 242.0 242.0 242.0 242.0 242.0 243.0 243.0 242.0
242.0 242.0 243.0 242.0 242.0 241.0 242.0 239.0 242.0 243.0 242.0 241.0
242.0 242.0 242.0 242.0 241.0 239.0 239.0 238.0 240.0 241.0 239.0 241.0
241.0 243.0 245.0 244.0 244.0 244.0 244.0 244.0 244.0 244.0 244.0 243.0
243.0 244.0 248.0 249.0 248.0 248.0 248.0 249.0 247.0 248.0 248.0 245.0
21 79.7273 14.2269 0.543514 32.6357 56.2963 34.4091 46.8268 6.0898 
26.0 18.0 34.0 13.0 12.0
241.0 234.0 227.0 240.0 240.0 233.0 239.0 233.0 241.0 240.0 230.0 236.0
242.0 242.0 243.0 243.0 242.0 241.0 242.0 237.0 243.0 243.0 242.0 242.0
240.0 240.0 234.0 232.0 231.0 228.0 229.0 218.0 233.0 234.0 231.0 239.0
242.0 243.0 244.0 244.0 244.0 244.0 244.0 244.0 244.0 244.0 244.0 243.0
244.0 244.0 247.0 250.0 248.0 248.0 249.0 247.0 248.0 248.0 248.0 244.0
21 79.7273 14.2269 0.00297297 34.9612 65.5556 38.1404 54.2957 5.57959 
30.0 19.0 42.0 13.0 11.0
241.0 227.0 224.0 239.0 240.0 233.0 238.0 233.0 240.0 240.0 228.0 231.0
242.0 243.0 244.0 243.0 242.0 242.0 243.0 235.0 243.0 243.0 242.0 243.0
239.0 240.0 233.0 230.0 230.0 226.0 227.0 213.0 232.0 234.0 231.0 239.0
242.0 243.0 244.0 244.0 244.0 244.0 244.0 244.0 244.0 244.0 244.0 243.0
244.0 244.0 248.0 249.0 248.0 249.0 249.0 247.0 247.0 248.0 248.0 245.0
21 79.3925 16.9192 -0.537568 35.7364 66.6667 38.5136 55.9555 5.57959 
34.0 21.0 44.0 13.0 11.0
242.0 222.0 220.0 239.0 240.0 231.0 238.0 232.0 240.0 239.0 226.0 229.0
242.0 243.0 243.0 243.0 242.0 242.0 243.0 234.0 243.0 243.0 243.0 242.0
238.0 239.0 232.0 228.0 228.0 223.0 223.0 210.0 230.0 233.0 230.0 238.0
242.0 243.0 244.0 244.0 244.0 244.0 244.0 243.0 244.0 244.0 244.0 243.0
243.0 245.0 247.0 249.0 248.0 248.0 248.0 248.0 247.0 248.0 248.0 244.0
20.8637 79.3925 17.3038 -0.537568 35.3488 65.9259 38.5136 55.5405 5.57959 
36.0 23.0 49.0 14.0 11.0
242.0 218.0 218.0 239.0 239.0 230.0 238.0 231.0 240.0 239.0 224.0 228.0
242.0 242.0 243.0 243.0 242.0 241.0 243.0 231.0 243.0 243.0 242.0 242.0
239.0 239.0 232.0 228.0 227.0 222.0 221.0 206.0 230.0 232.0 230.0 239.0
242.0 243.0 245.0 244.0 245.0 244.0 244.0 244.0 244.0 244.0 244.0 243.0
244.0 245.0 249.0 249.0 249.0 249.0 249.0 249.0 247.0 248.0 248.0 245.0
20.7273 79.3925 17.3038 -0.537568 35.7364 65.5556 38.1404 55.5405 5.57959 
39.0 26.0 48.0 14.0 11.0
242.0 216.0 217.0 238.0 239.0 230.0 238.0 231.0 240.0 239.0 223.0 227.0
242.0 242.0 243.0 243.0 242.0 241.0 242.0 228.0 242.0 244.0 242.0 242.0
239.0 239.0 232.0 228.0 228.0 223.0 221.0 208.0 230.0 232.0 229.0 239.0
241.0 243.0 244.0 244.0 244.0 244.0 244.0 243.0 244.0 244.0 244.0 243.0
243.0 244.0 248.0 248.0 248.0 248.0 249.0 248.0 247.0 248.0 249.0 245.0
20.7273 79.5041 17.3038 -0.537568 36.124 65.5556 38.5136 55.5405 5.57959 
40.0 27.0 47.0 14.0 11.0
242.0 215.0 216.0 238.0 239.0 229.0 237.0 231.0 240.0 239.0 222.0 226.0
242.0 242.0 243.0 242.0 243.0 241.0 242.0 227.0 242.0 244.0 243.0 242.0
239.0 239.0 232.0 228.0 227.0 222.0 221.0 209.0 230.0 232.0 229.0 239.0
241.0 243.0 244.0 244.0 244.0 244.0 244.0 243.0 244.0 244.0 244.0 243.0
244.0 244.0 247.0 248.0 248.0 249.0 249.0 249.0 247.0 247.0 249.0 245.0
20.591 79.5041 17.6885 -0.537568 36.124 65.5556 38.1404 55.5405 5.57959 
42.0 29.0 48.0 13.0 11.0
241.0 213.0 215.0 238.0 239.0 228.0 238.0 231.0 239.0 239.0 221.0 226.0
242.0 243.0 243.0 243.0 242.0 241.0 241.0 225.0 241.0 244.0 242.0 242.0
238.0 239.0 231.0 227.0 227.0 221.0 221.0 208.0 229.0 232.0 229.0 239.0
241.0 243.0 244.0 244.0 244.0 244.0 244.0 244.0 244.0 244.0 244.0 243.0
244.0 244.0 248.0 249.0 248.0 248.0 248.0 249.0 247.0 247.0 248.0 246.0
20.7273 79.7273 17.6885 -0.537568 36.5116 64.8148 38.5136 55.9555 5.57959 
43.0 32.0 45.0 14.0 11.0
241.0 211.0 214.0 238.0 239.0 228.0 237.0 231.0 240.0 239.0 220.0 225.0
242.0 243.0 243.0 243.0 242.0 240.0 240.0 223.0 242.0 243.0 242.0 242.0
239.0 239.0 232.0 228.0 227.0 223.0 223.0 210.0 230.0 232.0 230.0 239.0
241.0 243.0 244.0 244.0 244.0 244.0 244.0 244.0 244.0 244.0 244.0 243.0
243.0 245.0 247.0 250.0 248.0 248.0 249.0 248.0 247.0 247.0 248.0 246.0
20.8637 79.8389 17.6885 -0.537568 36.5116 65.1852 38.5136 55.9555 5.57959 
44.0 33.0 45.0 13.0 11.0
241.0 211.0 214.0 238.0 239.0 228.0 237.0 231.0 240.0 239.0 221.0 225.0
242.0 243.0 244.0 243.0 242.0 240.0 240.0 222.0 241.0 244.0 242.0 242.0
239.0 239.0 231.0 228.0 227.0 223.0 222.0 211.0 230.0 232.0 229.0 239.0
241.0 244.0 244.0 244.0 244.0 244.0 244.0 243.0 244.0 244.0 244.0 243.0
244.0 244.0 247.0 249.0 249.0 248.0 248.0 247.0 247.0 248.0 248.0 244.0
20.8637 79.8389 17.6885 -0.537568 36.8992 65.1852 38.5136 55.9555 5.57959 
45.0 34.0 44.0 13.0 11.0
241.0 211.0 214.0 238.0 239.0 228.0 237.0 230.0 240.0 239.0 220.0 224.0
242.0 242.0 243.0 243.0 242.0 240.0 239.0 221.0 241.0 244.0 242.0 242.0
238.0 239.0 231.0 228.0 227.0 223.0 223.0 211.0 230.0 233.0 230.0 239.0
241.0 243.0 244.0 244.0 244.0 244.0 244.0 244.0 244.0 244.0 244.0 243.0
244.0 244.0 248.0 250.0 247.0 249.0 249.0 248.0 247.0 247.0 248.0 246.0
20.7273 79.8389 17.3038 -0.537568 36.8992 64.8148 38.5136 55.9555 5.57959 
45.0 34.0 43.0 13.0 11.0
241.0 209.0 214.0 238.0 239.0 228.0 237.0 231.0 240.0 239.0 219.0 224.0
243.0 243.0 243.0 243.0 242.0 240.0 238.0 219.0 241.0 244.0 242.0 241.0
239.0 239.0 231.0 227.0 228.0 223.0 223.0 213.0 230.0 233.0 229.0 239.0
242.0 243.0 245.0 244.0 245.0 244.0 244.0 243.0 244.0 244.0 244.0 243.0
244.0 244.0 248.0 249.0 247.0 249.0 249.0 249.0 247.0 248.0 248.0 246.0
20.591 79.9505 17.3038 -0.537568 37.6744 64.0741 38.5136 55.9555 5.06939 
47.0 36.0 42.0 14.0 11.0
241.0 207.0 213.0 238.0 239.0 228.0 237.0 231.0 239.0 238.0 220.0 224.0
242.0 243.0 243.0 243.0 242.0 240.0 237.0 219.0 240.0 244.0 242.0 242.0
239.0 239.0 231.0 227.0 227.0 223.0 223.0 213.0 230.0 233.0 230.0 239.0
241.0 244.0 244.0 244.0 245.0 244.0 244.0 243.0 244.0 245.0 244.0 242.0
244.0 244.0 249.0 249.0 248.0 248.0 249.0 248.0 247.0 248.0 248.0 245.0
20.4546 80.0621 16.9192 0.00297297 37.6744 64.0741 38.5136 55.9555 5.06939 
48.0 37.0 42.0 13.0 11.0
241.0 207.0 212.0 238.0 239.0 228.0 238.0 230.0 239.0 238.0 219.0 223.0
242.0 242.0 243.0 243.0 242.0 239.0 236.0 218.0 239.0 244.0 243.0 242.0
239.0 239.0 231.0 228.0 227.0 223.0 223.0 213.0 230.0 234.0 229.0 239.0
241.0 244.0 244.0 244.0 245.0 244.0 244.0 244.0 244.0 244.0 244.0 243.0
243.0 244.0 248.0 248.0 249.0 248.0 248.0 249.0 246.0 248.0 248.0 244.0
