-10000
21.1364 80.0621 14.6115 40.5435 33.0233 55.5556 34.7822 52.221 3.02857 
15.0 54.0 21.0 13.0 13.0
243.0 242.0 241.0 243.0 243.0 242.0 243.0 241.0 243.0 243.0 241.0 244.0
242.0 243.0 243.0 243.0 243.0 237.0 245.0 201.0 244.0 244.0 210.0 243.0
246.0 244.0 248.0 252.0 252.0 245.0 249.0 234.0 247.0 246.0 245.0 244.0
242.0 244.0 243.0 243.0 243.0 244.0 244.0 243.0 243.0 243.0 243.0 243.0
243.0 243.0 243.0 243.0 243.0 243.0 242.0 244.0 243.0 243.0 243.0 243.0
21 80.7318 13.8423 40.003 34.5736 57.4074 35.9016 53.4659 3.02857 
15.0 67.0 23.0 13.0 12.0
243.0 242.0 241.0 243.0 243.0 242.0 243.0 241.0 243.0 244.0 240.0 243.0
243.0 243.0 242.0 244.0 243.0 235.0 246.0 187.0 244.0 244.0 210.0 243.0
246.0 244.0 248.0 255.0 253.0 244.0 250.0 231.0 247.0 246.0 246.0 244.0
243.0 244.0 243.0 244.0 243.0 243.0 243.0 243.0 242.0 243.0 243.0 243.0
243.0 243.0 243.0 243.0 243.0 243.0 243.0 243.0 243.0 243.0 244.0 243.0
21 81.0666 13.4577 39.4624 35.7364 57.037 36.2748 54.2957 3.02857 
15.0 72.0 24.0 13.0 13.0
243.0 242.0 241.0 244.0 244.0 241.0 243.0 241.0 244.0 244.0 240.0 243.0
243.0 243.0 242.0 243.0 242.0 234.0 246.0 180.0 244.0 244.0 208.0 243.0
246.0 244.0 248.0 255.0 255.0 244.0 250.0 230.0 247.0 247.0 246.0 244.0
243.0 243.0 243.0 243.0 243.0 243.0 243.0 242.0 243.0 243.0 243.0 243.0
243.0 243.0 243.0 243.0 244.0 243.0 243.0 244.0 243.0 244.0 244.0 243.0
21.1364 81.4014 13.0731 39.4624 35.7364 57.7778 37.021 53.8808 3.02857 
15.0 77.0 26.0 12.0 12.0
243.0 241.0 241.0 244.0 243.0 242.0 243.0 241.0 243.0 244.0 241.0 243.0
242.0 243.0 242.0 243.0 242.0 233.0 246.0 178.0 243.0 244.0 209.0 243.0
247.0 244.0 249.0 255.0 255.0 242.0 250.0 229.0 247.0 247.0 246.0 244.0
242.0 243.0 243.0 244.0 243.0 243.0 243.0 243.0 243.0 243.0 243.0 243.0
243.0 243.0 243.0 244.0 243.0 243.0 243.0 244.0 243.0 243.0 244.0 242.0
21.1364 81.513 13.0731 39.4624 36.124 58.1481 37.021 54.2957 3.02857 
15.0 79.0 27.0 12.0 13.0
243.0 241.0 241.0 243.0 243.0 242.0 243.0 241.0 243.0 244.0 240.0 243.0
243.0 243.0 241.0 243.0 242.0 232.0 246.0 176.0 243.0 244.0 209.0 243.0
247.0 244.0 249.0 255.0 255.0 242.0 250.0 228.0 247.0 247.0 246.0 244.0
243.0 244.0 243.0 243.0 243.0 243.0 243.0 243.0 243.0 243.0 242.0 243.0
244.0 243.0 243.0 243.0 244.0 244.0 243.0 244.0 243.0 243.0 243.0 243.0
21.1364 81.513 13.0731 40.003 36.124 58.8889 37.3942 54.2957 3.53878 
15.0 82.0 28.0 13.0 12.0
244.0 241.0 241.0 243.0 243.0 241.0 243.0 241.0 243.0 244.0 241.0 243.0
242.0 243.0 242.0 243.0 242.0 232.0 246.0 173.0 244.0 243.0 210.0 243.0
247.0 244.0 248.0 255.0 255.0 242.0 249.0 227.0 247.0 246.0 246.0 244.0
243.0 243.0 243.0 243.0 243.0 243.0 244.0 243.0 242.0 243.0 243.0 243.0
243.0 243.0 243.0 243.0 243.0 244.0 243.0 244.0 243.0 243.0 244.0 243.0
21 81.513 13.0731 40.5435 35.7364 60 37.3942 54.7107 3.53878 
15.0 83.0 29.0 13.0 13.0
243.0 241.0 241.0 243.0 243.0 242.0 243.0 241.0 243.0 244.0 240.0 243.0
243.0 243.0 242.0 243.0 242.0 231.0 246.0 169.0 243.0 243.0 211.0 243.0
247.0 244.0 249.0 255.0 255.0 242.0 250.0 226.0 247.0 247.0 247.0 243.0
243.0 244.0 244.0 243.0 243.0 243.0 243.0 242.0 243.0 243.0 242.0 243.0
243.0 242.0 243.0 244.0 243.0 243.0 244.0 244.0 243.0 243.0 244.0 243.0
21 81.513 12.6885 40.003 35.7364 61.1111 37.3942 55.1256 2.51837 
15.0 89.0 30.0 12.0 13.0
243.0 242.0 241.0 243.0 243.0 241.0 243.0 241.0 243.0 244.0 240.0 243.0
242.0 243.0 242.0 243.0 242.0 230.0 246.0 166.0 242.0 243.0 213.0 243.0
247.0 244.0 249.0 255.0 255.0 241.0 249.0 226.0 247.0 246.0 246.0 244.0
243.0 244.0 243.0 243.0 243.0 243.0 243.0 243.0 243.0 243.0 243.0 243.0
243.0 243.0 243.0 242.0 243.0 244.0 243.0 244.0 243.0 243.0 243.0 243.0
21 81.513 12.6885 40.003 35.7364 61.4815 37.3942 55.5405 3.53878 
15.0 90.0 30.0 12.0 12.0
243.0 241.0 241.0 243.0 243.0 241.0 243.0 241.0 243.0 244.0 241.0 243.0
243.0 243.0 242.0 243.0 242.0 230.0 246.0 165.0 243.0 243.0 214.0 243.0
247.0 244.0 249.0 255.0 255.0 241.0 250.0 225.0 247.0 246.0 246.0 244.0
243.0 243.0 243.0 243.0 243.0 243.0 243.0 243.0 242.0 244.0 243.0 243.0
243.0 243.0 243.0 243.0 244.0 243.0 243.0 243.0 243.0 244.0 244.0 243.0
21.1364 81.6246 12.6885 40.003 35.7364 61.4815 37.3942 55.5405 3.53878 
15.0 90.0 31.0 13.0 13.0
243.0 241.0 241.0 243.0 243.0 242.0 243.0 241.0 243.0 244.0 240.0 243.0
243.0 243.0 242.0 243.0 242.0 230.0 246.0 164.0 243.0 243.0 213.0 243.0
247.0 244.0 249.0 255.0 255.0 241.0 250.0 224.0 247.0 246.0 246.0 244.0
242.0 243.0 242.0 243.0 243.0 243.0 243.0 243.0 243.0 243.0 243.0 243.0
243.0 243.0 243.0 243.0 243.0 242.0 243.0 243.0 244.0 244.0 244.0 244.0
21.1364 81.7362 12.6885 40.003 36.124 61.1111 37.3942 55.5405 3.53878 
15.0 92.0 30.0 13.0 13.0
243.0 241.0 241.0 244.0 243.0 241.0 243.0 241.0 243.0 244.0 240.0 243.0
243.0 243.0 242.0 243.0 242.0 229.0 246.0 161.0 242.0 243.0 212.0 243.0
247.0 244.0 249.0 255.0 255.0 241.0 249.0 225.0 247.0 246.0 246.0 243.0
242.0 243.0 243.0 243.0 243.0 243.0 244.0 243.0 243.0 243.0 243.0 243.0
242.0 243.0 243.0 243.0 243.0 243.0 243.0 244.0 244.0 244.0 244.0 243.0
21.1364 81.8479 12.6885 40.003 36.5116 61.1111 37.3942 55.5405 3.53878 
15.0 95.0 30.0 12.0 13.0
243.0 241.0 241.0 244.0 243.0 242.0 243.0 241.0 243.0 244.0 241.0 243.0
243.0 242.0 242.0 243.0 242.0 229.0 246.0 160.0 242.0 242.0 211.0 243.0
247.0 244.0 249.0 255.0 255.0 241.0 249.0 225.0 247.0 246.0 245.0 244.0
243.0 244.0 243.0 243.0 243.0 243.0 243.0 243.0 243.0 243.0 243.0 243.0
243.0 243.0 244.0 243.0 243.0 244.0 242.0 244.0 242.0 244.0 244.0 243.0
