-10000
21 79.3925 16.9192 44.3273 27.2093 54.4444 32.1703 48.4866 2.51837 
15.0 29.0 20.0 13.0 12.0
244.0 243.0 240.0 243.0 243.0 241.0 244.0 240.0 243.0 243.0 241.0 244.0
243.0 244.0 244.0 244.0 243.0 243.0 244.0 237.0 243.0 244.0 226.0 243.0
246.0 244.0 249.0 252.0 251.0 246.0 249.0 236.0 249.0 248.0 239.0 244.0
243.0 244.0 243.0 243.0 243.0 243.0 244.0 243.0 243.0 243.0 242.0 243.0
243.0 244.0 243.0 244.0 243.0 243.0 244.0 244.0 243.0 244.0 244.0 243.0
21 80.0621 16.15 43.2462 30.3101 51.8519 33.6628 49.3165 2.51837 
15.0 41.0 19.0 12.0 12.0
243.0 243.0 241.0 244.0 243.0 242.0 243.0 240.0 243.0 244.0 241.0 244.0
243.0 243.0 243.0 243.0 243.0 242.0 244.0 232.0 244.0 244.0 212.0 242.0
246.0 244.0 249.0 253.0 251.0 246.0 250.0 236.0 249.0 248.0 241.0 243.0
243.0 244.0 243.0 243.0 243.0 243.0 243.0 243.0 243.0 243.0 243.0 243.0
244.0 244.0 244.0 244.0 243.0 244.0 244.0 244.0 244.0 244.0 244.0 244.0
21 80.955 15.3808 42.7057 32.2481 51.1111 34.7822 48.9015 2.51837 
15.0 49.0 20.0 13.0 12.0
244.0 243.0 240.0 244.0 243.0 241.0 243.0 241.0 244.0 244.0 241.0 244.0
243.0 243.0 242.0 243.0 243.0 241.0 244.0 228.0 244.0 245.0 206.0 243.0
247.0 244.0 249.0 255.0 253.0 246.0 251.0 235.0 249.0 248.0 242.0 244.0
243.0 244.0 243.0 243.0 243.0 243.0 243.0 244.0 243.0 243.0 243.0 243.0
243.0 243.0 243.0 244.0 243.0 244.0 243.0 244.0 243.0 243.0 244.0 243.0
21.1364 81.6246 14.6115 42.1651 33.0233 52.2222 35.5285 49.7314 2.51837 
15.0 54.0 21.0 13.0 12.0
244.0 243.0 240.0 243.0 243.0 241.0 243.0 240.0 243.0 244.0 241.0 244.0
242.0 243.0 243.0 243.0 243.0 240.0 244.0 220.0 244.0 244.0 200.0 242.0
247.0 244.0 249.0 255.0 255.0 245.0 251.0 234.0 249.0 248.0 243.0 244.0
243.0 244.0 243.0 243.0 243.0 243.0 244.0 243.0 244.0 244.0 243.0 243.0
243.0 244.0 243.0 243.0 242.0 244.0 242.0 243.0 243.0 243.0 243.0 243.0
21 81.8479 14.6115 42.1651 33.0233 53.7037 35.5285 50.9762 2.51837 
15.0 56.0 23.0 13.0 13.0
244.0 243.0 240.0 243.0 243.0 241.0 243.0 241.0 243.0 244.0 240.0 244.0
243.0 243.0 242.0 243.0 243.0 239.0 244.0 216.0 244.0 244.0 200.0 243.0
247.0 244.0 249.0 255.0 255.0 244.0 251.0 231.0 249.0 248.0 243.0 244.0
242.0 243.0 243.0 243.0 244.0 243.0 244.0 243.0 243.0 243.0 243.0 243.0
243.0 244.0 243.0 243.0 243.0 244.0 242.0 243.0 242.0 243.0 243.0 243.0
21 81.8479 14.2269 42.1651 33.4109 54.8148 35.5285 52.221 2.51837 
15.0 53.0 26.0 12.0 13.0
244.0 243.0 241.0 243.0 243.0 242.0 244.0 241.0 244.0 244.0 240.0 243.0
242.0 243.0 242.0 243.0 243.0 239.0 245.0 212.0 244.0 244.0 201.0 242.0
248.0 244.0 250.0 255.0 255.0 244.0 251.0 229.0 249.0 248.0 244.0 244.0
243.0 243.0 243.0 243.0 243.0 243.0 243.0 243.0 243.0 244.0 243.0 243.0
244.0 244.0 244.0 244.0 244.0 244.0 243.0 243.0 243.0 243.0 244.0 244.0
21 82.2943 13.8423 42.1651 33.7984 55.9259 35.9016 53.0509 3.02857 
15.0 57.0 27.0 13.0 13.0
244.0 242.0 240.0 243.0 243.0 241.0 243.0 241.0 243.0 244.0 240.0 244.0
243.0 243.0 242.0 243.0 242.0 237.0 245.0 204.0 244.0 244.0 199.0 243.0
248.0 244.0 250.0 255.0 255.0 243.0 251.0 228.0 249.0 248.0 244.0 244.0
243.0 243.0 243.0 243.0 243.0 243.0 243.0 243.0 243.0 243.0 242.0 243.0
243.0 244.0 244.0 244.0 244.0 244.0 244.0 243.0 243.0 244.0 244.0 244.0
21 82.4059 13.4577 41.6246 33.7984 57.4074 36.2748 53.4659 3.02857 
14.0 56.0 29.0 13.0 12.0
244.0 242.0 241.0 243.0 243.0 241.0 243.0 241.0 243.0 244.0 241.0 243.0
243.0 243.0 242.0 244.0 242.0 237.0 246.0 199.0 244.0 244.0 201.0 243.0
248.0 244.0 250.0 255.0 255.0 242.0 251.0 226.0 249.0 248.0 244.0 244.0
243.0 244.0 243.0 243.0 243.0 243.0 243.0 243.0 243.0 243.0 243.0 243.0
244.0 244.0 243.0 244.0 243.0 244.0 243.0 244.0 243.0 244.0 244.0 244.0
21.1364 82.6291 13.4577 41.6246 33.7984 58.8889 36.6479 53.8808 3.02857 
15.0 61.0 30.0 12.0 12.0
244.0 242.0 241.0 244.0 243.0 242.0 243.0 241.0 244.0 244.0 240.0 243.0
243.0 243.0 242.0 243.0 243.0 236.0 246.0 194.0 244.0 244.0 202.0 243.0
248.0 244.0 250.0 255.0 255.0 241.0 251.0 224.0 249.0 248.0 244.0 244.0
243.0 244.0 243.0 243.0 243.0 243.0 244.0 243.0 243.0 244.0 243.0 243.0
244.0 244.0 244.0 244.0 243.0 244.0 242.0 244.0 244.0 243.0 244.0 243.0
21.1364 82.7407 13.0731 41.6246 34.186 59.2593 36.6479 54.7107 3.02857 
14.0 62.0 32.0 12.0 12.0
244.0 242.0 240.0 243.0 243.0 242.0 243.0 240.0 244.0 244.0 240.0 243.0
243.0 243.0 242.0 243.0 242.0 235.0 245.0 190.0 244.0 243.0 202.0 243.0
248.0 244.0 250.0 255.0 255.0 239.0 252.0 223.0 249.0 248.0 244.0 244.0
243.0 244.0 243.0 243.0 243.0 243.0 243.0 242.0 243.0 243.0 243.0 243.0
244.0 244.0 243.0 244.0 243.0 244.0 243.0 244.0 242.0 244.0 244.0 244.0
21.1364 83.0755 12.6885 41.0841 34.9612 59.2593 37.021 55.1256 3.02857 
15.0 71.0 32.0 12.0 12.0
244.0 242.0 241.0 243.0 243.0 242.0 243.0 241.0 243.0 244.0 240.0 243.0
243.0 243.0 241.0 243.0 242.0 234.0 246.0 185.0 244.0 243.0 200.0 243.0
248.0 244.0 251.0 255.0 255.0 239.0 252.0 222.0 249.0 248.0 245.0 244.0
243.0 244.0 243.0 243.0 244.0 243.0 243.0 243.0 243.0 243.0 243.0 243.0
244.0 244.0 243.0 244.0 243.0 244.0 243.0 243.0 243.0 244.0 244.0 244.0
21 82.9639 12.6885 40.5435 35.3488 59.2593 37.3942 55.1256 3.02857 
15.0 72.0 34.0 12.0 12.0
244.0 241.0 241.0 243.0 243.0 242.0 243.0 242.0 243.0 244.0 241.0 243.0
243.0 243.0 241.0 243.0 242.0 233.0 245.0 183.0 243.0 243.0 200.0 243.0
248.0 244.0 251.0 255.0 255.0 239.0 252.0 221.0 249.0 247.0 245.0 244.0
243.0 244.0 243.0 244.0 244.0 243.0 244.0 243.0 243.0 244.0 243.0 243.0
244.0 244.0 244.0 244.0 244.0 244.0 243.0 244.0 243.0 243.0 244.0 243.0
21 82.8523 12.6885 40.5435 35.3488 59.2593 37.3942 55.1256 3.02857 
15.0 73.0 34.0 12.0 12.0
244.0 241.0 241.0 243.0 243.0 242.0 243.0 241.0 243.0 244.0 241.0 242.0
244.0 243.0 241.0 243.0 242.0 233.0 246.0 182.0 244.0 242.0 199.0 243.0
248.0 244.0 251.0 255.0 255.0 238.0 251.0 220.0 248.0 248.0 245.0 244.0
243.0 244.0 243.0 243.0 243.0 243.0 243.0 243.0 243.0 243.0 243.0 243.0
244.0 244.0 244.0 244.0 244.0 244.0 243.0 244.0 243.0 243.0 244.0 243.0
21 82.5175 12.3038 40.003 35.3488 60.3704 37.7673 55.1256 3.02857 
14.0 77.0 34.0 12.0 12.0
244.0 241.0 241.0 244.0 243.0 242.0 243.0 241.0 244.0 244.0 241.0 243.0
243.0 243.0 241.0 243.0 242.0 233.0 246.0 179.0 243.0 242.0 200.0 243.0
248.0 244.0 251.0 255.0 255.0 238.0 250.0 221.0 248.0 248.0 245.0 244.0
243.0 244.0 244.0 243.0 243.0 243.0 243.0 243.0 243.0 244.0 243.0 243.0
244.0 244.0 244.0 244.0 243.0 244.0 244.0 244.0 244.0 243.0 244.0 244.0
21 82.2943 12.3038 39.4624 35.3488 61.4815 37.7673 55.5405 3.02857 
14.0 78.0 35.0 12.0 12.0
244.0 241.0 241.0 243.0 243.0 242.0 243.0 241.0 243.0 244.0 241.0 242.0
243.0 243.0 241.0 243.0 242.0 233.0 247.0 176.0 243.0 242.0 202.0 243.0
248.0 244.0 252.0 255.0 255.0 239.0 251.0 220.0 248.0 248.0 245.0 244.0
243.0 243.0 244.0 244.0 243.0 244.0 243.0 243.0 243.0 244.0 243.0 243.0
244.0 244.0 243.0 243.0 244.0 244.0 245.0 244.0 244.0 244.0 244.0 244.0
21.1364 82.1827 12.3038 37.8408 35.3488 61.8519 38.1404 55.5405 3.02857 
15.0 79.0 36.0 13.0 13.0
244.0 240.0 241.0 243.0 243.0 242.0 243.0 242.0 243.0 244.0 241.0 241.0
243.0 243.0 241.0 243.0 242.0 232.0 246.0 175.0 243.0 242.0 203.0 243.0
248.0 244.0 251.0 255.0 255.0 239.0 252.0 220.0 249.0 248.0 245.0 244.0
243.0 243.0 243.0 243.0 243.0 243.0 244.0 243.0 243.0 243.0 243.0 243.0
244.0 244.0 244.0 243.0 244.0 244.0 243.0 244.0 243.0 244.0 244.0 244.0
21.1364 82.1827 12.3038 37.3003 35.3488 61.8519 38.1404 55.5405 3.02857 
15.0 81.0 35.0 12.0 12.0
244.0 240.0 241.0 244.0 243.0 243.0 243.0 242.0 244.0 244.0 241.0 241.0
243.0 243.0 241.0 243.0 242.0 232.0 246.0 174.0 242.0 242.0 203.0 243.0
248.0 244.0 251.0 255.0 255.0 239.0 251.0 219.0 248.0 248.0 245.0 244.0
243.0 244.0 244.0 243.0 243.0 243.0 244.0 243.0 243.0 243.0 243.0 243.0
243.0 244.0 244.0 244.0 244.0 243.0 244.0 243.0 244.0 243.0 244.0 244.0
21 82.0711 12.3038 37.3003 35.3488 61.8519 38.1404 55.5405 3.02857 
15.0 81.0 36.0 12.0 12.0
244.0 240.0 241.0 243.0 243.0 242.0 243.0 242.0 243.0 244.0 241.0 241.0
242.0 243.0 241.0 243.0 243.0 232.0 246.0 173.0 243.0 242.0 203.0 243.0
248.0 245.0 251.0 255.0 255.0 239.0 251.0 219.0 248.0 247.0 246.0 244.0
243.0 243.0 244.0 244.0 243.0 243.0 243.0 243.0 243.0 244.0 243.0 243.0
244.0 244.0 244.0 243.0 244.0 244.0 243.0 245.0 242.0 244.0 244.0 244.0
21 82.0711 12.3038 37.3003 36.124 61.4815 38.5136 55.5405 3.02857 
15.0 84.0 36.0 13.0 12.0
244.0 240.0 241.0 244.0 243.0 242.0 243.0 243.0 244.0 244.0 241.0 241.0
243.0 243.0 241.0 243.0 242.0 231.0 245.0 170.0 243.0 242.0 201.0 243.0
248.0 244.0 251.0 255.0 255.0 238.0 251.0 220.0 248.0 248.0 245.0 244.0
243.0 244.0 243.0 243.0 243.0 243.0 243.0 243.0 243.0 243.0 243.0 243.0
243.0 245.0 243.0 243.0 243.0 244.0 243.0 244.0 244.0 244.0 244.0 244.0
20.8637 82.0711 12.3038 36.7597 36.124 61.4815 38.5136 55.5405 3.02857 
16.0 85.0 36.0 12.0 12.0
244.0 240.0 241.0 243.0 243.0 242.0 243.0 242.0 244.0 244.0 241.0 241.0
243.0 243.0 241.0 243.0 242.0 231.0 246.0 170.0 243.0 242.0 201.0 243.0
248.0 244.0 251.0 255.0 255.0 239.0 252.0 220.0 249.0 247.0 245.0 244.0
243.0 244.0 243.0 244.0 243.0 243.0 243.0 243.0 243.0 243.0 243.0 243.0
244.0 244.0 244.0 244.0 244.0 244.0 243.0 244.0 243.0 243.0 243.0 244.0
21 82.0711 12.3038 36.7597 36.124 61.8519 38.5136 55.5405 3.02857 
16.0 85.0 36.0 12.0 12.0
244.0 239.0 241.0 243.0 243.0 242.0 243.0 242.0 243.0 244.0 241.0 241.0
242.0 243.0 241.0 243.0 242.0 230.0 246.0 169.0 242.0 241.0 201.0 243.0
248.0 244.0 252.0 255.0 255.0 239.0 251.0 219.0 248.0 247.0 245.0 244.0
242.0 243.0 243.0 244.0 244.0 243.0 244.0 242.0 243.0 243.0 243.0 243.0
244.0 244.0 243.0 243.0 243.0 243.0 243.0 244.0 243.0 244.0 243.0 244.0
