-10000
21.2728 79.7273 13.8423 0.00297297 33.0233 63.3333 36.6479 33.1339 6.0898 
27.0 21.0 24.0 13.0 11.0
242.0 230.0 229.0 240.0 240.0 236.0 239.0 236.0 241.0 241.0 232.0 235.0
242.0 243.0 243.0 243.0 242.0 242.0 244.0 234.0 242.0 243.0 242.0 242.0
241.0 241.0 236.0 233.0 235.0 234.0 234.0 231.0 235.0 236.0 230.0 240.0
242.0 243.0 244.0 244.0 244.0 244.0 243.0 243.0 244.0 244.0 244.0 243.0
244.0 244.0 247.0 249.0 247.0 247.0 249.0 249.0 246.0 247.0 248.0 244.0
21.1364 79.7273 18.4577 0.00297297 33.4109 62.963 35.5285 37.2833 6.0898 
31.0 24.0 30.0 14.0 11.0
242.0 225.0 224.0 239.0 240.0 234.0 239.0 234.0 240.0 240.0 230.0 233.0
242.0 243.0 243.0 243.0 242.0 242.0 244.0 231.0 242.0 243.0 242.0 242.0
240.0 240.0 233.0 231.0 232.0 229.0 232.0 221.0 234.0 235.0 227.0 240.0
242.0 243.0 244.0 244.0 244.0 244.0 244.0 243.0 244.0 244.0 244.0 243.0
244.0 244.0 247.0 249.0 249.0 248.0 249.0 248.0 246.0 248.0 248.0 245.0
21.1364 79.8389 18.8423 0.00297297 34.186 63.7037 34.4091 44.7522 6.0898 
33.0 25.0 42.0 13.0 11.0
242.0 221.0 223.0 239.0 240.0 233.0 239.0 235.0 241.0 240.0 229.0 231.0
242.0 242.0 244.0 243.0 242.0 242.0 244.0 229.0 243.0 243.0 242.0 242.0
239.0 240.0 232.0 230.0 230.0 224.0 232.0 212.0 233.0 235.0 227.0 240.0
242.0 243.0 244.0 244.0 244.0 244.0 244.0 244.0 244.0 244.0 243.0 243.0
243.0 244.0 248.0 248.0 248.0 247.0 249.0 248.0 247.0 246.0 249.0 244.0
21.2728 79.9505 18.8423 0.00297297 34.5736 63.7037 34.7822 48.0717 6.0898 
36.0 29.0 46.0 13.0 11.0
241.0 218.0 222.0 239.0 239.0 233.0 239.0 234.0 240.0 240.0 229.0 230.0
242.0 243.0 244.0 243.0 242.0 241.0 244.0 225.0 243.0 243.0 243.0 242.0
238.0 241.0 231.0 229.0 230.0 222.0 231.0 209.0 232.0 234.0 229.0 240.0
242.0 243.0 244.0 244.0 244.0 244.0 244.0 244.0 244.0 244.0 244.0 243.0
244.0 245.0 248.0 248.0 248.0 248.0 249.0 248.0 247.0 248.0 248.0 245.0
21.2728 80.0621 18.0731 0.00297297 35.7364 62.963 35.1554 50.5613 5.57959 
40.0 33.0 47.0 13.0 12.0
241.0 215.0 220.0 239.0 240.0 233.0 238.0 234.0 240.0 240.0 228.0 229.0
242.0 243.0 244.0 243.0 242.0 240.0 244.0 222.0 243.0 243.0 243.0 242.0
239.0 240.0 231.0 229.0 230.0 221.0 230.0 207.0 231.0 233.0 229.0 241.0
241.0 243.0 244.0 244.0 244.0 244.0 244.0 244.0 244.0 244.0 244.0 243.0
243.0 244.0 248.0 249.0 248.0 248.0 248.0 248.0 247.0 248.0 247.0 244.0
21.1364 79.9505 18.0731 0.00297297 35.7364 64.0741 35.5285 52.221 5.57959 
42.0 33.0 48.0 13.0 12.0
241.0 213.0 220.0 239.0 240.0 233.0 238.0 234.0 240.0 240.0 228.0 228.0
242.0 243.0 243.0 243.0 242.0 240.0 244.0 222.0 242.0 244.0 243.0 242.0
238.0 240.0 231.0 229.0 230.0 220.0 230.0 207.0 231.0 234.0 229.0 241.0
242.0 243.0 244.0 244.0 244.0 244.0 244.0 243.0 244.0 244.0 244.0 243.0
244.0 244.0 248.0 248.0 247.0 247.0 248.0 248.0 247.0 248.0 248.0 245.0
21 80.1737 17.3038 0.00297297 36.5116 64.0741 35.9016 53.8808 5.06939 
44.0 35.0 49.0 13.0 11.0
241.0 210.0 219.0 239.0 240.0 232.0 238.0 234.0 241.0 240.0 228.0 227.0
242.0 243.0 243.0 243.0 242.0 238.0 243.0 219.0 243.0 243.0 243.0 242.0
238.0 240.0 230.0 229.0 230.0 219.0 229.0 207.0 231.0 233.0 229.0 240.0
241.0 243.0 244.0 244.0 244.0 244.0 244.0 243.0 244.0 244.0 244.0 243.0
244.0 244.0 248.0 248.0 248.0 248.0 248.0 248.0 247.0 247.0 247.0 245.0
20.8637 80.2854 17.3038 0.00297297 36.5116 64.8148 36.2748 54.7107 5.06939 
47.0 38.0 49.0 14.0 12.0
241.0 208.0 219.0 238.0 239.0 232.0 239.0 235.0 240.0 240.0 227.0 226.0
243.0 243.0 243.0 243.0 243.0 239.0 243.0 216.0 242.0 244.0 242.0 242.0
239.0 240.0 229.0 228.0 230.0 219.0 229.0 206.0 232.0 233.0 229.0 240.0
241.0 243.0 244.0 244.0 244.0 244.0 244.0 243.0 244.0 244.0 244.0 243.0
244.0 244.0 248.0 250.0 247.0 249.0 248.0 247.0 247.0 247.0 248.0 245.0
20.7273 80.397 17.3038 -0.537568 36.8992 65.1852 37.021 55.1256 5.06939 
48.0 38.0 48.0 14.0 12.0
241.0 207.0 218.0 238.0 240.0 233.0 238.0 234.0 240.0 239.0 227.0 225.0
242.0 243.0 243.0 243.0 243.0 238.0 243.0 217.0 243.0 243.0 243.0 242.0
238.0 240.0 229.0 228.0 230.0 218.0 228.0 205.0 230.0 233.0 228.0 241.0
242.0 243.0 244.0 244.0 244.0 244.0 244.0 243.0 244.0 244.0 244.0 243.0
244.0 244.0 247.0 248.0 247.0 248.0 248.0 248.0 247.0 247.0 248.0 245.0
20.7273 80.6202 16.9192 -0.537568 37.6744 64.8148 37.021 55.1256 4.55918 
50.0 40.0 48.0 13.0 11.0
241.0 204.0 216.0 238.0 239.0 230.0 238.0 233.0 240.0 239.0 225.0 225.0
242.0 243.0 242.0 243.0 243.0 237.0 241.0 214.0 243.0 244.0 243.0 243.0
239.0 240.0 229.0 229.0 231.0 219.0 229.0 207.0 231.0 232.0 229.0 240.0
241.0 243.0 245.0 244.0 244.0 244.0 244.0 243.0 244.0 244.0 244.0 243.0
244.0 244.0 247.0 248.0 247.0 248.0 248.0 249.0 246.0 247.0 249.0 244.0
20.7273 80.8434 16.5346 0.00297297 38.062 64.8148 37.3942 55.5405 4.55918 
52.0 44.0 47.0 14.0 11.0
240.0 203.0 215.0 238.0 239.0 231.0 238.0 233.0 240.0 240.0 225.0 224.0
242.0 243.0 243.0 243.0 243.0 236.0 241.0 211.0 243.0 244.0 243.0 242.0
238.0 240.0 229.0 229.0 231.0 219.0 229.0 207.0 230.0 233.0 228.0 240.0
242.0 243.0 244.0 244.0 244.0 244.0 244.0 243.0 244.0 244.0 244.0 243.0
244.0 244.0 248.0 248.0 248.0 248.0 247.0 248.0 246.0 247.0 247.0 246.0
20.1819 80.7318 16.9192 -0.537568 38.062 64.4444 37.3942 55.5405 4.55918 
53.0 45.0 48.0 14.0 11.0
240.0 202.0 214.0 238.0 239.0 230.0 238.0 233.0 240.0 239.0 225.0 224.0
242.0 243.0 243.0 243.0 242.0 236.0 242.0 209.0 242.0 244.0 243.0 242.0
238.0 240.0 229.0 229.0 231.0 219.0 228.0 208.0 230.0 233.0 229.0 240.0
241.0 243.0 244.0 244.0 244.0 244.0 244.0 243.0 244.0 244.0 244.0 243.0
244.0 244.0 247.0 249.0 247.0 249.0 248.0 248.0 246.0 248.0 248.0 245.0
20.1819 80.6202 17.3038 -0.537568 38.062 64.4444 37.3942 55.5405 4.55918 
54.0 47.0 48.0 13.0 11.0
240.0 201.0 212.0 238.0 239.0 229.0 238.0 233.0 240.0 239.0 223.0 223.0
242.0 243.0 243.0 243.0 242.0 236.0 241.0 207.0 243.0 244.0 243.0 242.0
238.0 239.0 229.0 229.0 231.0 219.0 228.0 207.0 231.0 233.0 228.0 240.0
242.0 243.0 244.0 244.0 244.0 244.0 244.0 243.0 244.0 245.0 244.0 243.0
244.0 244.0 247.0 249.0 248.0 247.0 248.0 248.0 246.0 247.0 248.0 245.0
20.1819 80.6202 17.3038 -0.537568 38.062 64.8148 37.3942 55.5405 4.55918 
55.0 48.0 49.0 13.0 11.0
240.0 200.0 212.0 237.0 239.0 229.0 238.0 232.0 240.0 239.0 223.0 223.0
242.0 242.0 243.0 243.0 242.0 235.0 241.0 208.0 242.0 244.0 242.0 242.0
238.0 240.0 228.0 228.0 231.0 218.0 228.0 207.0 230.0 233.0 228.0 240.0
242.0 243.0 244.0 245.0 244.0 244.0 244.0 243.0 244.0 244.0 244.0 243.0
243.0 244.0 247.0 249.0 248.0 247.0 248.0 247.0 246.0 247.0 248.0 244.0
20.3182 80.7318 17.3038 -0.537568 38.062 64.8148 37.3942 55.5405 4.55918 
55.0 48.0 48.0 13.0 11.0
240.0 200.0 212.0 238.0 239.0 229.0 237.0 232.0 240.0 239.0 223.0 222.0
242.0 243.0 243.0 243.0 242.0 235.0 242.0 207.0 242.0 244.0 243.0 242.0
238.0 239.0 228.0 228.0 231.0 218.0 228.0 206.0 229.0 233.0 229.0 240.0
241.0 243.0 244.0 244.0 244.0 244.0 244.0 243.0 244.0 244.0 244.0 243.0
244.0 244.0 247.0 249.0 247.0 247.0 249.0 247.0 247.0 248.0 248.0 244.0
