-10000
21.2728 79.6157 10.3808 0.00297297 34.186 60 30.6778 52.221 6.0898 
25.0 20.0 33.0 14.0 12.0
242.0 234.0 229.0 240.0 240.0 236.0 239.0 236.0 241.0 240.0 233.0 236.0
242.0 243.0 243.0 243.0 242.0 241.0 242.0 235.0 242.0 243.0 242.0 242.0
240.0 241.0 234.0 232.0 233.0 230.0 232.0 222.0 234.0 235.0 232.0 240.0
242.0 243.0 244.0 244.0 245.0 244.0 244.0 243.0 244.0 244.0 244.0 243.0
244.0 244.0 248.0 248.0 249.0 248.0 249.0 249.0 246.0 248.0 248.0 246.0
21.1364 79.3925 13.4577 0.00297297 35.3488 59.2593 33.6628 52.636 6.0898 
29.0 23.0 38.0 13.0 11.0
242.0 228.0 224.0 239.0 240.0 233.0 239.0 235.0 240.0 240.0 229.0 232.0
242.0 242.0 243.0 243.0 242.0 241.0 243.0 231.0 243.0 243.0 242.0 242.0
239.0 240.0 233.0 232.0 232.0 227.0 231.0 216.0 233.0 234.0 231.0 240.0
241.0 243.0 244.0 244.0 244.0 244.0 244.0 244.0 244.0 244.0 244.0 243.0
244.0 244.0 248.0 249.0 248.0 247.0 248.0 248.0 247.0 249.0 249.0 245.0
21.1364 79.0577 17.6885 -0.537568 35.7364 59.6296 34.4091 53.4659 6.0898 
35.0 27.0 42.0 13.0 11.0
242.0 224.0 219.0 239.0 240.0 231.0 238.0 232.0 240.0 239.0 226.0 231.0
242.0 242.0 243.0 243.0 242.0 242.0 244.0 228.0 242.0 243.0 242.0 242.0
240.0 240.0 233.0 231.0 231.0 224.0 230.0 212.0 232.0 233.0 230.0 240.0
242.0 243.0 244.0 245.0 244.0 244.0 244.0 243.0 244.0 244.0 244.0 243.0
243.0 245.0 248.0 249.0 247.0 248.0 248.0 248.0 246.0 247.0 248.0 245.0
21.1364 79.0577 18.8423 -0.537568 35.3488 60.7407 35.5285 54.7107 6.0898 
38.0 30.0 44.0 13.0 11.0
241.0 221.0 217.0 238.0 239.0 230.0 238.0 231.0 240.0 239.0 224.0 230.0
242.0 242.0 244.0 243.0 243.0 242.0 244.0 225.0 243.0 243.0 243.0 242.0
239.0 240.0 233.0 230.0 230.0 224.0 228.0 211.0 231.0 233.0 230.0 240.0
242.0 243.0 244.0 245.0 244.0 244.0 244.0 243.0 244.0 244.0 244.0 243.0
244.0 244.0 249.0 249.0 248.0 247.0 249.0 247.0 248.0 247.0 248.0 245.0
21.1364 79.3925 18.8423 0.00297297 36.124 61.1111 35.9016 55.1256 5.57959 
40.0 34.0 44.0 13.0 11.0
242.0 218.0 215.0 238.0 239.0 229.0 238.0 231.0 240.0 240.0 224.0 229.0
242.0 242.0 244.0 243.0 242.0 241.0 245.0 220.0 242.0 244.0 243.0 242.0
239.0 240.0 232.0 229.0 231.0 222.0 228.0 211.0 231.0 233.0 230.0 239.0
241.0 243.0 244.0 244.0 244.0 244.0 244.0 243.0 244.0 244.0 244.0 243.0
243.0 245.0 248.0 250.0 247.0 249.0 249.0 249.0 246.0 247.0 249.0 246.0
21 79.5041 18.4577 -0.537568 36.5116 60.7407 35.9016 55.1256 5.57959 
41.0 37.0 43.0 14.0 11.0
241.0 216.0 214.0 238.0 239.0 229.0 237.0 231.0 240.0 239.0 224.0 229.0
242.0 242.0 243.0 243.0 243.0 240.0 244.0 218.0 243.0 243.0 242.0 242.0
239.0 240.0 232.0 229.0 230.0 223.0 228.0 212.0 231.0 233.0 230.0 240.0
242.0 243.0 244.0 244.0 244.0 244.0 244.0 243.0 244.0 244.0 244.0 243.0
244.0 244.0 247.0 249.0 247.0 248.0 248.0 247.0 247.0 247.0 249.0 245.0
21 79.5041 18.4577 -0.537568 36.124 61.1111 35.9016 55.1256 5.57959 
42.0 39.0 43.0 14.0 11.0
241.0 216.0 213.0 238.0 239.0 229.0 237.0 231.0 240.0 239.0 223.0 228.0
241.0 243.0 243.0 243.0 243.0 241.0 244.0 216.0 242.0 244.0 242.0 242.0
239.0 239.0 231.0 229.0 229.0 223.0 227.0 211.0 231.0 233.0 229.0 240.0
242.0 243.0 244.0 244.0 244.0 244.0 244.0 243.0 244.0 244.0 244.0 243.0
244.0 244.0 249.0 249.0 248.0 249.0 249.0 248.0 246.0 248.0 247.0 245.0
20.8637 79.5041 18.0731 -0.537568 36.8992 61.1111 35.9016 55.5405 5.57959 
42.0 40.0 43.0 14.0 11.0
241.0 214.0 213.0 238.0 239.0 228.0 237.0 231.0 240.0 239.0 223.0 228.0
242.0 242.0 243.0 243.0 242.0 239.0 244.0 215.0 242.0 243.0 242.0 242.0
239.0 240.0 232.0 229.0 230.0 223.0 227.0 212.0 231.0 233.0 230.0 239.0
241.0 243.0 244.0 244.0 244.0 244.0 244.0 243.0 244.0 244.0 244.0 243.0
244.0 244.0 249.0 248.0 249.0 248.0 249.0 249.0 247.0 247.0 247.0 244.0
20.8637 79.6157 18.0731 -0.537568 37.2868 60.7407 35.9016 55.5405 5.06939 
43.0 42.0 42.0 13.0 11.0
241.0 213.0 212.0 238.0 239.0 228.0 237.0 231.0 240.0 239.0 222.0 227.0
242.0 242.0 244.0 243.0 242.0 239.0 244.0 213.0 243.0 244.0 242.0 242.0
239.0 240.0 231.0 229.0 230.0 223.0 227.0 213.0 231.0 233.0 230.0 239.0
242.0 244.0 244.0 244.0 244.0 244.0 244.0 243.0 244.0 244.0 244.0 243.0
244.0 244.0 247.0 249.0 247.0 248.0 249.0 249.0 247.0 248.0 249.0 245.0
20.8637 79.8389 18.0731 -0.537568 36.8992 62.5926 36.2748 55.9555 5.06939 
44.0 43.0 43.0 13.0 11.0
241.0 210.0 211.0 238.0 239.0 227.0 237.0 231.0 240.0 239.0 222.0 226.0
242.0 243.0 243.0 243.0 242.0 240.0 243.0 211.0 242.0 243.0 242.0 242.0
240.0 240.0 232.0 230.0 230.0 223.0 227.0 213.0 232.0 233.0 230.0 239.0
241.0 244.0 245.0 244.0 244.0 244.0 244.0 243.0 244.0 244.0 243.0 243.0
244.0 245.0 247.0 250.0 248.0 248.0 248.0 249.0 247.0 248.0 249.0 245.0
21 80.1737 17.6885 -0.537568 37.6744 62.5926 36.2748 55.9555 5.06939 
46.0 46.0 41.0 14.0 11.0
241.0 209.0 210.0 238.0 239.0 227.0 237.0 231.0 240.0 239.0 221.0 226.0
242.0 242.0 243.0 243.0 242.0 238.0 242.0 209.0 241.0 244.0 242.0 242.0
239.0 240.0 232.0 230.0 230.0 224.0 228.0 214.0 232.0 234.0 231.0 240.0
241.0 243.0 245.0 244.0 244.0 244.0 244.0 244.0 244.0 244.0 244.0 242.0
243.0 244.0 248.0 250.0 248.0 247.0 248.0 248.0 247.0 247.0 248.0 245.0
21 80.2854 17.6885 0.00297297 38.062 62.5926 36.2748 56.3704 5.06939 
47.0 47.0 42.0 14.0 12.0
241.0 208.0 209.0 238.0 239.0 227.0 237.0 231.0 240.0 239.0 221.0 225.0
242.0 242.0 244.0 243.0 243.0 238.0 241.0 208.0 241.0 244.0 242.0 242.0
239.0 240.0 232.0 229.0 230.0 224.0 228.0 214.0 231.0 234.0 230.0 240.0
242.0 243.0 244.0 244.0 244.0 245.0 244.0 243.0 244.0 244.0 244.0 243.0
244.0 244.0 248.0 248.0 248.0 249.0 248.0 248.0 247.0 247.0 248.0 245.0
