-10000
21.2728 79.7273 13.0731 -0.537568 34.9612 57.037 35.5285 49.3165 5.57959 
30.0 25.0 39.0 14.0 11.0
242.0 227.0 224.0 240.0 240.0 234.0 239.0 234.0 241.0 240.0 229.0 232.0
242.0 243.0 244.0 243.0 242.0 243.0 243.0 230.0 243.0 243.0 242.0 243.0
240.0 240.0 233.0 230.0 230.0 226.0 229.0 215.0 232.0 234.0 230.0 239.0
242.0 243.0 244.0 244.0 244.0 245.0 244.0 243.0 244.0 245.0 244.0 243.0
244.0 244.0 249.0 249.0 248.0 248.0 249.0 248.0 247.0 249.0 248.0 244.0
21.1364 79.3925 18.8423 -0.537568 33.7984 57.7778 36.2748 49.7314 5.57959 
36.0 28.0 45.0 13.0 11.0
242.0 223.0 219.0 239.0 240.0 231.0 238.0 232.0 240.0 240.0 226.0 231.0
242.0 243.0 243.0 243.0 242.0 243.0 244.0 227.0 243.0 243.0 242.0 242.0
240.0 240.0 233.0 230.0 230.0 223.0 228.0 210.0 232.0 233.0 229.0 239.0
241.0 243.0 244.0 245.0 244.0 245.0 244.0 244.0 244.0 245.0 244.0 243.0
244.0 245.0 249.0 250.0 248.0 248.0 249.0 247.0 248.0 248.0 247.0 244.0
21.1364 79.3925 19.2269 -0.537568 35.3488 58.5185 36.2748 50.9762 5.57959 
38.0 30.0 49.0 14.0 11.0
242.0 221.0 217.0 238.0 239.0 231.0 238.0 232.0 240.0 239.0 224.0 230.0
242.0 243.0 244.0 243.0 243.0 242.0 244.0 225.0 244.0 243.0 242.0 242.0
239.0 240.0 232.0 229.0 228.0 221.0 226.0 205.0 231.0 233.0 228.0 239.0
241.0 243.0 244.0 244.0 244.0 244.0 244.0 244.0 244.0 244.0 244.0 243.0
244.0 244.0 248.0 249.0 249.0 247.0 250.0 249.0 247.0 249.0 249.0 245.0
21.2728 79.6157 18.8423 0.00297297 35.7364 60.7407 36.2748 53.0509 5.57959 
39.0 30.0 54.0 13.0 12.0
242.0 217.0 216.0 239.0 239.0 230.0 238.0 232.0 240.0 240.0 224.0 230.0
242.0 243.0 244.0 244.0 242.0 242.0 245.0 225.0 243.0 243.0 242.0 242.0
239.0 240.0 231.0 228.0 227.0 218.0 224.0 201.0 231.0 232.0 228.0 239.0
241.0 243.0 244.0 244.0 245.0 244.0 245.0 244.0 244.0 244.0 244.0 243.0
244.0 244.0 248.0 249.0 249.0 248.0 249.0 249.0 247.0 249.0 249.0 246.0
21 79.6157 18.4577 -0.537568 35.7364 61.4815 36.6479 53.8808 5.06939 
40.0 33.0 53.0 13.0 11.0
242.0 215.0 214.0 238.0 239.0 230.0 238.0 232.0 240.0 240.0 224.0 229.0
242.0 243.0 244.0 244.0 243.0 241.0 245.0 221.0 243.0 243.0 243.0 242.0
239.0 239.0 231.0 227.0 227.0 219.0 224.0 202.0 231.0 232.0 228.0 239.0
242.0 243.0 244.0 244.0 245.0 244.0 244.0 243.0 244.0 244.0 244.0 243.0
244.0 244.0 248.0 250.0 249.0 248.0 249.0 248.0 247.0 248.0 249.0 245.0
20.8637 79.7273 18.0731 -0.537568 36.5116 61.4815 37.021 54.7107 5.57959 
42.0 38.0 52.0 13.0 11.0
241.0 213.0 213.0 238.0 239.0 230.0 238.0 232.0 240.0 239.0 222.0 229.0
242.0 242.0 244.0 243.0 243.0 241.0 245.0 217.0 243.0 243.0 243.0 242.0
239.0 240.0 231.0 228.0 227.0 218.0 224.0 203.0 230.0 232.0 228.0 239.0
241.0 243.0 245.0 244.0 245.0 244.0 244.0 244.0 244.0 244.0 244.0 243.0
243.0 245.0 248.0 250.0 249.0 249.0 249.0 247.0 248.0 248.0 249.0 246.0
20.8637 79.8389 17.6885 -0.537568 36.8992 62.2222 37.021 55.1256 4.55918 
44.0 38.0 53.0 13.0 11.0
241.0 211.0 213.0 238.0 239.0 230.0 238.0 232.0 240.0 239.0 223.0 228.0
242.0 242.0 244.0 244.0 243.0 241.0 245.0 217.0 243.0 243.0 243.0 242.0
238.0 240.0 231.0 227.0 227.0 217.0 223.0 201.0 230.0 232.0 228.0 239.0
242.0 243.0 244.0 245.0 245.0 245.0 244.0 243.0 244.0 244.0 244.0 243.0
244.0 244.0 249.0 250.0 249.0 249.0 249.0 249.0 247.0 248.0 249.0 244.0
20.8637 79.9505 17.3038 -0.537568 37.2868 62.5926 37.3942 55.5405 5.06939 
46.0 40.0 53.0 13.0 11.0
241.0 208.0 211.0 238.0 239.0 229.0 238.0 232.0 240.0 239.0 221.0 227.0
242.0 243.0 244.0 243.0 242.0 241.0 244.0 214.0 243.0 244.0 243.0 242.0
239.0 240.0 231.0 227.0 227.0 217.0 223.0 201.0 230.0 232.0 228.0 239.0
242.0 243.0 245.0 244.0 244.0 244.0 244.0 244.0 244.0 244.0 244.0 243.0
244.0 244.0 248.0 249.0 248.0 248.0 249.0 248.0 247.0 248.0 249.0 245.0
20.8637 80.1737 17.3038 0.00297297 37.2868 62.963 37.7673 55.5405 5.06939 
48.0 40.0 53.0 14.0 12.0
241.0 207.0 210.0 238.0 239.0 229.0 238.0 231.0 240.0 239.0 221.0 227.0
242.0 243.0 244.0 243.0 243.0 240.0 244.0 214.0 243.0 244.0 242.0 242.0
239.0 240.0 231.0 227.0 227.0 218.0 222.0 202.0 231.0 233.0 228.0 239.0
242.0 243.0 244.0 244.0 244.0 244.0 244.0 243.0 244.0 244.0 244.0 243.0
244.0 244.0 248.0 249.0 248.0 248.0 249.0 248.0 247.0 248.0 249.0 245.0
20.8637 80.2854 17.3038 0.00297297 37.2868 64.0741 37.7673 55.9555 5.06939 
48.0 41.0 52.0 13.0 11.0
242.0 206.0 210.0 238.0 239.0 229.0 238.0 232.0 240.0 239.0 221.0 227.0
242.0 243.0 244.0 243.0 243.0 240.0 244.0 213.0 243.0 243.0 242.0 242.0
238.0 239.0 231.0 228.0 227.0 219.0 223.0 203.0 231.0 233.0 228.0 239.0
242.0 243.0 245.0 244.0 245.0 244.0 244.0 244.0 244.0 245.0 244.0 243.0
244.0 244.0 248.0 249.0 248.0 248.0 249.0 249.0 247.0 248.0 249.0 245.0
20.8637 80.2854 17.3038 0.00297297 37.2868 64.4444 37.7673 55.9555 4.55918 
50.0 42.0 52.0 13.0 11.0
241.0 205.0 210.0 238.0 239.0 229.0 237.0 232.0 240.0 239.0 221.0 226.0
242.0 243.0 244.0 243.0 243.0 240.0 243.0 213.0 243.0 244.0 242.0 242.0
238.0 239.0 232.0 227.0 227.0 218.0 223.0 203.0 231.0 232.0 229.0 239.0
242.0 244.0 245.0 244.0 245.0 244.0 244.0 244.0 244.0 244.0 244.0 243.0
244.0 244.0 249.0 249.0 249.0 247.0 250.0 248.0 248.0 248.0 249.0 245.0
20.8637 80.2854 16.9192 0.00297297 38.062 63.3333 38.1404 56.3704 4.55918 
52.0 46.0 51.0 13.0 11.0
240.0 203.0 207.0 238.0 239.0 228.0 237.0 231.0 240.0 239.0 219.0 226.0
242.0 243.0 244.0 243.0 243.0 239.0 242.0 208.0 242.0 244.0 242.0 242.0
239.0 239.0 231.0 228.0 227.0 219.0 223.0 204.0 231.0 232.0 229.0 239.0
242.0 243.0 244.0 244.0 244.0 244.0 244.0 243.0 244.0 244.0 244.0 243.0
244.0 244.0 248.0 249.0 249.0 249.0 249.0 248.0 247.0 248.0 248.0 246.0
20.7273 80.397 16.9192 -0.537568 38.062 63.3333 38.1404 56.3704 4.55918 
53.0 48.0 51.0 13.0 11.0
240.0 201.0 205.0 238.0 239.0 227.0 237.0 231.0 240.0 239.0 217.0 225.0
242.0 243.0 243.0 243.0 243.0 238.0 242.0 207.0 242.0 244.0 242.0 242.0
238.0 239.0 231.0 227.0 227.0 218.0 222.0 203.0 231.0 233.0 228.0 239.0
242.0 243.0 245.0 244.0 244.0 244.0 244.0 244.0 244.0 244.0 244.0 243.0
244.0 244.0 249.0 249.0 248.0 248.0 248.0 249.0 247.0 247.0 249.0 245.0
20.7273 80.397 16.9192 0.00297297 38.4496 63.3333 38.1404 56.3704 4.55918 
54.0 49.0 52.0 14.0 11.0
241.0 201.0 204.0 237.0 239.0 227.0 237.0 231.0 240.0 239.0 218.0 225.0
242.0 242.0 244.0 243.0 243.0 238.0 241.0 206.0 242.0 244.0 242.0 242.0
239.0 240.0 231.0 227.0 227.0 218.0 222.0 204.0 230.0 232.0 228.0 239.0
242.0 244.0 244.0 245.0 244.0 244.0 244.0 244.0 244.0 244.0 244.0 243.0
244.0 244.0 249.0 249.0 249.0 248.0 250.0 249.0 247.0 247.0 248.0 245.0
