-10000
21 79.9505 16.5346 40.5435 17.907 11.8519 26.2001 40.1878 -0.542857 
34.0 17.0 35.0 13.0 11.0
242.0 238.0 224.0 239.0 238.0 221.0 234.0 221.0 239.0 239.0 228.0 240.0
243.0 244.0 244.0 244.0 243.0 241.0 242.0 238.0 242.0 243.0 241.0 242.0
247.0 241.0 237.0 250.0 244.0 242.0 246.0 232.0 241.0 239.0 220.0 239.0
242.0 244.0 245.0 246.0 246.0 246.0 247.0 245.0 245.0 246.0 245.0 244.0
244.0 245.0 250.0 251.0 249.0 251.0 252.0 250.0 249.0 250.0 250.0 246.0
21 80.0621 18.8423 40.5435 26.0465 16.6667 28.439 42.6775 -0.542857 
37.0 17.0 38.0 13.0 11.0
241.0 238.0 222.0 239.0 238.0 217.0 233.0 218.0 238.0 239.0 227.0 240.0
242.0 243.0 243.0 243.0 243.0 242.0 243.0 239.0 244.0 243.0 240.0 242.0
246.0 243.0 236.0 250.0 244.0 239.0 246.0 226.0 241.0 240.0 219.0 241.0
242.0 244.0 245.0 246.0 246.0 246.0 246.0 245.0 245.0 246.0 246.0 243.0
244.0 245.0 250.0 251.0 249.0 251.0 251.0 251.0 249.0 250.0 250.0 247.0
20.8637 80.1737 16.9192 39.4624 28.7597 39.2593 31.7972 50.5613 -0.542857 
43.0 16.0 42.0 13.0 10.0
242.0 237.0 215.0 238.0 238.0 212.0 233.0 213.0 238.0 238.0 222.0 239.0
243.0 243.0 244.0 243.0 242.0 241.0 242.0 239.0 242.0 243.0 240.0 240.0
244.0 243.0 238.0 245.0 244.0 231.0 245.0 211.0 242.0 240.0 229.0 243.0
242.0 244.0 245.0 246.0 246.0 245.0 246.0 245.0 245.0 245.0 245.0 244.0
245.0 245.0 249.0 251.0 250.0 251.0 251.0 250.0 249.0 250.0 250.0 245.0
20.591 80.0621 15.7654 38.3814 29.5349 52.963 32.5434 53.4659 -0.0326531 
45.0 30.0 52.0 13.0 11.0
241.0 235.0 209.0 238.0 238.0 210.0 233.0 213.0 238.0 238.0 218.0 238.0
242.0 243.0 243.0 244.0 243.0 242.0 244.0 232.0 243.0 244.0 224.0 242.0
244.0 243.0 240.0 245.0 244.0 225.0 244.0 201.0 242.0 241.0 234.0 242.0
243.0 244.0 246.0 246.0 246.0 245.0 246.0 245.0 245.0 245.0 245.0 244.0
244.0 245.0 250.0 251.0 249.0 249.0 251.0 251.0 248.0 251.0 251.0 246.0
20.3182 80.2854 15.3808 37.8408 30.6977 54.8148 33.2897 54.7107 -0.542857 
50.0 34.0 55.0 13.0 11.0
241.0 234.0 204.0 238.0 238.0 210.0 233.0 213.0 238.0 238.0 216.0 237.0
242.0 243.0 243.0 244.0 243.0 241.0 247.0 221.0 243.0 244.0 220.0 242.0
244.0 242.0 240.0 245.0 243.0 224.0 243.0 200.0 242.0 240.0 235.0 242.0
242.0 244.0 246.0 246.0 246.0 245.0 246.0 245.0 245.0 245.0 245.0 243.0
245.0 245.0 249.0 251.0 250.0 249.0 250.0 251.0 247.0 252.0 250.0 247.0
20.4546 80.6202 14.9962 37.8408 31.4729 55.1852 33.6628 55.5405 -0.0326531 
52.0 39.0 54.0 13.0 11.0
241.0 233.0 202.0 238.0 238.0 208.0 233.0 213.0 238.0 238.0 215.0 237.0
243.0 243.0 243.0 243.0 243.0 240.0 247.0 214.0 243.0 244.0 217.0 243.0
244.0 242.0 240.0 244.0 243.0 224.0 243.0 201.0 241.0 240.0 235.0 241.0
242.0 243.0 246.0 246.0 246.0 246.0 246.0 245.0 245.0 245.0 245.0 244.0
244.0 244.0 250.0 251.0 249.0 249.0 252.0 250.0 249.0 250.0 250.0 246.0
20.4546 80.7318 13.8423 37.3003 32.2481 57.037 34.7822 56.7854 -0.0326531 
56.0 48.0 55.0 13.0 12.0
241.0 231.0 199.0 238.0 237.0 207.0 233.0 213.0 238.0 238.0 212.0 236.0
242.0 243.0 243.0 243.0 243.0 238.0 247.0 205.0 243.0 244.0 217.0 243.0
244.0 242.0 240.0 244.0 243.0 223.0 243.0 201.0 241.0 240.0 236.0 242.0
243.0 244.0 247.0 246.0 246.0 245.0 246.0 245.0 245.0 246.0 245.0 244.0
244.0 244.0 250.0 250.0 250.0 249.0 251.0 251.0 249.0 249.0 250.0 247.0
20.3182 80.7318 13.8423 37.8408 32.2481 57.7778 35.1554 56.7854 -0.0326531 
57.0 53.0 54.0 13.0 10.0
241.0 231.0 198.0 238.0 238.0 207.0 234.0 213.0 238.0 238.0 212.0 236.0
243.0 243.0 243.0 243.0 243.0 238.0 247.0 200.0 243.0 244.0 215.0 242.0
244.0 242.0 240.0 244.0 243.0 223.0 242.0 201.0 241.0 240.0 237.0 241.0
242.0 244.0 246.0 246.0 246.0 245.0 246.0 245.0 245.0 245.0 245.0 243.0
244.0 244.0 249.0 251.0 250.0 251.0 251.0 250.0 249.0 249.0 251.0 246.0
19.7728 80.7318 13.4577 38.3814 33.0233 57.037 35.5285 56.7854 -0.0326531 
59.0 62.0 52.0 12.0 11.0
241.0 231.0 196.0 238.0 238.0 205.0 233.0 212.0 238.0 238.0 212.0 236.0
243.0 243.0 243.0 244.0 242.0 237.0 248.0 192.0 244.0 244.0 211.0 242.0
244.0 241.0 239.0 244.0 244.0 224.0 242.0 202.0 241.0 240.0 237.0 241.0
242.0 244.0 246.0 246.0 246.0 245.0 246.0 245.0 245.0 245.0 245.0 244.0
244.0 245.0 249.0 251.0 249.0 251.0 251.0 250.0 249.0 250.0 251.0 246.0
20.7273 80.955 13.4577 38.3814 33.0233 57.7778 35.5285 56.7854 -0.0326531 
59.0 65.0 53.0 13.0 11.0
241.0 231.0 195.0 238.0 238.0 204.0 233.0 211.0 238.0 238.0 211.0 236.0
243.0 242.0 242.0 243.0 242.0 236.0 248.0 189.0 243.0 244.0 210.0 243.0
244.0 242.0 240.0 244.0 244.0 224.0 242.0 202.0 241.0 239.0 236.0 241.0
242.0 244.0 246.0 246.0 246.0 245.0 246.0 245.0 245.0 246.0 245.0 244.0
244.0 244.0 250.0 252.0 249.0 250.0 251.0 251.0 249.0 249.0 251.0 247.0
21 80.8434 13.4577 38.3814 33.0233 57.4074 35.5285 56.7854 -0.0326531 
61.0 66.0 54.0 13.0 11.0
241.0 231.0 194.0 238.0 237.0 203.0 233.0 211.0 238.0 238.0 211.0 236.0
242.0 243.0 242.0 244.0 242.0 236.0 247.0 187.0 243.0 244.0 207.0 243.0
244.0 242.0 239.0 244.0 244.0 223.0 242.0 201.0 241.0 240.0 236.0 241.0
242.0 243.0 246.0 246.0 246.0 246.0 246.0 245.0 245.0 245.0 245.0 244.0
244.0 246.0 250.0 250.0 250.0 249.0 251.0 250.0 248.0 251.0 250.0 246.0
21 81.0666 13.4577 38.3814 33.4109 57.7778 35.5285 56.7854 -0.0326531 
62.0 71.0 53.0 13.0 11.0
241.0 230.0 193.0 238.0 237.0 202.0 233.0 211.0 238.0 238.0 210.0 236.0
243.0 243.0 242.0 243.0 242.0 235.0 248.0 182.0 243.0 244.0 204.0 242.0
244.0 241.0 240.0 245.0 244.0 225.0 242.0 204.0 241.0 239.0 236.0 241.0
242.0 244.0 245.0 246.0 246.0 246.0 246.0 245.0 245.0 245.0 245.0 244.0
244.0 245.0 249.0 250.0 250.0 250.0 251.0 250.0 249.0 250.0 250.0 246.0
21 81.1782 13.4577 38.3814 33.4109 57.4074 35.5285 57.2003 -0.0326531 
63.0 77.0 51.0 13.0 11.0
241.0 230.0 192.0 238.0 237.0 201.0 233.0 211.0 238.0 238.0 210.0 236.0
242.0 243.0 242.0 243.0 243.0 234.0 248.0 177.0 244.0 244.0 202.0 243.0
244.0 241.0 240.0 244.0 244.0 225.0 242.0 203.0 240.0 240.0 236.0 241.0
242.0 244.0 246.0 246.0 246.0 246.0 246.0 245.0 245.0 245.0 245.0 244.0
244.0 245.0 249.0 251.0 250.0 250.0 250.0 250.0 249.0 250.0 250.0 246.0
21.1364 81.2898 13.4577 38.3814 33.4109 57.7778 35.9016 57.2003 -0.0326531 
64.0 79.0 51.0 13.0 11.0
241.0 229.0 191.0 237.0 237.0 201.0 234.0 211.0 238.0 238.0 210.0 235.0
243.0 242.0 242.0 243.0 243.0 233.0 248.0 176.0 243.0 244.0 201.0 243.0
244.0 241.0 240.0 245.0 244.0 225.0 242.0 204.0 240.0 240.0 236.0 241.0
242.0 244.0 246.0 247.0 246.0 245.0 246.0 245.0 245.0 246.0 246.0 243.0
244.0 245.0 251.0 250.0 250.0 249.0 252.0 250.0 249.0 248.0 250.0 246.0
21 81.1782 13.4577 38.3814 33.4109 58.1481 35.9016 57.2003 -0.0326531 
66.0 84.0 52.0 13.0 11.0
241.0 229.0 189.0 237.0 237.0 199.0 233.0 210.0 238.0 238.0 209.0 235.0
243.0 243.0 241.0 243.0 243.0 233.0 248.0 171.0 243.0 244.0 200.0 243.0
244.0 241.0 240.0 245.0 243.0 223.0 242.0 203.0 240.0 240.0 236.0 241.0
242.0 244.0 246.0 246.0 246.0 245.0 246.0 245.0 245.0 245.0 245.0 244.0
244.0 245.0 250.0 250.0 250.0 248.0 252.0 250.0 248.0 250.0 250.0 247.0
21 81.0666 13.4577 38.3814 33.4109 58.5185 35.5285 57.2003 -0.0326531 
66.0 87.0 52.0 13.0 11.0
241.0 229.0 189.0 237.0 238.0 199.0 233.0 210.0 237.0 238.0 209.0 235.0
242.0 243.0 241.0 243.0 243.0 233.0 249.0 168.0 242.0 244.0 200.0 243.0
244.0 241.0 240.0 245.0 244.0 224.0 242.0 203.0 240.0 239.0 236.0 241.0
242.0 244.0 245.0 245.0 246.0 245.0 246.0 245.0 244.0 246.0 245.0 244.0
244.0 245.0 250.0 251.0 248.0 250.0 251.0 249.0 249.0 251.0 250.0 246.0
21 81.1782 13.4577 38.3814 33.7984 58.1481 35.9016 57.2003 -0.0326531 
67.0 91.0 51.0 13.0 11.0
241.0 229.0 188.0 238.0 237.0 199.0 233.0 210.0 238.0 238.0 209.0 236.0
242.0 243.0 241.0 243.0 242.0 232.0 248.0 163.0 242.0 244.0 197.0 242.0
244.0 241.0 240.0 245.0 244.0 225.0 242.0 205.0 240.0 239.0 237.0 241.0
242.0 244.0 245.0 246.0 246.0 245.0 246.0 245.0 245.0 246.0 245.0 244.0
245.0 245.0 249.0 251.0 248.0 249.0 251.0 250.0 248.0 251.0 250.0 246.0
