-10000
20.591 79.8389 19.6115 22.1651 30.3101 45.1852 14.633 7.8227 82.1102 
38.0 18.0 11.0 12.0 14.0
242.0 233.0 217.0 239.0 240.0 225.0 237.0 226.0 240.0 240.0 221.0 237.0
243.0 242.0 242.0 243.0 243.0 238.0 246.0 236.0 244.0 244.0 239.0 243.0
244.0 245.0 245.0 245.0 245.0 246.0 244.0 245.0 245.0 245.0 245.0 244.0
243.0 243.0 244.0 243.0 243.0 243.0 243.0 244.0 243.0 243.0 243.0 243.0
244.0 242.0 243.0 242.0 242.0 241.0 243.0 241.0 243.0 241.0 241.0 243.0
19.5 79.9505 19.9962 22.7057 31.4729 45.5556 31.7972 20.2708 82.6204 
39.0 21.0 11.0 12.0 13.0
242.0 233.0 215.0 239.0 240.0 224.0 237.0 225.0 240.0 240.0 220.0 237.0
243.0 243.0 242.0 244.0 244.0 237.0 246.0 234.0 244.0 244.0 239.0 243.0
245.0 243.0 244.0 245.0 243.0 245.0 243.0 244.0 244.0 244.0 244.0 243.0
243.0 244.0 244.0 243.0 243.0 243.0 243.0 243.0 243.0 243.0 243.0 243.0
243.0 243.0 242.0 243.0 242.0 243.0 243.0 243.0 243.0 242.0 242.0 242.0
19.091 81.0666 17.3038 22.1651 33.7984 48.8889 38.8867 31.0592 83.1306 
43.0 26.0 46.0 12.0 13.0
242.0 229.0 212.0 239.0 240.0 224.0 238.0 226.0 240.0 240.0 215.0 234.0
243.0 243.0 242.0 244.0 244.0 233.0 246.0 228.0 244.0 244.0 240.0 243.0
245.0 242.0 232.0 241.0 236.0 235.0 238.0 221.0 236.0 236.0 207.0 240.0
243.0 244.0 243.0 244.0 243.0 243.0 243.0 243.0 243.0 243.0 243.0 243.0
244.0 243.0 243.0 244.0 243.0 242.0 244.0 242.0 243.0 242.0 243.0 243.0
19.091 81.4014 16.15 21.6246 35.3488 50 39.633 33.5488 83.1306 
44.0 30.0 52.0 12.0 13.0
242.0 225.0 211.0 239.0 240.0 224.0 237.0 227.0 241.0 240.0 214.0 231.0
243.0 242.0 243.0 244.0 242.0 231.0 246.0 224.0 244.0 244.0 240.0 243.0
244.0 242.0 230.0 242.0 236.0 232.0 236.0 212.0 235.0 235.0 203.0 242.0
243.0 244.0 244.0 243.0 243.0 243.0 243.0 244.0 243.0 243.0 243.0 243.0
242.0 243.0 242.0 244.0 243.0 243.0 243.0 242.0 243.0 243.0 242.0 244.0
19.3637 81.4014 15.7654 21.6246 35.3488 50 40.0061 33.9638 82.6204 
45.0 34.0 56.0 12.0 13.0
243.0 223.0 209.0 239.0 240.0 224.0 238.0 226.0 240.0 239.0 211.0 229.0
242.0 243.0 243.0 242.0 244.0 230.0 246.0 222.0 244.0 244.0 240.0 242.0
244.0 241.0 229.0 242.0 235.0 230.0 236.0 205.0 234.0 234.0 199.0 240.0
243.0 244.0 243.0 243.0 244.0 243.0 243.0 243.0 243.0 243.0 244.0 243.0
244.0 243.0 243.0 244.0 242.0 243.0 243.0 242.0 243.0 242.0 243.0 243.0
19.6364 81.4014 15.7654 20.5435 35.3488 50.3704 40.0061 34.7937 82.6204 
48.0 35.0 59.0 13.0 14.0
242.0 221.0 207.0 239.0 240.0 223.0 237.0 226.0 240.0 239.0 209.0 228.0
243.0 243.0 242.0 243.0 243.0 230.0 246.0 221.0 244.0 244.0 240.0 243.0
245.0 242.0 228.0 242.0 234.0 228.0 236.0 200.0 233.0 233.0 196.0 241.0
243.0 244.0 243.0 243.0 243.0 243.0 243.0 243.0 244.0 243.0 244.0 244.0
243.0 244.0 243.0 244.0 243.0 243.0 242.0 243.0 244.0 242.0 242.0 243.0
20.3182 81.2898 15.7654 20.5435 35.3488 50.7407 40.0061 36.0385 82.6204 
48.0 36.0 60.0 12.0 13.0
242.0 219.0 206.0 239.0 240.0 223.0 237.0 226.0 240.0 239.0 208.0 226.0
243.0 242.0 242.0 244.0 243.0 230.0 246.0 218.0 244.0 244.0 240.0 242.0
244.0 242.0 228.0 241.0 234.0 227.0 236.0 195.0 231.0 232.0 196.0 241.0
243.0 244.0 244.0 244.0 243.0 243.0 244.0 243.0 243.0 243.0 243.0 243.0
244.0 243.0 243.0 244.0 243.0 242.0 242.0 242.0 243.0 243.0 243.0 242.0
20.3182 81.4014 15.7654 20.5435 35.7364 51.4815 40.0061 36.4534 82.6204 
50.0 40.0 62.0 12.0 13.0
242.0 218.0 205.0 239.0 240.0 222.0 237.0 225.0 240.0 239.0 206.0 226.0
243.0 243.0 242.0 243.0 243.0 229.0 246.0 216.0 244.0 244.0 239.0 243.0
244.0 242.0 227.0 241.0 233.0 226.0 235.0 192.0 232.0 232.0 195.0 241.0
243.0 243.0 243.0 243.0 244.0 244.0 243.0 243.0 243.0 243.0 243.0 243.0
244.0 243.0 243.0 243.0 243.0 243.0 243.0 242.0 243.0 243.0 243.0 244.0
20.591 81.513 15.3808 21.0841 35.7364 51.4815 40.3793 36.4534 83.1306 
52.0 44.0 67.0 12.0 13.0
242.0 216.0 203.0 239.0 239.0 221.0 237.0 225.0 240.0 239.0 204.0 225.0
243.0 243.0 242.0 243.0 243.0 227.0 246.0 211.0 245.0 244.0 239.0 243.0
244.0 242.0 227.0 241.0 233.0 225.0 235.0 188.0 232.0 232.0 193.0 241.0
243.0 243.0 243.0 243.0 244.0 243.0 243.0 243.0 243.0 243.0 243.0 243.0
244.0 242.0 243.0 244.0 243.0 243.0 243.0 242.0 243.0 242.0 242.0 244.0
20.7273 81.513 15.3808 21.0841 36.124 51.4815 40.3793 36.8683 83.1306 
52.0 43.0 70.0 12.0 13.0
243.0 215.0 202.0 239.0 239.0 221.0 237.0 225.0 240.0 239.0 203.0 224.0
243.0 242.0 242.0 243.0 243.0 227.0 245.0 212.0 244.0 244.0 238.0 243.0
244.0 242.0 226.0 240.0 233.0 224.0 236.0 184.0 231.0 232.0 192.0 240.0
243.0 243.0 243.0 243.0 243.0 244.0 243.0 243.0 244.0 243.0 243.0 244.0
244.0 242.0 243.0 243.0 244.0 243.0 242.0 243.0 244.0 242.0 243.0 243.0
20.591 81.513 15.3808 22.1651 36.124 51.4815 40.3793 36.8683 83.1306 
55.0 44.0 72.0 12.0 14.0
242.0 215.0 200.0 238.0 240.0 220.0 237.0 224.0 240.0 239.0 201.0 224.0
243.0 243.0 243.0 243.0 243.0 227.0 246.0 211.0 244.0 244.0 240.0 243.0
244.0 243.0 226.0 241.0 233.0 223.0 235.0 182.0 231.0 231.0 192.0 241.0
243.0 243.0 244.0 244.0 243.0 243.0 243.0 243.0 243.0 243.0 243.0 243.0
242.0 243.0 244.0 243.0 242.0 243.0 242.0 242.0 243.0 242.0 243.0 243.0
20.1819 81.4014 15.3808 22.7057 36.124 51.4815 40.3793 37.6982 83.6408 
55.0 44.0 75.0 12.0 14.0
242.0 214.0 199.0 238.0 240.0 220.0 237.0 223.0 240.0 239.0 201.0 223.0
243.0 243.0 242.0 243.0 243.0 227.0 246.0 211.0 244.0 244.0 239.0 243.0
244.0 242.0 226.0 241.0 233.0 221.0 236.0 179.0 231.0 231.0 191.0 241.0
243.0 243.0 244.0 244.0 243.0 243.0 244.0 243.0 243.0 243.0 243.0 243.0
243.0 242.0 243.0 243.0 242.0 243.0 242.0 242.0 243.0 243.0 243.0 243.0
20.1819 81.4014 15.3808 21.6246 36.124 51.8519 40.3793 37.6982 83.6408 
57.0 44.0 77.0 12.0 13.0
242.0 213.0 198.0 238.0 240.0 219.0 237.0 224.0 240.0 239.0 201.0 223.0
243.0 243.0 242.0 243.0 243.0 227.0 245.0 210.0 244.0 244.0 240.0 244.0
244.0 241.0 226.0 240.0 233.0 221.0 236.0 176.0 231.0 231.0 191.0 241.0
243.0 244.0 243.0 243.0 243.0 244.0 243.0 243.0 243.0 243.0 243.0 243.0
244.0 242.0 242.0 243.0 243.0 242.0 244.0 242.0 244.0 242.0 243.0 242.0
20.1819 81.4014 18.8423 1.08405 36.5116 52.5926 40.7524 38.943 83.6408 
49.0 45.0 85.0 12.0 13.0
243.0 205.0 224.0 241.0 241.0 234.0 241.0 235.0 241.0 241.0 226.0 214.0
243.0 242.0 243.0 243.0 243.0 226.0 246.0 210.0 244.0 244.0 240.0 243.0
244.0 242.0 228.0 241.0 233.0 217.0 236.0 169.0 231.0 231.0 198.0 242.0
243.0 244.0 243.0 244.0 244.0 243.0 243.0 243.0 243.0 243.0 243.0 243.0
244.0 244.0 243.0 244.0 242.0 242.0 242.0 242.0 243.0 243.0 243.0 243.0
20.3182 81.4014 18.8423 1.08405 36.5116 52.5926 40.3793 38.943 82.6204 
50.0 44.0 88.0 12.0 13.0
243.0 204.0 224.0 240.0 241.0 233.0 240.0 235.0 241.0 240.0 226.0 214.0
243.0 242.0 243.0 243.0 243.0 227.0 246.0 209.0 244.0 244.0 241.0 243.0
244.0 241.0 227.0 240.0 234.0 216.0 237.0 167.0 231.0 231.0 197.0 242.0
243.0 244.0 243.0 243.0 243.0 243.0 244.0 243.0 243.0 243.0 243.0 243.0
243.0 243.0 243.0 244.0 244.0 243.0 243.0 242.0 243.0 242.0 243.0 244.0
20.3182 81.4014 18.8423 1.08405 36.5116 52.5926 40.3793 39.358 83.6408 
51.0 46.0 89.0 12.0 13.0
243.0 204.0 224.0 240.0 241.0 234.0 240.0 235.0 241.0 240.0 225.0 214.0
243.0 243.0 242.0 244.0 243.0 226.0 246.0 209.0 244.0 244.0 240.0 243.0
244.0 241.0 226.0 241.0 234.0 216.0 236.0 166.0 231.0 231.0 198.0 242.0
243.0 244.0 244.0 244.0 244.0 244.0 243.0 243.0 243.0 243.0 243.0 243.0
243.0 242.0 243.0 243.0 243.0 243.0 244.0 242.0 244.0 242.0 243.0 244.0
20.3182 81.2898 18.8423 1.08405 36.5116 52.5926 40.3793 39.358 82.6204 
51.0 48.0 90.0 12.0 13.0
242.0 204.0 224.0 240.0 241.0 234.0 240.0 235.0 241.0 241.0 226.0 213.0
242.0 242.0 243.0 243.0 243.0 227.0 246.0 208.0 244.0 244.0 241.0 243.0
244.0 242.0 227.0 239.0 233.0 216.0 237.0 166.0 231.0 231.0 198.0 242.0
243.0 244.0 244.0 243.0 243.0 244.0 243.0 243.0 243.0 243.0 243.0 243.0
243.0 243.0 244.0 244.0 242.0 243.0 243.0 243.0 243.0 242.0 243.0 244.0
20.0455 81.1782 18.8423 1.08405 36.5116 52.5926 40.3793 39.358 83.6408 
52.0 48.0 90.0 12.0 13.0
243.0 204.0 224.0 240.0 241.0 234.0 240.0 235.0 241.0 241.0 225.0 213.0
242.0 243.0 243.0 243.0 243.0 226.0 246.0 208.0 244.0 244.0 241.0 242.0
244.0 242.0 226.0 239.0 232.0 216.0 236.0 165.0 231.0 230.0 197.0 243.0
243.0 244.0 243.0 244.0 243.0 244.0 244.0 243.0 243.0 243.0 243.0 243.0
243.0 243.0 243.0 244.0 243.0 243.0 242.0 242.0 243.0 243.0 242.0 243.0
19.7728 81.0666 18.8423 1.08405 36.5116 52.5926 40.3793 39.358 82.6204 
52.0 47.0 90.0 12.0 13.0
242.0 203.0 224.0 240.0 241.0 234.0 240.0 236.0 242.0 241.0 225.0 213.0
243.0 242.0 243.0 243.0 243.0 227.0 246.0 208.0 244.0 244.0 241.0 242.0
243.0 242.0 226.0 239.0 233.0 216.0 236.0 166.0 231.0 231.0 197.0 242.0
243.0 244.0 244.0 244.0 243.0 243.0 243.0 243.0 243.0 243.0 243.0 243.0
243.0 243.0 243.0 245.0 243.0 242.0 243.0 243.0 243.0 243.0 242.0 243.0
19.7728 81.0666 18.8423 1.08405 36.5116 52.5926 40.3793 39.358 83.1306 
52.0 47.0 91.0 12.0 13.0
243.0 204.0 224.0 240.0 241.0 234.0 240.0 235.0 242.0 241.0 225.0 213.0
243.0 243.0 242.0 243.0 243.0 226.0 246.0 207.0 244.0 244.0 240.0 242.0
243.0 242.0 226.0 239.0 233.0 216.0 236.0 165.0 231.0 231.0 196.0 242.0
243.0 243.0 244.0 243.0 243.0 243.0 244.0 244.0 243.0 243.0 244.0 244.0
244.0 243.0 243.0 243.0 243.0 243.0 244.0 241.0 243.0 242.0 242.0 243.0
19.7728 80.955 18.8423 1.08405 36.5116 52.5926 40.3793 39.358 83.1306 
52.0 47.0 90.0 12.0 13.0
242.0 203.0 224.0 240.0 241.0 234.0 240.0 235.0 242.0 240.0 225.0 213.0
243.0 243.0 243.0 243.0 243.0 226.0 246.0 206.0 244.0 244.0 240.0 242.0
243.0 241.0 226.0 240.0 232.0 216.0 236.0 164.0 231.0 231.0 198.0 242.0
243.0 244.0 243.0 243.0 243.0 244.0 243.0 243.0 243.0 244.0 243.0 243.0
243.0 242.0 243.0 244.0 243.0 243.0 243.0 243.0 243.0 242.0 242.0 243.0
19.9091 80.955 18.8423 1.08405 36.5116 52.5926 40.3793 39.358 83.6408 
53.0 49.0 91.0 12.0 14.0
242.0 203.0 224.0 240.0 241.0 233.0 240.0 235.0 242.0 240.0 225.0 212.0
243.0 242.0 243.0 244.0 243.0 226.0 246.0 207.0 244.0 244.0 240.0 243.0
242.0 241.0 225.0 239.0 232.0 215.0 236.0 165.0 231.0 230.0 196.0 241.0
243.0 244.0 243.0 243.0 243.0 243.0 244.0 244.0 243.0 243.0 243.0 243.0
244.0 242.0 243.0 243.0 243.0 243.0 243.0 241.0 243.0 243.0 243.0 243.0
20.1819 80.955 18.8423 1.08405 36.5116 52.5926 40.3793 39.358 83.6408 
52.0 49.0 91.0 12.0 13.0
242.0 203.0 224.0 240.0 241.0 234.0 240.0 236.0 242.0 240.0 225.0 212.0
243.0 242.0 242.0 244.0 243.0 226.0 246.0 207.0 244.0 244.0 239.0 243.0
243.0 242.0 225.0 238.0 233.0 215.0 237.0 165.0 231.0 231.0 196.0 242.0
243.0 243.0 243.0 243.0 243.0 243.0 243.0 243.0 243.0 243.0 243.0 243.0
243.0 242.0 242.0 244.0 244.0 243.0 242.0 243.0 243.0 242.0 243.0 244.0
20.0455 80.955 18.8423 1.08405 36.5116 52.5926 40.3793 39.358 83.6408 
53.0 49.0 91.0 12.0 13.0
242.0 202.0 224.0 240.0 241.0 234.0 240.0 235.0 241.0 241.0 225.0 212.0
243.0 243.0 242.0 243.0 243.0 226.0 246.0 206.0 245.0 244.0 239.0 242.0
243.0 241.0 226.0 239.0 232.0 215.0 235.0 164.0 231.0 231.0 196.0 242.0
243.0 244.0 243.0 244.0 243.0 243.0 244.0 243.0 243.0 243.0 243.0 243.0
243.0 244.0 243.0 243.0 243.0 243.0 242.0 242.0 243.0 243.0 242.0 243.0
