-10000
21.1364 80.397 22.6885 0.00297297 32.6357 58.1481 20.6031 40.6028 3.02857 
63.0 15.0 13.0 13.0 11.0
240.0 193.0 213.0 238.0 239.0 230.0 237.0 232.0 240.0 239.0 219.0 214.0
243.0 243.0 244.0 243.0 242.0 242.0 242.0 240.0 243.0 243.0 242.0 242.0
244.0 244.0 245.0 246.0 247.0 246.0 246.0 245.0 244.0 244.0 244.0 242.0
242.0 243.0 244.0 244.0 244.0 244.0 243.0 242.0 244.0 244.0 243.0 242.0
244.0 244.0 247.0 247.0 246.0 246.0 246.0 248.0 246.0 246.0 247.0 244.0
21 80.1737 22.6885 0.00297297 32.6357 58.5185 20.9763 46.4119 3.02857 
63.0 15.0 13.0 13.0 12.0
240.0 192.0 212.0 238.0 239.0 229.0 238.0 232.0 240.0 239.0 218.0 214.0
243.0 243.0 244.0 243.0 242.0 242.0 242.0 240.0 243.0 243.0 242.0 242.0
244.0 244.0 245.0 245.0 246.0 245.0 245.0 245.0 244.0 244.0 243.0 242.0
241.0 243.0 244.0 244.0 244.0 244.0 244.0 243.0 243.0 244.0 243.0 243.0
244.0 244.0 246.0 246.0 247.0 247.0 246.0 247.0 246.0 246.0 247.0 245.0
21 80.2854 22.3038 0.00297297 33.0233 58.5185 21.7225 50.5613 3.02857 
66.0 15.0 14.0 14.0 12.0
240.0 190.0 212.0 238.0 239.0 229.0 238.0 232.0 240.0 239.0 218.0 213.0
243.0 243.0 244.0 243.0 242.0 242.0 242.0 240.0 243.0 243.0 242.0 242.0
244.0 243.0 244.0 243.0 244.0 244.0 244.0 244.0 243.0 242.0 241.0 242.0
241.0 243.0 244.0 244.0 244.0 244.0 243.0 242.0 243.0 244.0 243.0 242.0
244.0 244.0 246.0 247.0 247.0 246.0 246.0 246.0 245.0 246.0 248.0 244.0
21 80.397 22.3038 0.00297297 33.0233 58.5185 26.5733 49.7314 3.02857 
66.0 15.0 31.0 14.0 12.0
240.0 188.0 212.0 238.0 239.0 229.0 237.0 233.0 240.0 239.0 218.0 212.0
243.0 243.0 244.0 243.0 242.0 242.0 242.0 240.0 243.0 243.0 242.0 242.0
242.0 241.0 235.0 237.0 237.0 233.0 236.0 222.0 236.0 237.0 229.0 240.0
241.0 243.0 244.0 244.0 244.0 244.0 244.0 242.0 244.0 244.0 243.0 243.0
244.0 244.0 246.0 247.0 247.0 247.0 246.0 246.0 245.0 247.0 247.0 244.0
21 80.397 22.3038 0.00297297 33.4109 58.8889 31.7972 48.9015 3.02857 
68.0 15.0 42.0 13.0 12.0
240.0 187.0 212.0 238.0 239.0 229.0 238.0 232.0 240.0 239.0 218.0 212.0
243.0 243.0 244.0 243.0 242.0 242.0 242.0 240.0 243.0 243.0 242.0 242.0
242.0 241.0 234.0 237.0 237.0 229.0 236.0 212.0 235.0 236.0 228.0 240.0
241.0 243.0 244.0 244.0 244.0 244.0 244.0 243.0 243.0 244.0 243.0 242.0
244.0 244.0 246.0 247.0 246.0 247.0 247.0 246.0 245.0 246.0 247.0 244.0
21 80.397 21.9192 0.00297297 33.7984 58.8889 33.6628 48.9015 3.02857 
69.0 15.0 48.0 14.0 11.0
239.0 185.0 211.0 238.0 239.0 229.0 238.0 232.0 240.0 239.0 218.0 211.0
243.0 243.0 244.0 243.0 242.0 242.0 242.0 240.0 243.0 243.0 242.0 242.0
242.0 241.0 233.0 238.0 238.0 227.0 236.0 207.0 235.0 236.0 228.0 241.0
242.0 243.0 244.0 244.0 244.0 244.0 243.0 243.0 243.0 244.0 243.0 242.0
243.0 244.0 247.0 248.0 247.0 247.0 246.0 247.0 246.0 246.0 247.0 245.0
20.8637 80.397 21.5346 0.00297297 33.4109 60 34.7822 50.1463 2.51837 
72.0 15.0 52.0 14.0 12.0
239.0 183.0 212.0 238.0 239.0 229.0 238.0 232.0 240.0 240.0 218.0 210.0
243.0 243.0 244.0 243.0 242.0 242.0 242.0 240.0 243.0 243.0 242.0 242.0
241.0 242.0 232.0 236.0 238.0 224.0 236.0 202.0 234.0 236.0 228.0 241.0
242.0 244.0 244.0 244.0 244.0 244.0 243.0 243.0 244.0 244.0 243.0 243.0
244.0 244.0 246.0 247.0 246.0 246.0 247.0 246.0 246.0 246.0 246.0 244.0
20.8637 80.5086 21.5346 0.00297297 34.186 59.6296 34.7822 50.9762 2.51837 
75.0 15.0 55.0 13.0 12.0
239.0 180.0 211.0 238.0 239.0 229.0 238.0 232.0 240.0 239.0 217.0 209.0
243.0 243.0 244.0 243.0 242.0 242.0 242.0 240.0 243.0 243.0 242.0 242.0
241.0 242.0 232.0 236.0 238.0 223.0 235.0 200.0 234.0 235.0 228.0 242.0
242.0 243.0 244.0 244.0 244.0 244.0 243.0 243.0 243.0 244.0 243.0 243.0
244.0 244.0 246.0 247.0 246.0 247.0 246.0 247.0 245.0 246.0 247.0 244.0
21 80.6202 21.15 0.00297297 34.5736 59.2593 35.5285 52.221 2.51837 
76.0 15.0 58.0 14.0 11.0
239.0 179.0 211.0 238.0 239.0 229.0 238.0 232.0 240.0 239.0 218.0 208.0
243.0 243.0 244.0 243.0 242.0 242.0 242.0 240.0 243.0 243.0 242.0 242.0
240.0 242.0 231.0 235.0 237.0 220.0 235.0 196.0 232.0 234.0 228.0 242.0
241.0 243.0 244.0 244.0 244.0 244.0 243.0 243.0 243.0 244.0 244.0 242.0
243.0 244.0 246.0 248.0 247.0 247.0 246.0 247.0 245.0 246.0 248.0 244.0
21 80.7318 21.15 0.00297297 34.5736 59.2593 35.5285 52.636 2.00816 
77.0 15.0 63.0 13.0 12.0
239.0 178.0 211.0 238.0 239.0 230.0 238.0 233.0 240.0 239.0 218.0 208.0
243.0 243.0 244.0 243.0 242.0 242.0 242.0 240.0 243.0 243.0 242.0 242.0
240.0 242.0 232.0 235.0 238.0 219.0 234.0 192.0 232.0 235.0 228.0 242.0
242.0 243.0 244.0 244.0 244.0 244.0 243.0 242.0 243.0 244.0 243.0 243.0
244.0 244.0 246.0 247.0 247.0 246.0 247.0 247.0 246.0 246.0 247.0 244.0
21 80.7318 20.7654 0.00297297 34.9612 59.2593 35.9016 52.636 2.00816 
78.0 15.0 68.0 14.0 11.0
239.0 177.0 210.0 238.0 239.0 229.0 238.0 232.0 240.0 238.0 217.0 206.0
242.0 243.0 244.0 243.0 242.0 242.0 242.0 240.0 243.0 243.0 242.0 242.0
241.0 242.0 230.0 235.0 237.0 217.0 234.0 187.0 232.0 234.0 227.0 242.0
242.0 243.0 244.0 244.0 244.0 244.0 244.0 242.0 243.0 244.0 243.0 243.0
244.0 244.0 246.0 247.0 247.0 245.0 247.0 247.0 245.0 245.0 247.0 244.0
20.8637 80.6202 20.7654 0.00297297 34.9612 59.2593 35.9016 53.4659 2.00816 
79.0 15.0 70.0 13.0 11.0
239.0 175.0 211.0 238.0 239.0 229.0 239.0 233.0 239.0 239.0 218.0 206.0
243.0 243.0 244.0 243.0 242.0 242.0 242.0 240.0 243.0 243.0 242.0 242.0
241.0 242.0 231.0 234.0 238.0 215.0 234.0 184.0 232.0 234.0 227.0 242.0
241.0 243.0 244.0 244.0 244.0 244.0 243.0 243.0 243.0 244.0 243.0 243.0
243.0 244.0 247.0 248.0 246.0 246.0 246.0 246.0 247.0 246.0 247.0 244.0
21 80.0621 20.3808 -1.07811 34.9612 59.2593 35.9016 53.4659 2.00816 
81.0 15.0 74.0 14.0 12.0
239.0 173.0 209.0 237.0 239.0 229.0 237.0 232.0 239.0 239.0 217.0 205.0
242.0 243.0 244.0 243.0 242.0 242.0 242.0 240.0 243.0 243.0 242.0 242.0
240.0 242.0 230.0 233.0 238.0 212.0 231.0 181.0 231.0 234.0 227.0 242.0
241.0 243.0 244.0 244.0 244.0 244.0 243.0 243.0 244.0 244.0 243.0 243.0
244.0 244.0 246.0 247.0 247.0 247.0 247.0 247.0 247.0 246.0 246.0 245.0
21 80.0621 20.3808 -1.07811 34.9612 59.2593 35.9016 53.8808 1.49796 
81.0 15.0 75.0 14.0 12.0
239.0 174.0 211.0 238.0 239.0 229.0 237.0 233.0 239.0 239.0 217.0 205.0
242.0 243.0 244.0 243.0 242.0 242.0 242.0 240.0 243.0 243.0 242.0 242.0
239.0 242.0 230.0 234.0 237.0 212.0 232.0 179.0 231.0 233.0 227.0 242.0
242.0 243.0 244.0 244.0 244.0 244.0 244.0 243.0 244.0 244.0 244.0 243.0
244.0 244.0 245.0 247.0 246.0 247.0 247.0 246.0 245.0 246.0 247.0 244.0
21 79.9505 20.3808 -1.07811 34.9612 59.6296 35.9016 53.8808 1.49796 
81.0 15.0 77.0 13.0 11.0
238.0 174.0 211.0 238.0 239.0 229.0 237.0 233.0 240.0 239.0 218.0 205.0
243.0 243.0 244.0 243.0 242.0 242.0 242.0 240.0 243.0 243.0 242.0 242.0
240.0 242.0 230.0 234.0 237.0 212.0 233.0 178.0 231.0 233.0 226.0 242.0
241.0 243.0 244.0 244.0 244.0 244.0 243.0 243.0 243.0 244.0 244.0 242.0
244.0 244.0 246.0 248.0 247.0 247.0 247.0 247.0 246.0 246.0 248.0 244.0
21.1364 79.8389 20.3808 -1.07811 34.9612 59.6296 35.9016 53.8808 1.49796 
81.0 15.0 79.0 14.0 11.0
238.0 175.0 211.0 238.0 239.0 229.0 238.0 232.0 240.0 239.0 217.0 205.0
243.0 243.0 244.0 243.0 242.0 242.0 242.0 240.0 243.0 243.0 242.0 242.0
239.0 241.0 230.0 234.0 237.0 211.0 232.0 176.0 231.0 233.0 227.0 242.0
241.0 243.0 244.0 244.0 244.0 244.0 243.0 243.0 243.0 244.0 244.0 242.0
244.0 244.0 246.0 247.0 246.0 246.0 247.0 247.0 246.0 245.0 247.0 244.0
21.1364 79.8389 20.3808 -1.07811 34.9612 59.6296 35.9016 53.4659 1.49796 
81.0 15.0 83.0 14.0 11.0
239.0 174.0 211.0 238.0 239.0 229.0 238.0 233.0 239.0 238.0 217.0 205.0
243.0 243.0 244.0 243.0 242.0 242.0 242.0 240.0 243.0 243.0 242.0 242.0
240.0 242.0 230.0 234.0 237.0 209.0 232.0 172.0 231.0 233.0 226.0 242.0
242.0 243.0 244.0 244.0 244.0 244.0 244.0 243.0 244.0 244.0 244.0 243.0
244.0 244.0 247.0 246.0 247.0 246.0 246.0 247.0 246.0 247.0 245.0 245.0
