-10000
20.591 80.0621 10.3808 24.3273 33.7984 47.4074 39.633 31.8891 82.1102 
30.0 20.0 45.0 12.0 13.0
242.0 234.0 225.0 240.0 241.0 233.0 239.0 233.0 241.0 241.0 226.0 237.0
244.0 243.0 243.0 244.0 243.0 241.0 246.0 236.0 244.0 244.0 240.0 243.0
245.0 240.0 231.0 239.0 233.0 232.0 234.0 218.0 235.0 236.0 208.0 237.0
243.0 243.0 243.0 243.0 244.0 243.0 243.0 243.0 243.0 243.0 243.0 244.0
243.0 243.0 243.0 243.0 243.0 242.0 243.0 242.0 244.0 242.0 242.0 243.0
19.7728 80.0621 15.7654 23.7868 34.5736 47.037 39.633 31.8891 82.6204 
38.0 21.0 49.0 12.0 13.0
242.0 231.0 216.0 240.0 240.0 226.0 238.0 227.0 240.0 240.0 218.0 234.0
243.0 243.0 242.0 244.0 243.0 239.0 246.0 232.0 244.0 243.0 238.0 242.0
244.0 240.0 230.0 239.0 233.0 232.0 233.0 217.0 235.0 236.0 207.0 238.0
243.0 244.0 244.0 243.0 244.0 244.0 243.0 243.0 243.0 244.0 243.0 243.0
243.0 242.0 243.0 244.0 243.0 243.0 243.0 242.0 244.0 243.0 242.0 242.0
19.6364 80.1737 16.5346 22.7057 34.5736 47.037 39.2599 32.304 82.6204 
43.0 24.0 53.0 12.0 13.0
242.0 227.0 211.0 239.0 240.0 225.0 237.0 226.0 240.0 240.0 213.0 231.0
243.0 243.0 243.0 243.0 243.0 239.0 246.0 230.0 244.0 244.0 236.0 242.0
245.0 240.0 229.0 239.0 233.0 231.0 233.0 214.0 234.0 236.0 200.0 237.0
243.0 244.0 243.0 243.0 244.0 243.0 243.0 243.0 243.0 243.0 243.0 243.0
243.0 242.0 243.0 244.0 244.0 242.0 243.0 243.0 242.0 242.0 243.0 242.0
19.7728 80.2854 16.5346 22.7057 34.9612 47.037 39.2599 33.1339 82.6204 
46.0 27.0 57.0 12.0 13.0
242.0 224.0 208.0 239.0 240.0 223.0 237.0 225.0 240.0 239.0 210.0 229.0
243.0 243.0 242.0 243.0 243.0 239.0 247.0 229.0 244.0 244.0 236.0 243.0
244.0 240.0 228.0 240.0 233.0 230.0 234.0 208.0 235.0 236.0 196.0 238.0
243.0 244.0 243.0 243.0 243.0 243.0 244.0 243.0 243.0 243.0 243.0 243.0
243.0 243.0 243.0 244.0 244.0 242.0 243.0 242.0 243.0 243.0 243.0 244.0
19.9091 80.5086 16.5346 21.6246 35.3488 47.4074 39.633 33.9638 83.1306 
48.0 30.0 60.0 12.0 13.0
243.0 221.0 207.0 239.0 239.0 223.0 237.0 225.0 240.0 239.0 208.0 228.0
243.0 243.0 242.0 243.0 243.0 237.0 246.0 225.0 244.0 244.0 234.0 243.0
244.0 240.0 227.0 240.0 233.0 227.0 233.0 203.0 235.0 236.0 195.0 238.0
243.0 243.0 244.0 243.0 243.0 244.0 243.0 243.0 243.0 243.0 243.0 243.0
243.0 243.0 244.0 244.0 243.0 243.0 242.0 243.0 244.0 242.0 242.0 243.0
19.7728 80.397 16.15 21.6246 35.3488 48.8889 39.633 35.2086 83.1306 
49.0 32.0 61.0 12.0 13.0
242.0 219.0 206.0 238.0 240.0 223.0 237.0 225.0 240.0 239.0 207.0 226.0
243.0 242.0 243.0 243.0 243.0 237.0 247.0 223.0 244.0 244.0 234.0 243.0
244.0 241.0 227.0 240.0 234.0 225.0 234.0 197.0 233.0 235.0 194.0 238.0
243.0 244.0 243.0 243.0 243.0 243.0 243.0 244.0 243.0 243.0 244.0 243.0
244.0 243.0 242.0 244.0 243.0 242.0 243.0 243.0 243.0 242.0 242.0 244.0
20.0455 80.397 16.15 21.0841 35.3488 48.8889 39.633 36.4534 83.1306 
50.0 35.0 63.0 12.0 14.0
243.0 218.0 205.0 239.0 240.0 222.0 238.0 226.0 240.0 239.0 206.0 225.0
243.0 243.0 242.0 243.0 244.0 235.0 247.0 218.0 244.0 244.0 233.0 242.0
244.0 241.0 228.0 240.0 233.0 224.0 234.0 191.0 233.0 235.0 195.0 239.0
243.0 244.0 243.0 243.0 244.0 243.0 244.0 243.0 243.0 243.0 244.0 243.0
243.0 242.0 244.0 243.0 243.0 243.0 242.0 242.0 243.0 242.0 242.0 243.0
20.0455 80.5086 16.15 21.0841 35.7364 49.6296 40.0061 36.0385 83.6408 
51.0 37.0 67.0 12.0 12.0
243.0 216.0 204.0 238.0 240.0 223.0 237.0 225.0 240.0 239.0 205.0 224.0
243.0 243.0 242.0 243.0 243.0 235.0 247.0 217.0 244.0 244.0 233.0 243.0
244.0 240.0 226.0 240.0 232.0 222.0 234.0 188.0 234.0 233.0 193.0 239.0
243.0 243.0 244.0 243.0 244.0 243.0 244.0 243.0 243.0 243.0 244.0 243.0
244.0 242.0 243.0 244.0 242.0 243.0 243.0 243.0 242.0 242.0 243.0 242.0
20.3182 80.6202 15.7654 21.0841 35.7364 49.6296 40.0061 36.4534 83.1306 
51.0 38.0 71.0 12.0 14.0
242.0 215.0 204.0 238.0 240.0 222.0 237.0 225.0 240.0 239.0 204.0 223.0
243.0 243.0 242.0 244.0 242.0 235.0 247.0 217.0 244.0 244.0 233.0 243.0
245.0 240.0 225.0 240.0 233.0 222.0 233.0 184.0 232.0 234.0 192.0 238.0
243.0 244.0 244.0 244.0 243.0 244.0 243.0 243.0 243.0 243.0 243.0 243.0
243.0 243.0 242.0 244.0 244.0 242.0 244.0 243.0 243.0 242.0 242.0 244.0
20.3182 80.6202 16.15 21.0841 35.7364 49.6296 40.0061 36.4534 83.1306 
52.0 39.0 71.0 12.0 13.0
242.0 214.0 202.0 239.0 240.0 222.0 237.0 224.0 240.0 239.0 202.0 223.0
243.0 243.0 242.0 243.0 244.0 234.0 247.0 216.0 244.0 244.0 233.0 243.0
244.0 240.0 225.0 240.0 232.0 221.0 232.0 183.0 232.0 233.0 191.0 238.0
243.0 244.0 244.0 243.0 243.0 243.0 244.0 243.0 243.0 243.0 243.0 243.0
244.0 242.0 244.0 244.0 242.0 244.0 243.0 243.0 243.0 243.0 242.0 244.0
20.3182 80.397 16.15 21.6246 35.7364 49.6296 40.0061 36.8683 83.1306 
54.0 39.0 74.0 12.0 14.0
243.0 213.0 200.0 238.0 239.0 221.0 237.0 224.0 240.0 239.0 201.0 222.0
243.0 243.0 242.0 243.0 243.0 235.0 248.0 216.0 244.0 244.0 232.0 242.0
244.0 239.0 226.0 240.0 232.0 219.0 233.0 181.0 233.0 233.0 189.0 239.0
243.0 244.0 243.0 243.0 243.0 244.0 243.0 243.0 243.0 243.0 243.0 243.0
244.0 243.0 242.0 244.0 243.0 242.0 243.0 242.0 243.0 243.0 243.0 243.0
20.0455 80.397 16.15 21.6246 35.7364 49.6296 40.0061 37.2833 83.6408 
56.0 40.0 75.0 12.0 13.0
243.0 212.0 199.0 238.0 240.0 221.0 237.0 223.0 240.0 239.0 200.0 221.0
243.0 242.0 242.0 243.0 244.0 235.0 247.0 215.0 244.0 244.0 232.0 243.0
244.0 240.0 226.0 240.0 232.0 219.0 233.0 179.0 232.0 234.0 188.0 239.0
243.0 244.0 243.0 243.0 243.0 243.0 244.0 243.0 243.0 243.0 244.0 243.0
244.0 243.0 244.0 244.0 242.0 242.0 243.0 242.0 244.0 242.0 243.0 243.0
20.0455 80.397 16.15 21.6246 35.7364 50 39.633 38.1132 83.6408 
56.0 39.0 80.0 12.0 13.0
243.0 212.0 199.0 239.0 239.0 220.0 237.0 224.0 240.0 239.0 200.0 221.0
243.0 243.0 243.0 243.0 243.0 235.0 246.0 216.0 245.0 244.0 233.0 242.0
244.0 240.0 225.0 240.0 233.0 218.0 234.0 174.0 232.0 233.0 188.0 239.0
243.0 243.0 243.0 244.0 244.0 244.0 243.0 243.0 243.0 243.0 244.0 243.0
243.0 243.0 242.0 244.0 242.0 243.0 243.0 243.0 243.0 242.0 243.0 244.0
