-10000
20.3182 79.8389 17.3038 23.7868 33.4109 47.037 38.5136 30.6443 82.1102 
42.0 21.0 47.0 12.0 13.0
242.0 234.0 214.0 240.0 239.0 221.0 236.0 223.0 240.0 240.0 217.0 237.0
243.0 242.0 243.0 243.0 243.0 237.0 247.0 234.0 244.0 244.0 241.0 243.0
244.0 241.0 231.0 238.0 234.0 232.0 234.0 214.0 235.0 235.0 208.0 238.0
243.0 243.0 243.0 243.0 243.0 243.0 243.0 243.0 243.0 243.0 243.0 243.0
243.0 242.0 243.0 244.0 243.0 243.0 243.0 242.0 243.0 242.0 244.0 243.0
19.5 79.8389 17.6885 23.2462 33.7984 46.6667 38.5136 30.6443 82.6204 
46.0 24.0 48.0 12.0 13.0
242.0 232.0 209.0 239.0 239.0 218.0 236.0 220.0 240.0 240.0 212.0 235.0
243.0 243.0 243.0 243.0 243.0 235.0 247.0 231.0 244.0 244.0 241.0 242.0
244.0 240.0 231.0 239.0 234.0 231.0 234.0 213.0 234.0 235.0 207.0 238.0
244.0 244.0 244.0 244.0 243.0 243.0 244.0 243.0 243.0 243.0 244.0 244.0
242.0 243.0 244.0 244.0 243.0 243.0 242.0 242.0 243.0 243.0 244.0 243.0
19.5 79.9505 17.6885 22.1651 34.186 46.6667 38.8867 31.0592 83.1306 
49.0 27.0 50.0 12.0 13.0
242.0 230.0 205.0 239.0 239.0 216.0 236.0 219.0 239.0 239.0 209.0 234.0
243.0 243.0 243.0 243.0 243.0 233.0 248.0 228.0 244.0 244.0 240.0 242.0
244.0 240.0 230.0 240.0 234.0 230.0 234.0 208.0 234.0 236.0 204.0 238.0
243.0 244.0 243.0 243.0 244.0 243.0 244.0 243.0 243.0 243.0 243.0 243.0
244.0 243.0 244.0 244.0 242.0 243.0 243.0 242.0 242.0 243.0 242.0 244.0
19.6364 80.2854 17.3038 22.1651 34.9612 48.1481 39.2599 33.5488 83.1306 
52.0 31.0 55.0 12.0 12.0
242.0 228.0 203.0 238.0 239.0 216.0 237.0 220.0 239.0 239.0 206.0 233.0
244.0 243.0 241.0 243.0 243.0 231.0 248.0 224.0 244.0 244.0 240.0 243.0
244.0 240.0 230.0 240.0 234.0 227.0 234.0 198.0 234.0 234.0 203.0 239.0
243.0 244.0 243.0 243.0 244.0 243.0 243.0 243.0 243.0 243.0 243.0 243.0
242.0 243.0 243.0 244.0 243.0 243.0 243.0 242.0 244.0 243.0 242.0 243.0
19.7728 80.397 16.9192 21.0841 34.9612 48.8889 39.633 34.3787 83.1306 
54.0 36.0 62.0 12.0 13.0
243.0 225.0 201.0 238.0 239.0 216.0 236.0 219.0 240.0 239.0 205.0 231.0
243.0 242.0 242.0 243.0 244.0 229.0 249.0 218.0 244.0 244.0 239.0 243.0
244.0 240.0 229.0 240.0 234.0 225.0 234.0 192.0 233.0 234.0 203.0 240.0
243.0 244.0 243.0 243.0 244.0 243.0 244.0 243.0 243.0 243.0 243.0 243.0
242.0 243.0 243.0 244.0 243.0 242.0 244.0 243.0 243.0 243.0 242.0 243.0
19.7728 80.2854 16.9192 20.5435 35.3488 49.6296 39.633 35.6235 83.1306 
55.0 37.0 67.0 12.0 14.0
242.0 224.0 199.0 238.0 239.0 215.0 236.0 219.0 239.0 239.0 202.0 230.0
243.0 243.0 242.0 243.0 243.0 229.0 248.0 216.0 244.0 244.0 240.0 243.0
245.0 240.0 229.0 240.0 234.0 223.0 234.0 186.0 233.0 234.0 203.0 240.0
243.0 244.0 243.0 243.0 243.0 243.0 243.0 243.0 243.0 243.0 243.0 244.0
242.0 243.0 243.0 244.0 243.0 242.0 243.0 243.0 242.0 242.0 243.0 243.0
19.7728 80.2854 16.5346 20.5435 35.3488 50 39.633 36.4534 83.1306 
55.0 39.0 73.0 12.0 13.0
242.0 223.0 198.0 239.0 239.0 216.0 236.0 219.0 239.0 239.0 201.0 229.0
243.0 243.0 242.0 243.0 243.0 228.0 248.0 216.0 244.0 244.0 240.0 243.0
244.0 241.0 228.0 240.0 234.0 222.0 233.0 181.0 232.0 234.0 202.0 240.0
243.0 244.0 243.0 243.0 243.0 243.0 244.0 243.0 243.0 243.0 244.0 244.0
243.0 243.0 243.0 244.0 243.0 243.0 243.0 243.0 243.0 242.0 242.0 243.0
20.3182 80.5086 16.5346 21.0841 35.3488 50.7407 39.633 36.8683 83.1306 
57.0 41.0 77.0 12.0 13.0
242.0 222.0 198.0 238.0 239.0 215.0 236.0 220.0 239.0 239.0 199.0 229.0
243.0 243.0 241.0 243.0 243.0 227.0 248.0 214.0 244.0 244.0 241.0 243.0
244.0 240.0 228.0 240.0 233.0 220.0 234.0 177.0 232.0 233.0 201.0 240.0
243.0 244.0 243.0 244.0 243.0 243.0 243.0 243.0 243.0 243.0 243.0 243.0
244.0 243.0 243.0 244.0 243.0 243.0 242.0 242.0 243.0 243.0 242.0 244.0
20.3182 80.6202 16.15 20.5435 35.7364 50.3704 40.0061 36.4534 83.1306 
59.0 47.0 80.0 12.0 14.0
242.0 220.0 197.0 238.0 239.0 215.0 236.0 219.0 240.0 239.0 198.0 228.0
243.0 242.0 242.0 243.0 244.0 224.0 249.0 208.0 244.0 244.0 238.0 243.0
244.0 240.0 228.0 240.0 234.0 220.0 234.0 174.0 232.0 233.0 202.0 239.0
244.0 243.0 244.0 243.0 243.0 244.0 243.0 243.0 243.0 243.0 244.0 243.0
244.0 243.0 244.0 243.0 243.0 243.0 244.0 243.0 243.0 243.0 242.0 244.0
20.3182 80.6202 16.15 20.5435 35.7364 50.3704 40.0061 36.8683 83.1306 
59.0 47.0 83.0 12.0 14.0
242.0 220.0 196.0 238.0 239.0 214.0 236.0 219.0 239.0 239.0 197.0 227.0
243.0 242.0 242.0 243.0 244.0 225.0 248.0 208.0 245.0 244.0 239.0 243.0
244.0 240.0 227.0 240.0 233.0 218.0 234.0 170.0 232.0 232.0 202.0 239.0
243.0 244.0 243.0 243.0 243.0 243.0 243.0 243.0 243.0 243.0 243.0 243.0
244.0 243.0 244.0 243.0 243.0 242.0 243.0 243.0 242.0 242.0 242.0 244.0
20.0455 80.5086 16.15 21.0841 36.124 50.3704 40.0061 37.2833 83.1306 
61.0 47.0 85.0 12.0 13.0
242.0 219.0 194.0 238.0 239.0 213.0 236.0 218.0 239.0 238.0 196.0 227.0
243.0 243.0 241.0 243.0 243.0 224.0 248.0 208.0 244.0 244.0 240.0 243.0
244.0 239.0 227.0 239.0 232.0 217.0 233.0 169.0 231.0 233.0 201.0 240.0
243.0 243.0 243.0 243.0 243.0 243.0 243.0 243.0 243.0 243.0 243.0 244.0
244.0 242.0 242.0 244.0 242.0 242.0 244.0 242.0 243.0 242.0 243.0 243.0
19.9091 80.397 16.15 21.6246 35.7364 50.3704 40.0061 37.6982 83.6408 
62.0 48.0 91.0 12.0 13.0
242.0 219.0 192.0 238.0 239.0 213.0 236.0 217.0 239.0 238.0 194.0 227.0
243.0 242.0 241.0 244.0 243.0 225.0 248.0 207.0 244.0 244.0 239.0 243.0
244.0 240.0 227.0 240.0 233.0 216.0 234.0 165.0 231.0 232.0 200.0 240.0
243.0 243.0 243.0 243.0 244.0 243.0 243.0 243.0 243.0 243.0 243.0 243.0
243.0 242.0 242.0 244.0 243.0 243.0 244.0 241.0 243.0 242.0 243.0 243.0
