-10000
19.9091 79.8389 16.9192 23.2462 33.7984 46.6667 38.8867 30.6443 82.1102 
39.0 19.0 51.0 12.0 13.0
242.0 232.0 216.0 239.0 240.0 226.0 237.0 227.0 240.0 240.0 219.0 235.0
243.0 243.0 241.0 243.0 243.0 238.0 246.0 237.0 244.0 244.0 240.0 242.0
245.0 241.0 231.0 241.0 233.0 233.0 234.0 217.0 235.0 235.0 203.0 237.0
243.0 244.0 243.0 244.0 243.0 243.0 243.0 243.0 244.0 243.0 243.0 243.0
243.0 242.0 244.0 244.0 243.0 242.0 243.0 243.0 242.0 243.0 242.0 244.0
19.6364 79.9505 17.6885 22.1651 33.7984 46.6667 38.8867 31.0592 82.1102 
42.0 22.0 54.0 12.0 13.0
243.0 228.0 212.0 239.0 240.0 224.0 237.0 225.0 240.0 240.0 215.0 233.0
243.0 243.0 241.0 243.0 243.0 237.0 246.0 234.0 244.0 244.0 239.0 242.0
245.0 240.0 230.0 240.0 234.0 232.0 234.0 215.0 234.0 236.0 200.0 236.0
243.0 244.0 244.0 243.0 243.0 244.0 243.0 243.0 243.0 243.0 243.0 243.0
243.0 243.0 243.0 243.0 243.0 243.0 243.0 243.0 242.0 243.0 243.0 244.0
19.7728 80.1737 17.3038 21.6246 34.186 48.1481 38.8867 33.9638 83.1306 
46.0 24.0 56.0 12.0 13.0
242.0 225.0 209.0 239.0 240.0 224.0 237.0 225.0 240.0 239.0 212.0 230.0
242.0 244.0 240.0 243.0 243.0 233.0 247.0 230.0 244.0 244.0 238.0 243.0
245.0 242.0 230.0 242.0 234.0 230.0 234.0 208.0 234.0 235.0 198.0 238.0
243.0 244.0 244.0 243.0 244.0 244.0 243.0 244.0 243.0 243.0 243.0 244.0
243.0 243.0 243.0 243.0 242.0 242.0 242.0 242.0 243.0 243.0 243.0 243.0
19.7728 80.1737 17.3038 21.6246 34.5736 48.5185 38.8867 34.7937 83.1306 
48.0 27.0 58.0 12.0 14.0
242.0 222.0 208.0 239.0 240.0 222.0 237.0 225.0 240.0 239.0 209.0 228.0
242.0 243.0 240.0 244.0 243.0 232.0 246.0 228.0 244.0 244.0 238.0 243.0
245.0 241.0 229.0 241.0 233.0 228.0 233.0 203.0 233.0 235.0 196.0 237.0
243.0 244.0 243.0 243.0 244.0 243.0 244.0 243.0 243.0 243.0 243.0 244.0
243.0 243.0 243.0 243.0 242.0 242.0 242.0 243.0 243.0 242.0 242.0 244.0
19.7728 80.2854 16.9192 21.0841 34.9612 49.6296 39.2599 36.0385 83.1306 
48.0 31.0 60.0 12.0 13.0
242.0 219.0 206.0 239.0 240.0 222.0 237.0 225.0 240.0 239.0 208.0 227.0
243.0 243.0 240.0 243.0 243.0 230.0 247.0 224.0 244.0 244.0 238.0 243.0
245.0 241.0 228.0 240.0 233.0 225.0 234.0 195.0 233.0 234.0 196.0 238.0
243.0 244.0 243.0 243.0 243.0 244.0 243.0 243.0 243.0 243.0 243.0 243.0
243.0 242.0 243.0 244.0 243.0 242.0 243.0 243.0 243.0 243.0 242.0 244.0
19.6364 80.2854 16.9192 20.5435 34.9612 49.6296 39.2599 36.8683 83.1306 
50.0 33.0 65.0 12.0 13.0
242.0 218.0 205.0 239.0 240.0 222.0 237.0 225.0 240.0 239.0 206.0 225.0
243.0 243.0 240.0 243.0 244.0 228.0 247.0 222.0 244.0 244.0 239.0 243.0
245.0 241.0 228.0 240.0 233.0 223.0 233.0 189.0 232.0 233.0 196.0 239.0
243.0 244.0 243.0 243.0 243.0 243.0 244.0 243.0 243.0 243.0 243.0 243.0
244.0 243.0 243.0 244.0 242.0 243.0 243.0 243.0 242.0 243.0 242.0 242.0
20.0455 80.397 16.5346 20.5435 34.9612 50.7407 39.633 37.2833 83.6408 
51.0 35.0 67.0 12.0 13.0
243.0 216.0 204.0 239.0 239.0 222.0 237.0 225.0 240.0 239.0 205.0 224.0
244.0 242.0 241.0 243.0 243.0 227.0 247.0 219.0 244.0 244.0 238.0 242.0
245.0 240.0 228.0 240.0 233.0 223.0 233.0 188.0 232.0 234.0 195.0 238.0
243.0 244.0 243.0 244.0 243.0 243.0 244.0 243.0 244.0 243.0 243.0 243.0
244.0 242.0 244.0 244.0 243.0 243.0 242.0 243.0 243.0 242.0 244.0 243.0
20.1819 80.5086 16.15 21.0841 35.7364 50.3704 40.0061 37.2833 83.6408 
52.0 40.0 71.0 12.0 13.0
243.0 214.0 203.0 238.0 239.0 222.0 237.0 225.0 239.0 239.0 203.0 223.0
242.0 243.0 240.0 244.0 243.0 226.0 247.0 217.0 244.0 244.0 237.0 242.0
245.0 240.0 227.0 240.0 232.0 221.0 233.0 182.0 232.0 233.0 193.0 238.0
244.0 244.0 243.0 243.0 244.0 243.0 244.0 243.0 243.0 243.0 243.0 243.0
244.0 242.0 244.0 244.0 244.0 242.0 243.0 244.0 243.0 243.0 243.0 243.0
20.0455 80.5086 16.15 21.6246 35.7364 50.3704 40.0061 37.6982 83.6408 
53.0 41.0 74.0 12.0 13.0
242.0 213.0 202.0 239.0 239.0 221.0 238.0 225.0 240.0 239.0 203.0 222.0
243.0 242.0 241.0 242.0 244.0 225.0 247.0 215.0 244.0 244.0 237.0 243.0
245.0 240.0 226.0 240.0 233.0 221.0 233.0 181.0 231.0 233.0 193.0 239.0
243.0 244.0 243.0 243.0 244.0 244.0 244.0 243.0 243.0 243.0 244.0 243.0
243.0 243.0 243.0 244.0 243.0 243.0 243.0 243.0 243.0 243.0 242.0 243.0
19.9091 80.397 16.15 22.1651 35.7364 50.3704 40.0061 38.1132 83.6408 
56.0 39.0 76.0 12.0 13.0
242.0 213.0 199.0 238.0 239.0 220.0 237.0 223.0 240.0 239.0 200.0 222.0
243.0 243.0 240.0 243.0 243.0 225.0 247.0 215.0 245.0 244.0 237.0 243.0
244.0 241.0 225.0 240.0 232.0 220.0 233.0 179.0 231.0 232.0 192.0 238.0
243.0 243.0 243.0 244.0 243.0 243.0 244.0 244.0 243.0 243.0 244.0 243.0
242.0 243.0 243.0 244.0 243.0 243.0 243.0 242.0 243.0 242.0 244.0 242.0
19.7728 80.397 16.15 22.1651 35.7364 50.3704 40.0061 38.1132 83.6408 
56.0 40.0 80.0 12.0 13.0
242.0 212.0 198.0 238.0 239.0 219.0 237.0 223.0 239.0 239.0 199.0 221.0
243.0 243.0 240.0 243.0 243.0 225.0 247.0 216.0 244.0 244.0 236.0 243.0
244.0 240.0 225.0 240.0 232.0 218.0 233.0 175.0 231.0 232.0 191.0 239.0
243.0 244.0 243.0 244.0 243.0 243.0 243.0 243.0 243.0 243.0 243.0 244.0
244.0 242.0 243.0 244.0 242.0 241.0 243.0 242.0 243.0 243.0 243.0 243.0
20.1819 80.5086 16.15 21.6246 35.7364 50.3704 40.0061 38.5281 83.6408 
57.0 41.0 82.0 12.0 13.0
242.0 212.0 198.0 238.0 239.0 219.0 237.0 223.0 239.0 239.0 199.0 221.0
242.0 243.0 241.0 244.0 243.0 225.0 247.0 215.0 244.0 244.0 236.0 243.0
245.0 240.0 225.0 240.0 232.0 217.0 233.0 173.0 231.0 232.0 191.0 238.0
243.0 244.0 243.0 244.0 243.0 243.0 243.0 243.0 243.0 243.0 243.0 243.0
243.0 243.0 244.0 243.0 243.0 242.0 242.0 243.0 243.0 243.0 242.0 243.0
