-10000
21.2728 80.1737 21.5346 -0.537568 32.6357 60.7407 19.4837 46.4119 6.6 
62.0 15.0 12.0 13.0 11.0
241.0 193.0 216.0 238.0 240.0 232.0 238.0 233.0 240.0 239.0 221.0 214.0
243.0 243.0 244.0 243.0 242.0 242.0 242.0 240.0 243.0 243.0 242.0 242.0
244.0 244.0 246.0 246.0 247.0 247.0 247.0 247.0 245.0 244.0 244.0 243.0
241.0 243.0 244.0 244.0 244.0 244.0 244.0 243.0 244.0 244.0 243.0 243.0
244.0 245.0 248.0 247.0 247.0 247.0 248.0 247.0 246.0 247.0 247.0 246.0
21.2728 80.2854 21.5346 -0.537568 33.0233 60.3704 19.4837 48.0717 6.6 
65.0 15.0 12.0 13.0 11.0
241.0 190.0 215.0 239.0 239.0 231.0 238.0 233.0 240.0 239.0 220.0 213.0
243.0 243.0 244.0 243.0 242.0 242.0 242.0 240.0 243.0 243.0 242.0 242.0
244.0 244.0 246.0 246.0 248.0 247.0 247.0 247.0 244.0 244.0 244.0 243.0
242.0 243.0 244.0 244.0 244.0 244.0 244.0 242.0 244.0 244.0 244.0 243.0
244.0 244.0 246.0 247.0 247.0 247.0 247.0 247.0 246.0 247.0 246.0 244.0
21.2728 80.5086 21.5346 -0.537568 33.0233 60.3704 20.6031 50.5613 6.6 
65.0 15.0 13.0 13.0 11.0
241.0 190.0 215.0 239.0 239.0 231.0 238.0 233.0 240.0 239.0 220.0 213.0
243.0 243.0 244.0 243.0 242.0 242.0 242.0 240.0 243.0 243.0 242.0 242.0
244.0 244.0 245.0 245.0 246.0 247.0 246.0 246.0 244.0 244.0 244.0 242.0
241.0 243.0 244.0 244.0 244.0 244.0 244.0 243.0 244.0 244.0 243.0 242.0
244.0 244.0 247.0 247.0 247.0 247.0 247.0 246.0 245.0 247.0 247.0 244.0
21.2728 80.6202 21.15 -0.537568 33.7984 60 26.5733 49.3165 6.6 
67.0 15.0 30.0 13.0 11.0
241.0 188.0 215.0 238.0 239.0 231.0 239.0 233.0 240.0 238.0 221.0 211.0
243.0 243.0 244.0 243.0 242.0 242.0 242.0 240.0 243.0 243.0 242.0 242.0
243.0 241.0 236.0 239.0 239.0 235.0 237.0 222.0 236.0 237.0 228.0 240.0
242.0 243.0 244.0 244.0 244.0 244.0 243.0 243.0 244.0 244.0 243.0 243.0
245.0 244.0 246.0 248.0 247.0 247.0 247.0 248.0 246.0 247.0 247.0 244.0
21.2728 80.8434 20.7654 0.00297297 34.186 59.6296 32.1703 48.4866 6.6 
69.0 15.0 41.0 14.0 12.0
241.0 185.0 214.0 238.0 239.0 231.0 238.0 233.0 240.0 238.0 220.0 210.0
243.0 243.0 244.0 243.0 242.0 242.0 242.0 240.0 243.0 243.0 242.0 242.0
242.0 241.0 235.0 239.0 239.0 231.0 238.0 214.0 236.0 237.0 228.0 241.0
242.0 243.0 244.0 244.0 244.0 244.0 244.0 243.0 244.0 244.0 243.0 243.0
245.0 243.0 247.0 248.0 247.0 246.0 247.0 247.0 246.0 246.0 248.0 246.0
21.1364 80.7318 20.7654 -0.537568 34.186 60 33.6628 48.9015 6.6 
70.0 15.0 46.0 14.0 11.0
241.0 185.0 214.0 239.0 239.0 231.0 238.0 233.0 240.0 239.0 220.0 210.0
243.0 243.0 244.0 243.0 242.0 242.0 242.0 240.0 243.0 243.0 242.0 242.0
242.0 241.0 234.0 240.0 239.0 228.0 237.0 209.0 235.0 236.0 228.0 241.0
242.0 243.0 244.0 244.0 244.0 244.0 243.0 243.0 244.0 244.0 244.0 243.0
244.0 244.0 247.0 249.0 247.0 248.0 248.0 247.0 246.0 248.0 247.0 245.0
21.1364 80.7318 20.7654 0.00297297 34.5736 60 34.7822 49.7314 6.6 
71.0 15.0 50.0 13.0 12.0
241.0 184.0 214.0 238.0 239.0 231.0 238.0 233.0 240.0 239.0 220.0 210.0
243.0 243.0 244.0 243.0 242.0 242.0 242.0 240.0 243.0 243.0 242.0 242.0
242.0 242.0 233.0 238.0 239.0 226.0 237.0 205.0 235.0 236.0 228.0 242.0
242.0 244.0 244.0 244.0 244.0 244.0 244.0 243.0 244.0 244.0 244.0 242.0
244.0 244.0 248.0 248.0 247.0 247.0 247.0 247.0 246.0 246.0 247.0 244.0
20.8637 80.955 20.7654 0.00297297 34.5736 60 35.1554 50.9762 6.6 
72.0 15.0 53.0 13.0 11.0
241.0 183.0 214.0 239.0 239.0 231.0 238.0 233.0 240.0 239.0 220.0 209.0
243.0 243.0 244.0 243.0 242.0 242.0 242.0 240.0 243.0 243.0 242.0 242.0
242.0 242.0 233.0 238.0 239.0 223.0 237.0 201.0 234.0 236.0 228.0 242.0
242.0 243.0 244.0 244.0 244.0 244.0 243.0 243.0 244.0 244.0 243.0 243.0
244.0 245.0 247.0 248.0 247.0 247.0 248.0 247.0 246.0 247.0 248.0 245.0
21 81.0666 20.3808 0.00297297 34.9612 60.7407 35.9016 52.636 6.6 
75.0 15.0 56.0 13.0 11.0
241.0 180.0 213.0 238.0 239.0 231.0 238.0 233.0 240.0 239.0 220.0 208.0
243.0 243.0 244.0 243.0 242.0 242.0 242.0 240.0 243.0 243.0 242.0 242.0
241.0 242.0 232.0 238.0 239.0 221.0 236.0 199.0 233.0 235.0 228.0 242.0
242.0 244.0 244.0 244.0 244.0 244.0 244.0 243.0 244.0 244.0 243.0 243.0
244.0 245.0 246.0 248.0 247.0 247.0 248.0 246.0 247.0 247.0 248.0 246.0
21 81.0666 20.3808 0.00297297 34.9612 60.7407 36.2748 53.0509 6.6 
76.0 15.0 58.0 13.0 11.0
240.0 179.0 213.0 238.0 239.0 231.0 239.0 233.0 240.0 239.0 220.0 208.0
243.0 243.0 244.0 243.0 242.0 242.0 242.0 240.0 243.0 243.0 242.0 242.0
241.0 242.0 231.0 236.0 238.0 220.0 236.0 196.0 233.0 235.0 228.0 242.0
242.0 243.0 244.0 244.0 244.0 244.0 244.0 243.0 244.0 244.0 243.0 243.0
244.0 244.0 248.0 247.0 247.0 246.0 248.0 247.0 247.0 247.0 247.0 245.0
20.8637 80.8434 20.3808 0.00297297 34.9612 61.1111 36.2748 53.4659 6.0898 
76.0 15.0 62.0 14.0 11.0
240.0 178.0 214.0 238.0 239.0 231.0 238.0 233.0 240.0 239.0 220.0 207.0
243.0 243.0 244.0 243.0 242.0 242.0 242.0 240.0 243.0 243.0 242.0 242.0
241.0 242.0 232.0 236.0 238.0 218.0 236.0 193.0 232.0 235.0 228.0 242.0
241.0 244.0 244.0 244.0 244.0 244.0 244.0 243.0 244.0 244.0 244.0 243.0
244.0 244.0 247.0 248.0 248.0 247.0 248.0 247.0 247.0 246.0 248.0 245.0
20.8637 80.8434 19.9962 0.00297297 35.3488 61.1111 36.2748 53.8808 5.57959 
79.0 15.0 66.0 14.0 11.0
240.0 176.0 213.0 238.0 240.0 231.0 238.0 233.0 240.0 239.0 220.0 206.0
243.0 243.0 244.0 243.0 242.0 242.0 242.0 240.0 243.0 243.0 242.0 242.0
241.0 242.0 231.0 236.0 238.0 217.0 235.0 190.0 233.0 234.0 228.0 242.0
242.0 243.0 244.0 244.0 244.0 244.0 244.0 243.0 243.0 244.0 243.0 243.0
244.0 245.0 246.0 248.0 247.0 247.0 247.0 248.0 245.0 247.0 248.0 245.0
20.8637 80.8434 19.9962 -0.537568 35.7364 60.3704 36.2748 54.2957 5.57959 
80.0 15.0 67.0 14.0 11.0
240.0 174.0 213.0 238.0 240.0 231.0 238.0 233.0 240.0 239.0 219.0 206.0
243.0 243.0 244.0 243.0 242.0 242.0 242.0 240.0 243.0 243.0 242.0 242.0
241.0 242.0 231.0 235.0 238.0 215.0 234.0 187.0 231.0 234.0 227.0 242.0
241.0 243.0 244.0 244.0 244.0 244.0 244.0 243.0 244.0 244.0 244.0 243.0
244.0 245.0 248.0 249.0 247.0 247.0 248.0 247.0 246.0 246.0 248.0 246.0
21 80.7318 19.9962 -0.537568 36.124 57.4074 36.6479 54.2957 5.06939 
80.0 15.0 69.0 13.0 11.0
239.0 174.0 213.0 238.0 239.0 230.0 238.0 233.0 240.0 239.0 219.0 205.0
243.0 243.0 244.0 243.0 242.0 242.0 242.0 240.0 243.0 243.0 242.0 242.0
240.0 242.0 231.0 236.0 239.0 215.0 234.0 187.0 231.0 234.0 227.0 242.0
242.0 243.0 245.0 244.0 244.0 244.0 243.0 243.0 244.0 244.0 243.0 243.0
244.0 244.0 247.0 247.0 246.0 247.0 247.0 247.0 246.0 246.0 247.0 244.0
21 80.6202 19.9962 -0.537568 36.5116 56.6667 36.6479 53.8808 5.06939 
80.0 15.0 68.0 14.0 11.0
240.0 175.0 212.0 238.0 239.0 230.0 238.0 233.0 240.0 238.0 218.0 206.0
243.0 243.0 244.0 243.0 242.0 242.0 242.0 240.0 243.0 243.0 242.0 242.0
240.0 242.0 231.0 235.0 238.0 215.0 234.0 186.0 231.0 233.0 227.0 243.0
241.0 243.0 244.0 244.0 244.0 244.0 244.0 243.0 243.0 244.0 244.0 243.0
244.0 244.0 247.0 248.0 246.0 247.0 247.0 246.0 246.0 247.0 247.0 244.0
21 80.6202 19.9962 -0.537568 36.5116 56.2963 36.6479 54.2957 5.06939 
80.0 15.0 69.0 14.0 11.0
239.0 174.0 211.0 238.0 239.0 230.0 238.0 233.0 240.0 239.0 218.0 205.0
243.0 243.0 244.0 243.0 242.0 242.0 242.0 240.0 243.0 243.0 242.0 242.0
240.0 242.0 230.0 235.0 238.0 215.0 234.0 186.0 231.0 233.0 227.0 244.0
242.0 243.0 244.0 244.0 244.0 244.0 243.0 243.0 243.0 244.0 243.0 243.0
244.0 245.0 247.0 248.0 247.0 247.0 247.0 247.0 245.0 247.0 247.0 245.0
