-10000
21.1364 79.6157 16.5346 35.1381 33.0233 33.7037 34.036 35.2086 -0.0326531 
39.0 17.0 18.0 13.0 11.0
241.0 237.0 218.0 239.0 239.0 216.0 234.0 222.0 239.0 239.0 225.0 239.0
243.0 243.0 243.0 243.0 243.0 241.0 243.0 240.0 243.0 243.0 237.0 242.0
244.0 243.0 242.0 242.0 242.0 244.0 243.0 243.0 242.0 241.0 238.0 241.0
242.0 243.0 245.0 245.0 245.0 244.0 245.0 244.0 244.0 244.0 244.0 244.0
244.0 244.0 249.0 250.0 249.0 248.0 250.0 249.0 248.0 249.0 249.0 245.0
21.1364 79.3925 17.3038 36.7597 31.4729 39.6296 33.6628 39.7729 1.49796 
42.0 18.0 19.0 13.0 11.0
241.0 236.0 215.0 238.0 238.0 212.0 233.0 218.0 238.0 239.0 223.0 239.0
242.0 243.0 243.0 243.0 243.0 241.0 243.0 238.0 243.0 244.0 236.0 242.0
243.0 243.0 240.0 242.0 242.0 241.0 244.0 238.0 241.0 241.0 234.0 242.0
242.0 244.0 245.0 245.0 245.0 244.0 245.0 244.0 244.0 245.0 245.0 244.0
244.0 245.0 248.0 250.0 249.0 249.0 250.0 250.0 248.0 248.0 249.0 246.0
21.1364 79.3925 16.5346 40.5435 29.1473 50.7407 33.2897 45.1671 0.987755 
47.0 27.0 23.0 13.0 12.0
242.0 238.0 212.0 238.0 238.0 207.0 233.0 213.0 239.0 239.0 221.0 239.0
243.0 244.0 243.0 243.0 243.0 241.0 243.0 233.0 243.0 244.0 228.0 242.0
244.0 244.0 238.0 243.0 242.0 238.0 243.0 231.0 241.0 240.0 232.0 241.0
242.0 244.0 245.0 245.0 245.0 244.0 245.0 245.0 245.0 245.0 245.0 243.0
244.0 245.0 249.0 250.0 249.0 249.0 249.0 250.0 248.0 248.0 249.0 245.0
21.1364 79.5041 16.15 40.5435 29.1473 54.0741 33.2897 47.2418 1.49796 
49.0 30.0 26.0 13.0 12.0
241.0 236.0 210.0 238.0 238.0 205.0 232.0 211.0 238.0 239.0 219.0 238.0
243.0 243.0 243.0 244.0 243.0 239.0 246.0 226.0 244.0 244.0 225.0 242.0
244.0 243.0 239.0 244.0 242.0 236.0 243.0 227.0 241.0 240.0 232.0 241.0
242.0 243.0 245.0 245.0 245.0 245.0 245.0 245.0 244.0 245.0 244.0 243.0
244.0 245.0 249.0 250.0 248.0 249.0 251.0 249.0 248.0 250.0 249.0 247.0
21.1364 79.7273 15.7654 39.4624 29.5349 55.9259 33.2897 49.3165 0.987755 
51.0 34.0 31.0 12.0 11.0
241.0 235.0 207.0 238.0 238.0 204.0 233.0 211.0 238.0 239.0 216.0 238.0
243.0 243.0 242.0 244.0 244.0 238.0 247.0 219.0 243.0 244.0 226.0 242.0
244.0 243.0 239.0 244.0 243.0 234.0 243.0 223.0 241.0 239.0 233.0 241.0
242.0 244.0 244.0 245.0 245.0 245.0 245.0 244.0 244.0 245.0 244.0 244.0
244.0 244.0 249.0 249.0 249.0 250.0 251.0 249.0 248.0 248.0 250.0 246.0
21.1364 80.0621 14.9962 39.4624 30.3101 57.7778 34.036 51.3912 0.477551 
51.0 44.0 34.0 13.0 11.0
241.0 234.0 204.0 238.0 238.0 204.0 233.0 210.0 238.0 239.0 213.0 237.0
243.0 243.0 242.0 243.0 243.0 236.0 247.0 210.0 243.0 244.0 226.0 242.0
244.0 242.0 238.0 244.0 244.0 232.0 244.0 220.0 240.0 240.0 233.0 241.0
242.0 244.0 245.0 245.0 245.0 245.0 245.0 244.0 244.0 245.0 244.0 244.0
244.0 244.0 249.0 250.0 248.0 249.0 250.0 250.0 249.0 248.0 250.0 247.0
21.1364 80.0621 14.6115 38.9219 30.6977 58.8889 34.4091 52.221 -0.0326531 
52.0 48.0 38.0 13.0 11.0
241.0 233.0 203.0 238.0 238.0 204.0 233.0 210.0 238.0 239.0 212.0 237.0
242.0 243.0 242.0 243.0 243.0 234.0 247.0 205.0 243.0 244.0 227.0 242.0
244.0 242.0 238.0 245.0 244.0 231.0 243.0 217.0 240.0 239.0 233.0 241.0
242.0 243.0 245.0 245.0 245.0 245.0 245.0 244.0 244.0 245.0 245.0 243.0
244.0 245.0 248.0 250.0 250.0 249.0 249.0 250.0 248.0 249.0 248.0 246.0
21 80.2854 14.2269 38.9219 31.8605 58.5185 34.7822 53.4659 -0.0326531 
54.0 58.0 38.0 13.0 12.0
241.0 233.0 201.0 238.0 238.0 203.0 233.0 210.0 238.0 239.0 210.0 237.0
243.0 242.0 242.0 243.0 243.0 232.0 247.0 194.0 243.0 244.0 226.0 243.0
244.0 242.0 239.0 246.0 244.0 230.0 243.0 216.0 240.0 238.0 233.0 241.0
241.0 243.0 245.0 245.0 245.0 246.0 246.0 244.0 244.0 245.0 245.0 244.0
244.0 244.0 249.0 250.0 248.0 248.0 250.0 249.0 247.0 249.0 249.0 246.0
21 80.397 14.2269 38.9219 31.8605 58.8889 35.1554 53.4659 -0.0326531 
55.0 62.0 42.0 13.0 11.0
241.0 232.0 200.0 238.0 238.0 203.0 233.0 209.0 238.0 239.0 209.0 237.0
242.0 243.0 243.0 243.0 243.0 232.0 247.0 192.0 243.0 244.0 226.0 242.0
244.0 242.0 238.0 246.0 244.0 229.0 244.0 212.0 240.0 238.0 233.0 241.0
242.0 243.0 246.0 245.0 245.0 245.0 245.0 244.0 244.0 245.0 244.0 244.0
244.0 245.0 249.0 249.0 250.0 250.0 250.0 250.0 248.0 250.0 250.0 247.0
21 80.6202 14.2269 38.3814 32.2481 58.8889 35.1554 53.8808 -0.0326531 
56.0 64.0 43.0 14.0 11.0
241.0 231.0 198.0 238.0 238.0 202.0 233.0 209.0 238.0 239.0 207.0 236.0
243.0 243.0 242.0 243.0 242.0 230.0 247.0 187.0 243.0 244.0 225.0 242.0
244.0 243.0 238.0 246.0 244.0 228.0 243.0 212.0 239.0 238.0 232.0 241.0
242.0 243.0 244.0 245.0 245.0 245.0 245.0 244.0 244.0 245.0 245.0 243.0
244.0 245.0 249.0 250.0 248.0 250.0 250.0 250.0 247.0 250.0 249.0 247.0
21 80.8434 13.8423 38.3814 33.0233 58.8889 35.9016 53.4659 -0.0326531 
58.0 75.0 44.0 13.0 11.0
241.0 231.0 198.0 238.0 238.0 202.0 233.0 209.0 238.0 239.0 206.0 236.0
243.0 243.0 241.0 243.0 241.0 229.0 248.0 180.0 243.0 243.0 224.0 243.0
244.0 242.0 238.0 246.0 245.0 227.0 243.0 210.0 239.0 238.0 233.0 241.0
242.0 243.0 245.0 245.0 245.0 245.0 245.0 244.0 244.0 245.0 244.0 244.0
244.0 244.0 249.0 249.0 249.0 248.0 250.0 248.0 248.0 248.0 250.0 246.0
21 80.8434 13.8423 38.3814 33.4109 58.8889 36.2748 53.4659 -0.542857 
59.0 77.0 47.0 13.0 11.0
241.0 230.0 196.0 238.0 238.0 201.0 233.0 208.0 239.0 239.0 205.0 236.0
242.0 243.0 242.0 243.0 242.0 228.0 247.0 177.0 243.0 243.0 224.0 243.0
244.0 242.0 238.0 247.0 245.0 226.0 243.0 208.0 239.0 239.0 232.0 241.0
242.0 243.0 245.0 245.0 245.0 245.0 246.0 245.0 244.0 245.0 245.0 244.0
244.0 245.0 249.0 250.0 248.0 249.0 250.0 249.0 247.0 250.0 248.0 246.0
20.8637 80.7318 13.4577 38.9219 33.0233 60.3704 36.2748 53.8808 -0.542857 
60.0 82.0 49.0 13.0 11.0
241.0 230.0 195.0 237.0 237.0 201.0 233.0 208.0 238.0 239.0 204.0 236.0
242.0 243.0 241.0 242.0 242.0 226.0 247.0 170.0 243.0 243.0 225.0 242.0
244.0 242.0 238.0 247.0 245.0 225.0 243.0 206.0 239.0 238.0 233.0 240.0
242.0 244.0 245.0 245.0 246.0 245.0 245.0 244.0 244.0 245.0 244.0 243.0
244.0 244.0 249.0 249.0 249.0 249.0 250.0 249.0 248.0 250.0 249.0 246.0
20.8637 80.7318 13.4577 38.9219 33.4109 60.3704 36.2748 54.2957 -0.542857 
60.0 87.0 49.0 13.0 11.0
241.0 230.0 195.0 237.0 238.0 201.0 233.0 208.0 238.0 239.0 204.0 235.0
243.0 243.0 241.0 243.0 242.0 226.0 247.0 167.0 242.0 243.0 225.0 242.0
244.0 242.0 239.0 247.0 245.0 225.0 244.0 207.0 239.0 238.0 233.0 240.0
242.0 243.0 245.0 245.0 245.0 244.0 245.0 245.0 244.0 244.0 244.0 244.0
244.0 244.0 248.0 249.0 249.0 249.0 250.0 250.0 247.0 249.0 249.0 246.0
20.8637 80.955 13.0731 38.3814 33.7984 60 36.6479 54.2957 -0.542857 
61.0 93.0 47.0 13.0 11.0
241.0 229.0 194.0 238.0 237.0 200.0 233.0 207.0 238.0 239.0 203.0 235.0
243.0 243.0 242.0 243.0 242.0 225.0 247.0 160.0 242.0 242.0 223.0 243.0
244.0 242.0 239.0 247.0 245.0 226.0 244.0 208.0 239.0 238.0 233.0 240.0
242.0 244.0 245.0 245.0 245.0 244.0 245.0 244.0 244.0 245.0 244.0 243.0
243.0 245.0 248.0 249.0 249.0 248.0 250.0 249.0 247.0 248.0 249.0 246.0
20.8637 81.0666 13.4577 38.3814 33.7984 60.3704 36.6479 54.7107 -0.542857 
61.0 96.0 47.0 13.0 11.0
241.0 229.0 194.0 238.0 237.0 200.0 233.0 207.0 238.0 239.0 202.0 235.0
243.0 243.0 241.0 243.0 242.0 225.0 247.0 159.0 242.0 243.0 222.0 242.0
244.0 241.0 239.0 248.0 246.0 226.0 244.0 208.0 238.0 238.0 233.0 240.0
242.0 243.0 245.0 246.0 246.0 245.0 245.0 244.0 244.0 245.0 244.0 243.0
244.0 245.0 249.0 250.0 249.0 249.0 250.0 248.0 248.0 250.0 249.0 247.0
21 81.2898 13.0731 38.3814 34.186 60 36.6479 54.7107 -0.542857 
61.0 98.0 47.0 13.0 11.0
241.0 230.0 193.0 238.0 238.0 200.0 233.0 207.0 238.0 239.0 202.0 235.0
243.0 243.0 240.0 243.0 242.0 223.0 247.0 156.0 242.0 242.0 221.0 243.0
245.0 242.0 239.0 247.0 245.0 226.0 244.0 208.0 238.0 238.0 232.0 240.0
242.0 244.0 245.0 245.0 245.0 245.0 245.0 245.0 244.0 245.0 244.0 244.0
244.0 245.0 249.0 251.0 250.0 249.0 250.0 250.0 249.0 249.0 250.0 246.0
21 81.2898 13.0731 38.3814 34.186 60 36.6479 54.7107 -0.542857 
62.0 101.0 47.0 13.0 11.0
241.0 229.0 193.0 238.0 238.0 200.0 233.0 207.0 238.0 239.0 202.0 235.0
242.0 243.0 241.0 242.0 242.0 222.0 247.0 154.0 242.0 242.0 220.0 242.0
244.0 242.0 239.0 247.0 246.0 227.0 243.0 207.0 238.0 237.0 233.0 240.0
242.0 243.0 245.0 245.0 245.0 245.0 246.0 245.0 244.0 245.0 244.0 244.0
244.0 246.0 249.0 251.0 249.0 249.0 250.0 249.0 248.0 248.0 250.0 247.0
