-10000
19.9091 79.7273 18.4577 24.3273 32.2481 46.2963 38.8867 26.9098 82.1102 
40.0 17.0 47.0 12.0 13.0
242.0 237.0 217.0 239.0 239.0 215.0 235.0 218.0 239.0 240.0 221.0 239.0
243.0 242.0 243.0 243.0 243.0 237.0 245.0 237.0 244.0 244.0 243.0 242.0
244.0 240.0 231.0 237.0 232.0 229.0 231.0 208.0 234.0 234.0 212.0 239.0
243.0 244.0 243.0 244.0 243.0 244.0 243.0 244.0 243.0 243.0 243.0 243.0
243.0 243.0 244.0 243.0 243.0 242.0 243.0 243.0 242.0 242.0 243.0 244.0
19.9091 79.9505 18.0731 24.8678 33.7984 47.7778 39.2599 28.9845 82.1102 
42.0 20.0 51.0 12.0 13.0
242.0 237.0 215.0 239.0 239.0 213.0 234.0 216.0 239.0 239.0 220.0 239.0
244.0 243.0 243.0 243.0 243.0 236.0 247.0 234.0 244.0 244.0 244.0 243.0
244.0 240.0 232.0 238.0 233.0 228.0 232.0 203.0 234.0 234.0 212.0 239.0
243.0 243.0 244.0 244.0 244.0 243.0 243.0 243.0 243.0 243.0 243.0 243.0
243.0 243.0 243.0 243.0 242.0 243.0 242.0 243.0 244.0 242.0 243.0 243.0
20.0455 80.1737 16.9192 24.3273 34.9612 48.5185 39.633 32.304 82.6204 
44.0 24.0 60.0 12.0 14.0
242.0 235.0 211.0 238.0 239.0 210.0 234.0 213.0 239.0 239.0 215.0 238.0
244.0 242.0 243.0 242.0 243.0 232.0 247.0 230.0 244.0 244.0 243.0 242.0
244.0 240.0 231.0 238.0 233.0 225.0 232.0 194.0 234.0 234.0 216.0 240.0
243.0 244.0 244.0 243.0 244.0 244.0 244.0 244.0 243.0 243.0 243.0 243.0
243.0 242.0 243.0 244.0 243.0 243.0 243.0 243.0 243.0 243.0 242.0 242.0
19.6364 80.1737 16.5346 24.3273 34.9612 49.6296 40.0061 33.5488 82.6204 
48.0 25.0 71.0 12.0 14.0
242.0 235.0 207.0 239.0 238.0 207.0 234.0 210.0 239.0 239.0 211.0 238.0
243.0 243.0 242.0 243.0 243.0 232.0 247.0 229.0 244.0 244.0 243.0 242.0
243.0 239.0 230.0 237.0 232.0 222.0 232.0 184.0 232.0 234.0 214.0 241.0
243.0 243.0 243.0 243.0 243.0 244.0 244.0 243.0 243.0 244.0 243.0 243.0
242.0 243.0 243.0 244.0 242.0 243.0 243.0 243.0 243.0 243.0 243.0 243.0
19.6364 80.1737 16.5346 23.7868 35.3488 49.6296 40.0061 34.7937 82.6204 
52.0 29.0 76.0 12.0 13.0
242.0 234.0 203.0 238.0 239.0 205.0 234.0 209.0 239.0 239.0 208.0 237.0
242.0 243.0 243.0 242.0 243.0 231.0 247.0 227.0 244.0 244.0 243.0 242.0
243.0 240.0 230.0 237.0 233.0 220.0 232.0 178.0 232.0 234.0 215.0 240.0
244.0 244.0 244.0 243.0 244.0 243.0 243.0 243.0 244.0 243.0 243.0 243.0
243.0 243.0 244.0 244.0 243.0 243.0 242.0 242.0 243.0 242.0 243.0 244.0
20.0455 80.2854 16.5346 23.2462 35.7364 49.6296 40.0061 36.4534 82.6204 
54.0 31.0 82.0 12.0 13.0
242.0 233.0 201.0 238.0 238.0 204.0 234.0 208.0 239.0 239.0 206.0 236.0
243.0 242.0 243.0 243.0 242.0 230.0 247.0 224.0 244.0 244.0 243.0 243.0
242.0 240.0 229.0 236.0 232.0 218.0 232.0 171.0 231.0 233.0 215.0 241.0
243.0 244.0 244.0 244.0 244.0 243.0 244.0 243.0 243.0 243.0 243.0 244.0
243.0 242.0 243.0 244.0 243.0 243.0 243.0 243.0 244.0 243.0 242.0 244.0
20.3182 80.397 16.5346 23.2462 36.124 49.6296 40.0061 36.4534 82.6204 
56.0 31.0 87.0 12.0 13.0
242.0 233.0 199.0 238.0 238.0 203.0 233.0 207.0 239.0 239.0 204.0 236.0
243.0 243.0 243.0 243.0 242.0 230.0 247.0 225.0 244.0 244.0 244.0 242.0
242.0 240.0 229.0 236.0 232.0 216.0 232.0 167.0 231.0 233.0 214.0 242.0
243.0 244.0 243.0 244.0 244.0 243.0 244.0 244.0 243.0 243.0 244.0 243.0
243.0 243.0 244.0 243.0 243.0 242.0 242.0 243.0 243.0 242.0 242.0 243.0
20.1819 80.397 16.5346 23.2462 36.124 50 40.3793 36.0385 82.6204 
57.0 31.0 91.0 12.0 13.0
242.0 232.0 198.0 238.0 238.0 202.0 233.0 206.0 239.0 239.0 203.0 236.0
243.0 242.0 243.0 242.0 243.0 230.0 247.0 224.0 244.0 244.0 243.0 243.0
242.0 240.0 227.0 236.0 232.0 215.0 232.0 164.0 231.0 232.0 213.0 242.0
244.0 244.0 243.0 243.0 243.0 243.0 244.0 243.0 243.0 244.0 243.0 243.0
243.0 243.0 243.0 244.0 243.0 242.0 243.0 242.0 243.0 242.0 243.0 243.0
19.9091 80.2854 16.5346 22.7057 36.124 50 40.3793 36.0385 82.6204 
58.0 31.0 94.0 12.0 13.0
242.0 232.0 197.0 238.0 238.0 201.0 233.0 206.0 239.0 239.0 201.0 235.0
243.0 243.0 243.0 243.0 243.0 230.0 246.0 224.0 244.0 244.0 244.0 242.0
243.0 240.0 227.0 235.0 232.0 214.0 232.0 161.0 231.0 232.0 213.0 242.0
243.0 244.0 244.0 244.0 244.0 243.0 243.0 243.0 244.0 243.0 243.0 243.0
243.0 243.0 243.0 244.0 242.0 243.0 242.0 242.0 243.0 243.0 243.0 243.0
19.7728 80.1737 16.5346 22.7057 36.124 50 40.3793 36.0385 82.6204 
60.0 31.0 96.0 12.0 13.0
242.0 232.0 195.0 238.0 238.0 200.0 233.0 204.0 239.0 239.0 200.0 235.0
243.0 242.0 243.0 243.0 243.0 231.0 246.0 224.0 244.0 244.0 244.0 243.0
242.0 240.0 228.0 235.0 232.0 214.0 232.0 159.0 230.0 233.0 213.0 241.0
243.0 244.0 244.0 243.0 243.0 243.0 244.0 243.0 243.0 243.0 243.0 243.0
243.0 243.0 243.0 244.0 243.0 243.0 243.0 243.0 242.0 243.0 243.0 243.0
19.7728 80.1737 16.5346 22.1651 36.124 50 40.3793 36.4534 82.6204 
61.0 30.0 98.0 12.0 13.0
242.0 231.0 195.0 238.0 238.0 199.0 233.0 205.0 238.0 239.0 199.0 235.0
243.0 243.0 242.0 243.0 242.0 230.0 247.0 224.0 244.0 244.0 243.0 243.0
242.0 241.0 227.0 236.0 233.0 212.0 233.0 156.0 230.0 232.0 212.0 242.0
243.0 244.0 243.0 243.0 243.0 244.0 243.0 243.0 243.0 243.0 244.0 244.0
243.0 242.0 243.0 244.0 242.0 242.0 243.0 244.0 244.0 242.0 242.0 243.0
19.9091 80.2854 16.5346 22.7057 36.124 50.3704 40.3793 37.2833 82.6204 
61.0 30.0 101.0 12.0 13.0
241.0 231.0 194.0 238.0 238.0 199.0 233.0 204.0 239.0 239.0 198.0 235.0
242.0 243.0 243.0 243.0 243.0 231.0 247.0 224.0 244.0 244.0 243.0 242.0
242.0 241.0 228.0 235.0 232.0 211.0 233.0 153.0 230.0 232.0 213.0 241.0
243.0 244.0 244.0 243.0 243.0 243.0 244.0 243.0 244.0 243.0 244.0 243.0
243.0 242.0 244.0 244.0 242.0 243.0 243.0 242.0 244.0 242.0 243.0 244.0
