-10000
21.1364 80.6202 22.3038 0.00297297 33.4109 57.7778 28.0658 41.8476 3.53878 
69.0 15.0 25.0 13.0 11.0
240.0 185.0 211.0 238.0 239.0 229.0 238.0 232.0 239.0 239.0 217.0 208.0
243.0 243.0 244.0 243.0 242.0 242.0 242.0 240.0 243.0 243.0 242.0 242.0
243.0 241.0 238.0 240.0 241.0 237.0 240.0 235.0 239.0 238.0 230.0 241.0
242.0 243.0 244.0 244.0 244.0 244.0 243.0 243.0 244.0 244.0 243.0 243.0
243.0 243.0 247.0 248.0 247.0 246.0 248.0 247.0 246.0 246.0 248.0 244.0
21.1364 80.6202 22.3038 0.00297297 33.4109 57.7778 27.3196 44.7522 3.53878 
71.0 15.0 25.0 13.0 11.0
240.0 184.0 211.0 238.0 239.0 229.0 238.0 232.0 240.0 239.0 216.0 208.0
243.0 243.0 244.0 243.0 242.0 242.0 242.0 240.0 243.0 243.0 242.0 242.0
242.0 242.0 237.0 239.0 240.0 237.0 242.0 231.0 239.0 239.0 229.0 241.0
242.0 243.0 244.0 244.0 244.0 244.0 244.0 243.0 244.0 244.0 244.0 243.0
243.0 244.0 246.0 247.0 248.0 247.0 248.0 247.0 246.0 246.0 248.0 244.0
21.2728 80.6202 22.3038 0.00297297 33.4109 57.7778 27.3196 46.8268 3.53878 
71.0 15.0 29.0 14.0 12.0
240.0 184.0 211.0 238.0 239.0 229.0 238.0 232.0 240.0 239.0 216.0 208.0
243.0 243.0 244.0 243.0 242.0 242.0 242.0 240.0 243.0 243.0 242.0 242.0
242.0 242.0 236.0 238.0 240.0 235.0 241.0 224.0 239.0 238.0 228.0 242.0
242.0 244.0 244.0 244.0 244.0 244.0 243.0 243.0 244.0 244.0 243.0 243.0
244.0 244.0 247.0 247.0 248.0 247.0 247.0 247.0 246.0 247.0 247.0 244.0
21.2728 80.7318 22.3038 0.00297297 33.4109 58.5185 28.8121 47.6567 3.53878 
73.0 15.0 36.0 13.0 11.0
240.0 182.0 210.0 238.0 239.0 229.0 238.0 232.0 240.0 239.0 216.0 207.0
243.0 243.0 244.0 243.0 242.0 242.0 242.0 240.0 243.0 243.0 242.0 242.0
242.0 242.0 235.0 238.0 239.0 231.0 240.0 217.0 238.0 237.0 227.0 242.0
241.0 243.0 244.0 244.0 244.0 244.0 244.0 243.0 244.0 244.0 244.0 243.0
244.0 244.0 246.0 248.0 248.0 247.0 248.0 247.0 246.0 247.0 248.0 245.0
21.1364 80.5086 22.3038 0.00297297 33.7984 58.5185 30.6778 48.4866 3.53878 
74.0 15.0 42.0 13.0 11.0
240.0 181.0 210.0 238.0 239.0 229.0 238.0 232.0 240.0 239.0 216.0 207.0
243.0 243.0 244.0 243.0 242.0 242.0 242.0 240.0 243.0 243.0 242.0 242.0
242.0 242.0 233.0 237.0 240.0 229.0 241.0 213.0 238.0 237.0 227.0 242.0
241.0 243.0 244.0 244.0 244.0 244.0 244.0 243.0 244.0 244.0 243.0 242.0
244.0 244.0 247.0 247.0 246.0 247.0 247.0 247.0 245.0 246.0 247.0 244.0
21 80.6202 21.9192 0.00297297 33.7984 58.1481 32.5434 49.7314 3.53878 
76.0 15.0 48.0 13.0 11.0
241.0 179.0 210.0 239.0 239.0 230.0 238.0 232.0 240.0 239.0 216.0 206.0
243.0 243.0 244.0 243.0 242.0 242.0 242.0 240.0 243.0 243.0 242.0 242.0
240.0 243.0 232.0 237.0 240.0 225.0 240.0 206.0 236.0 236.0 227.0 243.0
242.0 243.0 244.0 244.0 244.0 244.0 243.0 243.0 244.0 244.0 243.0 242.0
244.0 244.0 246.0 248.0 246.0 247.0 247.0 247.0 246.0 246.0 248.0 245.0
21 80.7318 21.9192 0.00297297 34.186 58.1481 34.036 50.9762 3.53878 
78.0 15.0 54.0 13.0 12.0
240.0 178.0 210.0 239.0 239.0 229.0 238.0 232.0 240.0 239.0 216.0 205.0
243.0 243.0 244.0 243.0 242.0 242.0 242.0 240.0 243.0 243.0 242.0 242.0
240.0 243.0 233.0 236.0 240.0 223.0 240.0 201.0 236.0 236.0 228.0 244.0
242.0 243.0 244.0 244.0 244.0 244.0 244.0 242.0 244.0 244.0 244.0 243.0
244.0 244.0 246.0 248.0 247.0 247.0 247.0 247.0 246.0 246.0 247.0 244.0
21.1364 80.7318 21.9192 0.00297297 34.186 58.1481 34.4091 52.221 3.53878 
78.0 15.0 56.0 13.0 12.0
240.0 176.0 210.0 238.0 239.0 228.0 238.0 232.0 239.0 239.0 216.0 206.0
243.0 243.0 244.0 243.0 242.0 242.0 242.0 240.0 243.0 243.0 242.0 242.0
240.0 243.0 232.0 235.0 239.0 221.0 239.0 200.0 235.0 235.0 228.0 244.0
241.0 243.0 244.0 244.0 244.0 244.0 244.0 242.0 244.0 244.0 244.0 243.0
243.0 244.0 246.0 248.0 247.0 247.0 247.0 246.0 245.0 246.0 248.0 244.0
21.2728 80.397 21.5346 -0.537568 34.186 57.7778 34.7822 53.0509 3.02857 
79.0 15.0 57.0 13.0 12.0
240.0 175.0 209.0 238.0 239.0 229.0 238.0 232.0 240.0 239.0 216.0 205.0
243.0 243.0 244.0 243.0 242.0 242.0 242.0 240.0 243.0 243.0 242.0 242.0
240.0 243.0 232.0 235.0 238.0 219.0 238.0 194.0 234.0 234.0 229.0 244.0
242.0 243.0 244.0 244.0 244.0 244.0 244.0 243.0 244.0 244.0 243.0 243.0
243.0 244.0 247.0 247.0 247.0 247.0 247.0 247.0 245.0 247.0 247.0 244.0
21 80.1737 21.5346 -0.537568 34.186 58.1481 35.1554 53.4659 3.02857 
81.0 15.0 68.0 13.0 11.0
240.0 174.0 209.0 238.0 239.0 228.0 237.0 232.0 240.0 239.0 216.0 204.0
243.0 243.0 244.0 243.0 242.0 242.0 242.0 240.0 243.0 243.0 242.0 242.0
240.0 242.0 231.0 234.0 238.0 215.0 236.0 185.0 234.0 234.0 228.0 244.0
242.0 243.0 244.0 244.0 244.0 244.0 243.0 243.0 244.0 244.0 243.0 242.0
244.0 244.0 247.0 248.0 246.0 246.0 248.0 246.0 246.0 247.0 247.0 244.0
21 80.1737 21.5346 -0.537568 34.5736 58.5185 35.1554 53.8808 3.02857 
81.0 15.0 72.0 13.0 12.0
240.0 173.0 209.0 238.0 239.0 228.0 238.0 232.0 239.0 239.0 215.0 204.0
243.0 243.0 244.0 243.0 242.0 242.0 242.0 240.0 243.0 243.0 242.0 242.0
240.0 243.0 231.0 234.0 238.0 214.0 236.0 182.0 233.0 234.0 227.0 243.0
242.0 243.0 244.0 244.0 244.0 244.0 243.0 243.0 244.0 244.0 243.0 242.0
243.0 244.0 246.0 248.0 247.0 246.0 247.0 247.0 246.0 247.0 247.0 245.0
21 80.1737 21.5346 -0.537568 34.5736 58.5185 35.1554 53.8808 3.02857 
82.0 15.0 75.0 14.0 11.0
240.0 173.0 209.0 238.0 239.0 228.0 238.0 232.0 240.0 239.0 215.0 204.0
243.0 243.0 244.0 243.0 242.0 242.0 242.0 240.0 243.0 243.0 242.0 242.0
239.0 243.0 230.0 233.0 237.0 212.0 235.0 179.0 233.0 233.0 227.0 243.0
241.0 243.0 244.0 244.0 244.0 244.0 244.0 243.0 243.0 244.0 243.0 242.0
244.0 244.0 246.0 247.0 247.0 247.0 247.0 247.0 246.0 246.0 246.0 244.0
21.1364 80.1737 21.5346 -0.537568 34.5736 58.1481 35.1554 53.8808 3.02857 
83.0 15.0 77.0 14.0 11.0
240.0 172.0 209.0 238.0 239.0 228.0 238.0 232.0 240.0 240.0 215.0 203.0
243.0 243.0 244.0 243.0 242.0 242.0 242.0 240.0 243.0 243.0 242.0 242.0
239.0 243.0 230.0 233.0 237.0 211.0 235.0 178.0 233.0 233.0 227.0 243.0
242.0 244.0 244.0 244.0 244.0 244.0 244.0 243.0 244.0 244.0 244.0 243.0
244.0 244.0 246.0 248.0 247.0 246.0 248.0 247.0 246.0 247.0 247.0 244.0
21.1364 80.1737 21.15 -0.537568 34.5736 58.1481 35.1554 53.8808 2.51837 
82.0 15.0 78.0 13.0 11.0
240.0 172.0 210.0 238.0 239.0 228.0 238.0 232.0 240.0 239.0 215.0 203.0
243.0 243.0 244.0 243.0 242.0 242.0 242.0 240.0 243.0 243.0 242.0 242.0
239.0 242.0 230.0 233.0 237.0 211.0 235.0 175.0 233.0 233.0 226.0 243.0
241.0 243.0 244.0 244.0 244.0 244.0 244.0 243.0 244.0 244.0 244.0 242.0
244.0 244.0 246.0 247.0 247.0 247.0 248.0 247.0 246.0 246.0 246.0 244.0
21.1364 80.1737 21.15 -0.537568 34.5736 58.5185 35.5285 53.8808 2.51837 
83.0 15.0 83.0 13.0 11.0
239.0 172.0 209.0 238.0 239.0 229.0 238.0 232.0 240.0 239.0 215.0 203.0
243.0 243.0 244.0 243.0 242.0 242.0 242.0 240.0 243.0 243.0 242.0 242.0
239.0 242.0 230.0 232.0 237.0 208.0 234.0 171.0 233.0 234.0 226.0 243.0
242.0 243.0 244.0 244.0 244.0 244.0 243.0 243.0 244.0 244.0 243.0 242.0
244.0 243.0 247.0 248.0 247.0 247.0 247.0 247.0 246.0 246.0 246.0 245.0
21 79.9505 21.15 -0.537568 34.9612 58.1481 35.5285 53.4659 2.51837 
85.0 15.0 87.0 14.0 11.0
240.0 170.0 209.0 238.0 239.0 229.0 238.0 232.0 240.0 238.0 215.0 202.0
243.0 243.0 244.0 243.0 242.0 242.0 242.0 240.0 243.0 243.0 242.0 242.0
239.0 242.0 230.0 233.0 237.0 207.0 233.0 168.0 233.0 233.0 225.0 243.0
241.0 243.0 244.0 244.0 244.0 244.0 243.0 243.0 244.0 244.0 243.0 243.0
244.0 244.0 245.0 248.0 247.0 247.0 247.0 247.0 245.0 246.0 248.0 245.0
21 79.9505 21.15 -0.537568 34.9612 58.5185 35.5285 53.8808 2.51837 
85.0 15.0 88.0 13.0 12.0
239.0 170.0 208.0 238.0 239.0 228.0 238.0 233.0 240.0 239.0 214.0 202.0
243.0 243.0 244.0 243.0 242.0 242.0 242.0 240.0 243.0 243.0 242.0 242.0
239.0 242.0 230.0 232.0 236.0 206.0 233.0 167.0 232.0 233.0 225.0 243.0
242.0 243.0 244.0 244.0 244.0 244.0 244.0 243.0 244.0 244.0 244.0 243.0
244.0 244.0 247.0 247.0 248.0 246.0 246.0 247.0 245.0 246.0 247.0 244.0
