-10000
20.1819 79.8389 17.3038 23.2462 31.8605 46.2963 39.2599 29.8144 82.1102 
42.0 17.0 50.0 12.0 13.0
242.0 234.0 213.0 240.0 239.0 219.0 236.0 221.0 239.0 240.0 217.0 237.0
243.0 243.0 241.0 243.0 242.0 237.0 244.0 240.0 244.0 244.0 243.0 242.0
244.0 240.0 231.0 239.0 233.0 230.0 234.0 209.0 234.0 234.0 206.0 238.0
243.0 244.0 244.0 243.0 244.0 244.0 243.0 243.0 243.0 243.0 243.0 243.0
243.0 242.0 244.0 244.0 242.0 244.0 243.0 243.0 243.0 243.0 242.0 243.0
19.6364 79.7273 17.6885 22.7057 33.0233 47.4074 39.2599 30.6443 82.1102 
46.0 18.0 52.0 12.0 13.0
242.0 233.0 208.0 239.0 239.0 216.0 236.0 218.0 239.0 240.0 212.0 236.0
244.0 243.0 243.0 243.0 244.0 236.0 246.0 238.0 244.0 244.0 243.0 243.0
244.0 240.0 230.0 239.0 233.0 229.0 232.0 207.0 234.0 234.0 203.0 238.0
243.0 244.0 243.0 243.0 243.0 243.0 244.0 243.0 243.0 243.0 243.0 243.0
244.0 243.0 243.0 244.0 243.0 242.0 243.0 242.0 242.0 242.0 242.0 243.0
19.5 79.8389 17.6885 22.1651 34.186 47.7778 38.8867 33.1339 83.1306 
50.0 20.0 56.0 12.0 13.0
242.0 231.0 205.0 238.0 239.0 215.0 236.0 217.0 239.0 239.0 208.0 235.0
243.0 243.0 242.0 243.0 243.0 235.0 246.0 236.0 244.0 243.0 244.0 243.0
244.0 241.0 230.0 239.0 233.0 226.0 234.0 198.0 234.0 234.0 203.0 239.0
243.0 244.0 243.0 243.0 243.0 243.0 244.0 243.0 243.0 243.0 243.0 243.0
243.0 242.0 242.0 244.0 242.0 242.0 242.0 243.0 243.0 242.0 243.0 244.0
19.7728 79.9505 17.6885 22.1651 34.5736 48.1481 38.8867 33.9638 83.1306 
54.0 22.0 61.0 12.0 13.0
242.0 230.0 201.0 238.0 239.0 213.0 235.0 215.0 239.0 239.0 206.0 234.0
243.0 242.0 242.0 243.0 243.0 232.0 246.0 233.0 244.0 244.0 243.0 243.0
244.0 241.0 230.0 239.0 234.0 226.0 234.0 192.0 233.0 233.0 202.0 240.0
243.0 243.0 243.0 244.0 244.0 243.0 244.0 243.0 243.0 243.0 243.0 244.0
243.0 243.0 243.0 244.0 242.0 243.0 243.0 243.0 243.0 242.0 242.0 244.0
19.9091 79.9505 17.6885 22.1651 34.5736 48.8889 38.8867 35.2086 82.6204 
55.0 24.0 68.0 12.0 14.0
242.0 229.0 199.0 238.0 239.0 212.0 235.0 215.0 239.0 239.0 203.0 233.0
243.0 242.0 242.0 243.0 243.0 231.0 247.0 232.0 244.0 244.0 243.0 243.0
244.0 241.0 228.0 239.0 234.0 221.0 233.0 185.0 233.0 234.0 202.0 240.0
243.0 243.0 243.0 243.0 243.0 243.0 244.0 243.0 243.0 243.0 243.0 243.0
243.0 243.0 243.0 243.0 243.0 243.0 242.0 243.0 243.0 241.0 244.0 243.0
19.7728 79.9505 17.3038 21.6246 34.9612 48.8889 38.8867 36.0385 83.1306 
57.0 26.0 75.0 12.0 14.0
242.0 227.0 198.0 238.0 239.0 213.0 235.0 215.0 239.0 239.0 201.0 232.0
243.0 243.0 242.0 243.0 243.0 228.0 247.0 228.0 244.0 244.0 242.0 243.0
244.0 241.0 228.0 238.0 234.0 220.0 234.0 179.0 232.0 234.0 203.0 240.0
243.0 244.0 244.0 243.0 244.0 243.0 243.0 243.0 243.0 243.0 243.0 243.0
244.0 242.0 243.0 244.0 243.0 243.0 242.0 243.0 243.0 242.0 243.0 243.0
19.7728 80.0621 16.9192 21.0841 35.3488 49.6296 39.2599 36.4534 82.6204 
58.0 28.0 78.0 12.0 13.0
242.0 226.0 197.0 238.0 239.0 212.0 235.0 215.0 239.0 239.0 200.0 231.0
243.0 243.0 242.0 243.0 243.0 227.0 247.0 227.0 244.0 244.0 243.0 242.0
244.0 241.0 228.0 239.0 233.0 218.0 234.0 176.0 232.0 233.0 203.0 241.0
243.0 244.0 243.0 244.0 243.0 243.0 243.0 243.0 244.0 243.0 243.0 243.0
244.0 243.0 243.0 243.0 243.0 244.0 243.0 242.0 243.0 243.0 242.0 243.0
20.3182 80.2854 16.9192 20.5435 35.7364 49.6296 39.633 36.4534 83.1306 
60.0 32.0 84.0 12.0 13.0
242.0 225.0 195.0 238.0 239.0 211.0 236.0 215.0 239.0 239.0 197.0 230.0
242.0 243.0 241.0 243.0 243.0 225.0 247.0 223.0 244.0 244.0 242.0 242.0
244.0 240.0 227.0 239.0 233.0 218.0 234.0 170.0 232.0 233.0 202.0 240.0
244.0 244.0 243.0 243.0 243.0 243.0 243.0 243.0 243.0 243.0 243.0 243.0
242.0 243.0 242.0 244.0 242.0 243.0 243.0 243.0 244.0 242.0 243.0 243.0
20.4546 80.2854 16.9192 21.6246 35.7364 49.6296 39.633 36.8683 83.1306 
60.0 31.0 87.0 12.0 14.0
242.0 224.0 195.0 238.0 239.0 211.0 235.0 215.0 239.0 239.0 197.0 231.0
243.0 243.0 241.0 243.0 243.0 225.0 246.0 224.0 244.0 244.0 242.0 243.0
244.0 241.0 226.0 238.0 232.0 216.0 234.0 168.0 231.0 233.0 202.0 240.0
243.0 244.0 244.0 244.0 243.0 244.0 244.0 243.0 243.0 243.0 243.0 244.0
244.0 243.0 243.0 244.0 243.0 243.0 243.0 243.0 243.0 242.0 243.0 244.0
20.4546 80.2854 16.5346 21.6246 35.7364 49.6296 39.633 36.8683 83.1306 
61.0 31.0 88.0 12.0 13.0
242.0 225.0 194.0 238.0 239.0 210.0 235.0 214.0 239.0 238.0 196.0 231.0
243.0 243.0 242.0 244.0 243.0 225.0 247.0 223.0 244.0 244.0 242.0 243.0
244.0 241.0 226.0 239.0 232.0 215.0 234.0 167.0 232.0 232.0 201.0 240.0
243.0 244.0 244.0 243.0 243.0 243.0 244.0 243.0 243.0 243.0 243.0 243.0
242.0 243.0 243.0 244.0 242.0 243.0 243.0 243.0 243.0 242.0 243.0 242.0
20.0455 80.0621 16.5346 22.1651 35.7364 49.6296 39.633 37.6982 83.1306 
63.0 31.0 94.0 12.0 13.0
242.0 223.0 192.0 238.0 239.0 209.0 235.0 213.0 239.0 238.0 194.0 230.0
243.0 243.0 242.0 243.0 243.0 226.0 247.0 223.0 244.0 244.0 243.0 243.0
243.0 241.0 226.0 238.0 232.0 213.0 235.0 161.0 232.0 232.0 201.0 240.0
243.0 244.0 243.0 243.0 243.0 243.0 244.0 243.0 244.0 243.0 243.0 243.0
242.0 244.0 244.0 244.0 242.0 243.0 243.0 242.0 244.0 243.0 242.0 244.0
19.9091 80.0621 16.5346 22.1651 35.7364 50 39.633 38.1132 83.1306 
63.0 31.0 97.0 12.0 13.0
242.0 224.0 191.0 238.0 239.0 209.0 235.0 213.0 239.0 239.0 194.0 230.0
243.0 243.0 242.0 243.0 243.0 225.0 246.0 224.0 244.0 244.0 242.0 243.0
243.0 241.0 227.0 238.0 233.0 212.0 234.0 158.0 231.0 232.0 201.0 241.0
243.0 244.0 244.0 243.0 243.0 243.0 244.0 243.0 244.0 243.0 243.0 243.0
244.0 242.0 243.0 243.0 242.0 242.0 242.0 243.0 243.0 243.0 242.0 243.0
