-10000
21.2728 79.5041 9.22692 0.00297297 42.3256 65.5556 38.8867 45.582 3.02857 
28.0 15.0 35.0 13.0 12.0
242.0 227.0 229.0 240.0 240.0 237.0 240.0 236.0 241.0 240.0 233.0 231.0
243.0 243.0 244.0 243.0 242.0 242.0 242.0 240.0 243.0 243.0 242.0 242.0
243.0 242.0 237.0 238.0 238.0 232.0 238.0 220.0 236.0 237.0 232.0 241.0
241.0 243.0 244.0 244.0 244.0 244.0 243.0 243.0 244.0 244.0 244.0 243.0
244.0 244.0 247.0 247.0 246.0 247.0 247.0 247.0 246.0 247.0 247.0 245.0
21.4091 79.2809 11.15 -0.537568 41.1628 65.5556 38.8867 46.4119 4.04898 
38.0 15.0 38.0 13.0 11.0
242.0 216.0 225.0 239.0 240.0 235.0 239.0 235.0 241.0 240.0 229.0 224.0
243.0 243.0 244.0 243.0 242.0 242.0 242.0 240.0 243.0 243.0 242.0 242.0
243.0 242.0 237.0 238.0 238.0 231.0 238.0 216.0 236.0 237.0 232.0 241.0
242.0 243.0 244.0 244.0 244.0 244.0 244.0 243.0 244.0 244.0 243.0 243.0
243.0 244.0 246.0 247.0 247.0 247.0 247.0 247.0 246.0 246.0 248.0 244.0
21.2728 78.9461 12.3038 -0.537568 40.3876 64.8148 38.8867 46.8268 5.06939 
42.0 15.0 40.0 13.0 12.0
242.0 212.0 224.0 239.0 240.0 235.0 239.0 234.0 241.0 240.0 227.0 221.0
243.0 243.0 244.0 243.0 242.0 242.0 242.0 240.0 243.0 243.0 242.0 242.0
242.0 242.0 237.0 239.0 239.0 231.0 239.0 215.0 236.0 237.0 233.0 241.0
242.0 244.0 244.0 244.0 244.0 244.0 244.0 243.0 244.0 244.0 243.0 243.0
244.0 244.0 246.0 248.0 247.0 246.0 247.0 247.0 246.0 247.0 247.0 244.0
21.2728 78.7229 12.6885 -0.537568 40.3876 64.8148 38.5136 47.6567 5.57959 
46.0 15.0 42.0 14.0 11.0
242.0 209.0 222.0 239.0 240.0 234.0 239.0 234.0 240.0 240.0 226.0 220.0
243.0 243.0 244.0 243.0 242.0 242.0 242.0 240.0 243.0 243.0 242.0 242.0
242.0 242.0 237.0 239.0 240.0 230.0 239.0 213.0 236.0 237.0 233.0 242.0
242.0 243.0 245.0 244.0 244.0 244.0 244.0 243.0 244.0 244.0 243.0 243.0
244.0 244.0 246.0 247.0 247.0 247.0 247.0 247.0 247.0 248.0 247.0 244.0
21.2728 78.7229 12.6885 -0.537568 40 64.8148 38.5136 48.9015 6.0898 
46.0 15.0 43.0 14.0 11.0
242.0 208.0 222.0 239.0 240.0 235.0 239.0 234.0 240.0 240.0 226.0 220.0
243.0 243.0 244.0 243.0 242.0 242.0 242.0 240.0 243.0 243.0 242.0 242.0
242.0 243.0 237.0 238.0 240.0 229.0 238.0 211.0 236.0 237.0 233.0 242.0
241.0 243.0 244.0 244.0 244.0 244.0 244.0 243.0 244.0 244.0 243.0 243.0
244.0 244.0 246.0 248.0 246.0 247.0 247.0 247.0 246.0 246.0 247.0 245.0
21.2728 78.7229 14.2269 -0.537568 39.2248 64.4444 38.5136 49.7314 6.0898 
49.0 15.0 46.0 13.0 12.0
242.0 205.0 220.0 239.0 240.0 233.0 238.0 234.0 240.0 240.0 225.0 218.0
244.0 243.0 244.0 243.0 242.0 242.0 242.0 240.0 243.0 243.0 242.0 242.0
242.0 243.0 237.0 238.0 240.0 228.0 238.0 210.0 235.0 237.0 233.0 243.0
241.0 243.0 244.0 244.0 244.0 244.0 243.0 243.0 244.0 244.0 244.0 243.0
243.0 244.0 247.0 248.0 247.0 248.0 247.0 246.0 246.0 247.0 247.0 244.0
21.4091 78.6112 14.9962 -0.537568 38.4496 64.0741 38.1404 51.3912 6.0898 
51.0 15.0 46.0 13.0 11.0
242.0 203.0 219.0 239.0 240.0 232.0 238.0 234.0 240.0 240.0 223.0 217.0
243.0 243.0 244.0 243.0 242.0 242.0 242.0 240.0 243.0 243.0 242.0 242.0
241.0 243.0 236.0 237.0 239.0 226.0 238.0 209.0 235.0 236.0 233.0 243.0
242.0 243.0 244.0 244.0 244.0 244.0 244.0 243.0 244.0 244.0 243.0 243.0
244.0 244.0 246.0 248.0 247.0 246.0 247.0 247.0 246.0 247.0 247.0 244.0
21.4091 78.6112 15.3808 -0.537568 38.4496 64.0741 38.1404 53.0509 6.0898 
52.0 15.0 46.0 14.0 12.0
242.0 203.0 218.0 239.0 240.0 233.0 238.0 233.0 240.0 240.0 224.0 217.0
244.0 243.0 244.0 243.0 242.0 242.0 242.0 240.0 243.0 243.0 242.0 242.0
241.0 243.0 236.0 237.0 239.0 226.0 237.0 210.0 235.0 237.0 233.0 243.0
241.0 243.0 244.0 244.0 244.0 244.0 244.0 243.0 244.0 244.0 244.0 243.0
243.0 244.0 248.0 247.0 248.0 247.0 248.0 247.0 246.0 247.0 247.0 244.0
21.4091 78.4996 15.3808 -0.537568 38.4496 64.0741 38.1404 53.8808 6.0898 
53.0 15.0 46.0 13.0 11.0
242.0 203.0 218.0 239.0 240.0 232.0 238.0 234.0 240.0 239.0 224.0 217.0
243.0 243.0 244.0 243.0 242.0 242.0 242.0 240.0 243.0 243.0 242.0 242.0
242.0 242.0 236.0 237.0 239.0 226.0 236.0 210.0 234.0 236.0 234.0 242.0
242.0 243.0 244.0 244.0 244.0 244.0 244.0 243.0 244.0 244.0 243.0 243.0
244.0 244.0 246.0 248.0 249.0 246.0 247.0 247.0 246.0 246.0 247.0 245.0
21.2728 78.388 15.7654 -0.537568 38.4496 63.7037 38.1404 55.1256 6.6 
53.0 15.0 45.0 13.0 11.0
242.0 201.0 217.0 239.0 239.0 232.0 238.0 233.0 241.0 239.0 222.0 216.0
243.0 243.0 244.0 243.0 242.0 242.0 242.0 240.0 243.0 243.0 242.0 242.0
241.0 243.0 236.0 236.0 238.0 226.0 236.0 210.0 234.0 236.0 234.0 242.0
242.0 243.0 244.0 244.0 244.0 244.0 243.0 243.0 244.0 244.0 243.0 242.0
243.0 244.0 247.0 247.0 246.0 247.0 247.0 247.0 245.0 246.0 247.0 244.0
21.2728 78.388 16.15 -0.537568 38.062 63.3333 38.1404 55.5405 6.0898 
55.0 15.0 45.0 14.0 11.0
242.0 200.0 216.0 238.0 239.0 232.0 238.0 233.0 240.0 239.0 223.0 216.0
244.0 243.0 244.0 243.0 242.0 242.0 242.0 240.0 243.0 243.0 242.0 242.0
241.0 243.0 236.0 236.0 238.0 225.0 235.0 210.0 233.0 236.0 233.0 242.0
241.0 243.0 244.0 244.0 244.0 244.0 244.0 243.0 244.0 244.0 244.0 243.0
244.0 244.0 246.0 248.0 246.0 247.0 247.0 247.0 246.0 247.0 247.0 245.0
21.2728 78.388 16.5346 -0.537568 38.062 62.963 38.1404 55.5405 6.0898 
56.0 15.0 45.0 13.0 11.0
242.0 198.0 215.0 238.0 239.0 232.0 238.0 232.0 240.0 239.0 222.0 215.0
243.0 243.0 244.0 243.0 242.0 242.0 242.0 240.0 243.0 243.0 242.0 242.0
241.0 242.0 235.0 236.0 238.0 226.0 234.0 210.0 233.0 236.0 233.0 242.0
242.0 243.0 244.0 244.0 244.0 244.0 244.0 243.0 244.0 244.0 243.0 243.0
244.0 244.0 247.0 248.0 247.0 247.0 247.0 247.0 246.0 247.0 247.0 245.0
