-10000
20.591 79.9505 11.15 25.9489 32.6357 46.6667 39.2599 31.0592 82.1102 
34.0 19.0 44.0 12.0 13.0
242.0 235.0 221.0 240.0 240.0 227.0 238.0 229.0 240.0 240.0 224.0 238.0
243.0 243.0 243.0 243.0 243.0 241.0 245.0 236.0 244.0 244.0 241.0 242.0
244.0 241.0 231.0 240.0 234.0 232.0 235.0 216.0 236.0 235.0 210.0 239.0
243.0 244.0 244.0 243.0 244.0 244.0 244.0 243.0 243.0 243.0 243.0 243.0
244.0 243.0 244.0 244.0 242.0 242.0 244.0 243.0 243.0 243.0 241.0 243.0
19.9091 79.8389 16.15 25.4084 34.186 47.7778 39.2599 31.4741 82.6204 
40.0 22.0 49.0 12.0 13.0
242.0 234.0 214.0 239.0 239.0 220.0 236.0 223.0 240.0 239.0 217.0 237.0
243.0 243.0 243.0 243.0 243.0 241.0 246.0 232.0 244.0 244.0 240.0 243.0
244.0 240.0 231.0 240.0 234.0 231.0 235.0 213.0 235.0 236.0 206.0 239.0
243.0 244.0 243.0 243.0 243.0 243.0 244.0 243.0 243.0 243.0 243.0 243.0
243.0 243.0 244.0 243.0 243.0 243.0 242.0 242.0 243.0 242.0 242.0 244.0
19.7728 79.8389 16.5346 24.8678 34.186 48.1481 38.8867 32.304 82.6204 
46.0 25.0 54.0 12.0 13.0
242.0 231.0 207.0 239.0 239.0 217.0 236.0 219.0 240.0 239.0 211.0 235.0
242.0 243.0 243.0 244.0 243.0 240.0 246.0 230.0 244.0 244.0 239.0 242.0
244.0 241.0 230.0 239.0 234.0 230.0 235.0 207.0 235.0 236.0 202.0 238.0
243.0 244.0 244.0 244.0 244.0 243.0 244.0 243.0 243.0 243.0 243.0 243.0
244.0 242.0 244.0 244.0 243.0 243.0 243.0 242.0 243.0 242.0 243.0 243.0
20.3182 80.0621 16.5346 24.3273 34.5736 48.5185 39.2599 33.5488 82.6204 
50.0 28.0 55.0 12.0 13.0
242.0 229.0 204.0 238.0 239.0 216.0 236.0 218.0 239.0 239.0 207.0 234.0
243.0 242.0 243.0 243.0 243.0 239.0 247.0 227.0 244.0 244.0 237.0 243.0
244.0 241.0 229.0 240.0 235.0 228.0 235.0 200.0 234.0 235.0 201.0 240.0
243.0 244.0 244.0 244.0 243.0 243.0 244.0 243.0 244.0 243.0 243.0 243.0
244.0 243.0 243.0 244.0 243.0 243.0 243.0 242.0 243.0 242.0 243.0 243.0
20.3182 80.0621 16.5346 23.7868 34.9612 48.5185 39.2599 34.7937 82.6204 
53.0 31.0 59.0 12.0 13.0
242.0 227.0 202.0 239.0 239.0 215.0 236.0 218.0 239.0 239.0 204.0 232.0
243.0 242.0 243.0 244.0 244.0 239.0 247.0 222.0 244.0 244.0 238.0 242.0
244.0 241.0 229.0 240.0 234.0 225.0 236.0 194.0 234.0 235.0 200.0 240.0
243.0 243.0 244.0 243.0 244.0 243.0 243.0 243.0 243.0 243.0 243.0 243.0
243.0 243.0 243.0 244.0 243.0 242.0 244.0 242.0 242.0 243.0 242.0 243.0
19.7728 79.9505 16.15 22.7057 34.9612 50 39.2599 36.0385 82.6204 
55.0 33.0 66.0 12.0 13.0
242.0 225.0 201.0 239.0 239.0 215.0 236.0 219.0 239.0 239.0 204.0 231.0
243.0 243.0 243.0 243.0 244.0 237.0 247.0 221.0 244.0 244.0 237.0 243.0
244.0 241.0 228.0 240.0 234.0 222.0 235.0 188.0 234.0 235.0 200.0 240.0
243.0 243.0 243.0 243.0 243.0 244.0 243.0 243.0 243.0 243.0 243.0 243.0
243.0 242.0 244.0 244.0 243.0 242.0 243.0 242.0 243.0 242.0 244.0 243.0
19.7728 80.0621 16.15 22.1651 35.3488 50 39.633 36.0385 83.1306 
56.0 39.0 71.0 12.0 13.0
242.0 223.0 198.0 239.0 239.0 215.0 236.0 219.0 239.0 239.0 201.0 230.0
242.0 243.0 244.0 243.0 243.0 237.0 247.0 216.0 244.0 244.0 236.0 243.0
244.0 241.0 228.0 240.0 234.0 221.0 235.0 183.0 233.0 235.0 200.0 241.0
244.0 244.0 244.0 243.0 244.0 243.0 243.0 243.0 243.0 243.0 243.0 243.0
244.0 243.0 243.0 244.0 241.0 243.0 243.0 242.0 244.0 242.0 243.0 243.0
20.0455 80.2854 16.15 22.1651 35.7364 50 40.0061 36.4534 83.1306 
57.0 42.0 75.0 12.0 13.0
243.0 222.0 198.0 238.0 239.0 214.0 236.0 219.0 239.0 239.0 200.0 229.0
243.0 242.0 242.0 244.0 244.0 237.0 247.0 214.0 244.0 244.0 235.0 243.0
244.0 241.0 227.0 239.0 234.0 220.0 235.0 180.0 233.0 234.0 200.0 240.0
243.0 244.0 243.0 244.0 244.0 243.0 243.0 243.0 244.0 243.0 243.0 244.0
244.0 242.0 243.0 244.0 242.0 243.0 242.0 242.0 243.0 243.0 242.0 243.0
20.1819 80.2854 16.15 22.1651 35.7364 49.6296 40.0061 36.4534 82.6204 
58.0 42.0 76.0 12.0 13.0
242.0 221.0 197.0 238.0 239.0 215.0 236.0 218.0 239.0 239.0 200.0 229.0
243.0 243.0 243.0 243.0 243.0 236.0 247.0 213.0 244.0 244.0 236.0 242.0
244.0 241.0 227.0 239.0 233.0 219.0 235.0 178.0 233.0 233.0 198.0 239.0
243.0 244.0 243.0 243.0 243.0 243.0 243.0 243.0 243.0 243.0 243.0 243.0
243.0 243.0 244.0 243.0 243.0 243.0 242.0 244.0 243.0 242.0 242.0 243.0
20.0455 80.2854 15.7654 22.1651 35.7364 49.6296 40.0061 36.8683 83.1306 
58.0 42.0 80.0 12.0 14.0
242.0 221.0 197.0 238.0 239.0 215.0 236.0 218.0 239.0 239.0 199.0 228.0
243.0 242.0 244.0 242.0 243.0 237.0 247.0 213.0 244.0 244.0 236.0 242.0
244.0 241.0 227.0 239.0 234.0 217.0 235.0 175.0 233.0 233.0 198.0 240.0
244.0 243.0 243.0 244.0 243.0 243.0 243.0 243.0 243.0 244.0 243.0 243.0
243.0 242.0 243.0 244.0 243.0 241.0 243.0 242.0 244.0 242.0 243.0 243.0
19.7728 80.1737 16.15 21.6246 35.7364 50 40.0061 37.2833 83.1306 
59.0 42.0 83.0 12.0 13.0
242.0 220.0 195.0 238.0 239.0 214.0 236.0 218.0 239.0 239.0 197.0 227.0
243.0 243.0 243.0 243.0 243.0 236.0 247.0 214.0 244.0 244.0 235.0 243.0
244.0 241.0 227.0 239.0 233.0 217.0 235.0 172.0 233.0 233.0 196.0 240.0
243.0 243.0 244.0 244.0 244.0 243.0 243.0 243.0 243.0 243.0 243.0 243.0
244.0 242.0 243.0 244.0 242.0 242.0 244.0 242.0 242.0 243.0 243.0 244.0
19.5 80.0621 16.15 21.6246 35.7364 50 40.0061 37.6982 83.1306 
60.0 42.0 88.0 12.0 13.0
242.0 219.0 195.0 238.0 239.0 214.0 236.0 218.0 239.0 239.0 196.0 227.0
243.0 242.0 243.0 243.0 243.0 236.0 246.0 213.0 244.0 245.0 235.0 244.0
244.0 241.0 227.0 239.0 233.0 216.0 235.0 168.0 232.0 233.0 197.0 240.0
243.0 244.0 243.0 244.0 243.0 244.0 244.0 243.0 243.0 243.0 243.0 243.0
243.0 243.0 244.0 243.0 243.0 243.0 242.0 243.0 244.0 243.0 243.0 243.0
19.6364 80.0621 16.15 21.6246 35.7364 50 40.0061 38.1132 83.1306 
62.0 43.0 91.0 12.0 13.0
242.0 218.0 193.0 238.0 239.0 213.0 236.0 218.0 239.0 239.0 195.0 227.0
243.0 243.0 243.0 243.0 243.0 236.0 247.0 212.0 244.0 244.0 237.0 243.0
244.0 241.0 226.0 239.0 233.0 214.0 235.0 165.0 233.0 233.0 195.0 241.0
243.0 244.0 244.0 244.0 243.0 244.0 244.0 243.0 243.0 243.0 243.0 244.0
244.0 243.0 244.0 244.0 243.0 242.0 242.0 243.0 243.0 242.0 242.0 243.0
