-10000
21.2728 79.8389 12.6885 0.00297297 40 65.1852 22.0957 36.8683 3.53878 
34.0 15.0 11.0 13.0 11.0
242.0 221.0 225.0 240.0 240.0 234.0 239.0 234.0 240.0 240.0 229.0 228.0
243.0 243.0 244.0 243.0 242.0 242.0 242.0 240.0 243.0 243.0 242.0 242.0
244.0 244.0 246.0 246.0 248.0 247.0 248.0 248.0 246.0 245.0 244.0 243.0
242.0 244.0 244.0 244.0 244.0 244.0 243.0 243.0 244.0 244.0 243.0 243.0
244.0 244.0 248.0 248.0 247.0 247.0 247.0 247.0 247.0 246.0 248.0 244.0
21.2728 79.5041 13.8423 -0.537568 39.2248 64.4444 22.4688 44.3372 4.55918 
40.0 15.0 11.0 14.0 11.0
242.0 214.0 222.0 239.0 240.0 233.0 239.0 234.0 240.0 240.0 226.0 223.0
243.0 243.0 244.0 243.0 242.0 242.0 242.0 240.0 243.0 243.0 242.0 242.0
244.0 244.0 246.0 246.0 248.0 247.0 248.0 248.0 246.0 244.0 244.0 243.0
241.0 243.0 244.0 244.0 244.0 244.0 243.0 243.0 244.0 244.0 243.0 243.0
244.0 244.0 247.0 248.0 247.0 246.0 247.0 246.0 246.0 247.0 247.0 244.0
21.1364 79.3925 14.2269 -0.537568 39.2248 64.8148 23.2151 50.5613 5.06939 
44.0 15.0 12.0 14.0 11.0
242.0 211.0 221.0 239.0 240.0 232.0 239.0 234.0 241.0 239.0 226.0 221.0
243.0 243.0 244.0 243.0 242.0 242.0 242.0 240.0 243.0 243.0 242.0 242.0
244.0 244.0 245.0 245.0 247.0 247.0 247.0 247.0 245.0 244.0 245.0 243.0
242.0 243.0 244.0 244.0 244.0 244.0 243.0 243.0 244.0 244.0 244.0 243.0
244.0 243.0 247.0 248.0 247.0 248.0 247.0 247.0 246.0 246.0 247.0 245.0
21.1364 79.3925 14.2269 -0.537568 38.8372 64.8148 28.439 51.8061 6.0898 
44.0 15.0 24.0 13.0 11.0
242.0 210.0 221.0 239.0 240.0 232.0 239.0 233.0 240.0 239.0 225.0 220.0
243.0 243.0 244.0 243.0 242.0 242.0 242.0 240.0 243.0 243.0 242.0 242.0
242.0 242.0 237.0 238.0 238.0 235.0 240.0 228.0 238.0 237.0 233.0 241.0
242.0 243.0 244.0 244.0 244.0 244.0 244.0 243.0 244.0 244.0 244.0 243.0
244.0 244.0 247.0 247.0 247.0 246.0 248.0 247.0 246.0 246.0 247.0 244.0
21.1364 79.3925 14.6115 -0.537568 38.8372 64.8148 32.5434 50.5613 6.0898 
47.0 15.0 38.0 13.0 12.0
242.0 207.0 219.0 238.0 240.0 232.0 239.0 233.0 240.0 239.0 223.0 217.0
243.0 243.0 244.0 243.0 242.0 242.0 242.0 240.0 243.0 243.0 242.0 242.0
242.0 241.0 235.0 236.0 236.0 230.0 236.0 216.0 236.0 236.0 232.0 241.0
241.0 243.0 244.0 244.0 244.0 244.0 244.0 243.0 244.0 244.0 244.0 243.0
244.0 244.0 246.0 247.0 246.0 246.0 248.0 247.0 247.0 247.0 248.0 244.0
21.1364 79.3925 14.9962 -0.537568 38.8372 64.8148 34.4091 50.9762 6.0898 
51.0 15.0 42.0 13.0 12.0
242.0 204.0 218.0 239.0 240.0 231.0 239.0 232.0 240.0 239.0 222.0 217.0
243.0 243.0 244.0 243.0 242.0 242.0 242.0 240.0 243.0 243.0 242.0 242.0
241.0 242.0 235.0 236.0 237.0 229.0 236.0 213.0 236.0 237.0 232.0 241.0
242.0 243.0 244.0 244.0 244.0 244.0 244.0 243.0 244.0 244.0 243.0 243.0
243.0 244.0 246.0 248.0 247.0 247.0 247.0 247.0 246.0 246.0 248.0 245.0
21.1364 79.2809 14.9962 -0.537568 38.8372 64.8148 35.1554 52.221 6.0898 
51.0 15.0 42.0 14.0 12.0
242.0 204.0 217.0 239.0 240.0 231.0 239.0 233.0 240.0 239.0 222.0 216.0
243.0 243.0 244.0 243.0 242.0 242.0 242.0 240.0 243.0 243.0 242.0 242.0
241.0 242.0 236.0 236.0 237.0 228.0 236.0 213.0 236.0 236.0 232.0 241.0
241.0 243.0 244.0 244.0 244.0 244.0 244.0 243.0 243.0 244.0 244.0 243.0
244.0 243.0 248.0 248.0 247.0 246.0 247.0 246.0 246.0 246.0 247.0 245.0
21 79.2809 14.9962 -0.537568 38.8372 65.1852 35.5285 54.2957 6.0898 
53.0 15.0 42.0 14.0 12.0
243.0 202.0 217.0 238.0 240.0 231.0 239.0 233.0 240.0 239.0 223.0 215.0
243.0 243.0 244.0 243.0 242.0 242.0 242.0 240.0 243.0 243.0 242.0 242.0
241.0 242.0 236.0 236.0 237.0 228.0 236.0 213.0 236.0 236.0 232.0 242.0
242.0 243.0 244.0 244.0 244.0 244.0 244.0 243.0 243.0 244.0 244.0 243.0
244.0 244.0 247.0 247.0 247.0 246.0 248.0 246.0 246.0 246.0 247.0 245.0
21 79.3925 14.9962 -0.537568 38.8372 64.8148 37.021 55.5405 6.0898 
55.0 15.0 42.0 13.0 11.0
242.0 199.0 215.0 238.0 239.0 231.0 239.0 233.0 240.0 239.0 221.0 212.0
243.0 243.0 244.0 243.0 242.0 242.0 242.0 240.0 243.0 243.0 242.0 242.0
241.0 242.0 235.0 235.0 236.0 227.0 236.0 213.0 235.0 236.0 233.0 242.0
242.0 244.0 244.0 244.0 244.0 244.0 244.0 244.0 244.0 244.0 244.0 242.0
244.0 245.0 247.0 248.0 247.0 247.0 247.0 247.0 246.0 246.0 248.0 245.0
21 79.5041 15.3808 -0.537568 38.8372 64.4444 37.021 55.1256 6.0898 
58.0 15.0 42.0 13.0 11.0
242.0 197.0 215.0 238.0 240.0 230.0 238.0 232.0 240.0 239.0 220.0 212.0
243.0 243.0 244.0 243.0 242.0 242.0 242.0 240.0 243.0 243.0 242.0 242.0
241.0 242.0 235.0 235.0 236.0 228.0 234.0 213.0 235.0 236.0 233.0 242.0
241.0 243.0 244.0 244.0 244.0 244.0 244.0 243.0 244.0 244.0 243.0 243.0
244.0 245.0 247.0 248.0 246.0 247.0 248.0 247.0 246.0 247.0 248.0 245.0
21.1364 79.5041 15.3808 -0.537568 38.8372 64.4444 37.021 55.5405 6.0898 
59.0 15.0 42.0 13.0 11.0
242.0 196.0 215.0 238.0 239.0 231.0 238.0 232.0 240.0 239.0 220.0 211.0
243.0 243.0 244.0 243.0 242.0 242.0 242.0 240.0 243.0 243.0 242.0 242.0
241.0 242.0 235.0 235.0 236.0 227.0 234.0 213.0 235.0 236.0 233.0 241.0
242.0 244.0 244.0 244.0 244.0 244.0 244.0 243.0 244.0 244.0 243.0 242.0
244.0 244.0 247.0 248.0 247.0 247.0 247.0 247.0 245.0 247.0 248.0 245.0
21.1364 79.5041 15.3808 -0.537568 38.8372 64.8148 37.021 55.5405 6.0898 
59.0 15.0 42.0 14.0 11.0
242.0 196.0 214.0 239.0 240.0 230.0 238.0 232.0 240.0 239.0 220.0 211.0
243.0 243.0 244.0 243.0 242.0 242.0 242.0 240.0 243.0 243.0 242.0 242.0
241.0 242.0 235.0 235.0 236.0 227.0 235.0 213.0 235.0 235.0 232.0 241.0
241.0 243.0 244.0 244.0 244.0 244.0 244.0 243.0 244.0 244.0 243.0 242.0
244.0 244.0 247.0 248.0 247.0 246.0 248.0 247.0 246.0 247.0 247.0 245.0
