-10000
20.3182 80.1737 13.4577 27.03 32.2481 46.2963 38.1404 30.6443 82.1102 
37.0 19.0 51.0 12.0 13.0
242.0 237.0 218.0 239.0 239.0 219.0 235.0 222.0 240.0 240.0 221.0 239.0
243.0 243.0 243.0 243.0 243.0 240.0 245.0 236.0 244.0 244.0 242.0 243.0
241.0 239.0 229.0 233.0 230.0 226.0 231.0 205.0 233.0 234.0 215.0 240.0
243.0 244.0 243.0 243.0 244.0 244.0 244.0 243.0 243.0 244.0 243.0 244.0
244.0 244.0 243.0 243.0 243.0 243.0 243.0 242.0 243.0 243.0 243.0 242.0
20.0455 80.2854 17.3038 26.4895 33.7984 47.7778 38.1404 33.5488 82.6204 
45.0 24.0 56.0 12.0 14.0
242.0 236.0 211.0 238.0 239.0 210.0 234.0 213.0 239.0 239.0 216.0 238.0
243.0 243.0 243.0 243.0 243.0 239.0 247.0 230.0 244.0 244.0 242.0 242.0
242.0 239.0 228.0 232.0 229.0 225.0 230.0 199.0 233.0 234.0 214.0 241.0
243.0 243.0 244.0 244.0 243.0 244.0 244.0 244.0 243.0 244.0 244.0 243.0
244.0 244.0 243.0 243.0 243.0 242.0 243.0 243.0 243.0 243.0 243.0 244.0
19.9091 80.397 16.9192 24.8678 34.5736 48.1481 38.1404 35.6235 82.6204 
48.0 31.0 64.0 12.0 13.0
242.0 235.0 206.0 238.0 238.0 207.0 233.0 210.0 238.0 239.0 211.0 237.0
243.0 243.0 243.0 243.0 243.0 237.0 246.0 223.0 244.0 244.0 241.0 243.0
241.0 239.0 228.0 233.0 230.0 222.0 230.0 189.0 233.0 234.0 215.0 241.0
243.0 244.0 243.0 243.0 244.0 243.0 244.0 243.0 243.0 243.0 243.0 243.0
244.0 242.0 243.0 243.0 243.0 242.0 243.0 242.0 243.0 242.0 244.0 244.0
20.4546 80.5086 16.9192 24.3273 34.5736 48.8889 38.5136 36.4534 82.6204 
53.0 31.0 73.0 12.0 13.0
242.0 234.0 202.0 238.0 238.0 205.0 233.0 209.0 239.0 239.0 207.0 236.0
243.0 242.0 243.0 243.0 243.0 237.0 246.0 221.0 244.0 244.0 241.0 242.0
241.0 239.0 226.0 233.0 231.0 219.0 231.0 181.0 232.0 234.0 215.0 242.0
243.0 244.0 244.0 243.0 243.0 243.0 243.0 243.0 243.0 244.0 243.0 243.0
243.0 244.0 243.0 244.0 243.0 242.0 243.0 243.0 243.0 243.0 242.0 244.0
20.4546 80.6202 16.9192 23.7868 35.3488 48.8889 38.8867 37.6982 82.6204 
56.0 37.0 79.0 12.0 13.0
242.0 232.0 198.0 238.0 238.0 203.0 233.0 208.0 239.0 239.0 203.0 236.0
242.0 242.0 243.0 243.0 244.0 236.0 247.0 217.0 244.0 244.0 241.0 243.0
241.0 239.0 226.0 233.0 231.0 217.0 231.0 174.0 231.0 234.0 214.0 242.0
244.0 244.0 243.0 243.0 243.0 243.0 244.0 243.0 244.0 243.0 243.0 243.0
243.0 243.0 243.0 243.0 243.0 243.0 242.0 243.0 242.0 242.0 242.0 244.0
19.9091 80.5086 16.9192 23.2462 35.3488 49.2593 38.8867 37.6982 82.6204 
58.0 40.0 84.0 12.0 13.0
242.0 232.0 197.0 238.0 238.0 202.0 233.0 208.0 239.0 239.0 202.0 235.0
242.0 243.0 243.0 243.0 243.0 235.0 246.0 214.0 244.0 244.0 241.0 242.0
241.0 239.0 226.0 233.0 230.0 216.0 231.0 172.0 231.0 233.0 215.0 241.0
243.0 244.0 243.0 243.0 243.0 243.0 243.0 244.0 243.0 243.0 243.0 244.0
243.0 243.0 242.0 244.0 244.0 242.0 243.0 244.0 242.0 243.0 242.0 244.0
19.7728 80.6202 16.5346 22.7057 36.124 49.2593 39.633 37.2833 82.6204 
59.0 45.0 87.0 12.0 13.0
241.0 231.0 195.0 238.0 238.0 202.0 233.0 208.0 238.0 239.0 199.0 235.0
244.0 242.0 243.0 243.0 243.0 234.0 247.0 209.0 244.0 244.0 239.0 242.0
240.0 239.0 226.0 233.0 231.0 214.0 232.0 167.0 231.0 232.0 214.0 241.0
243.0 244.0 243.0 243.0 243.0 243.0 244.0 243.0 243.0 243.0 243.0 244.0
244.0 243.0 242.0 244.0 242.0 242.0 244.0 241.0 243.0 243.0 242.0 243.0
20.0455 80.6202 16.5346 22.7057 36.124 48.8889 39.633 37.6982 82.6204 
62.0 45.0 90.0 12.0 13.0
241.0 230.0 194.0 238.0 238.0 202.0 233.0 208.0 238.0 238.0 198.0 235.0
243.0 243.0 243.0 243.0 243.0 235.0 246.0 209.0 244.0 244.0 240.0 243.0
241.0 239.0 225.0 233.0 230.0 214.0 232.0 165.0 231.0 233.0 214.0 242.0
243.0 244.0 243.0 244.0 244.0 243.0 243.0 244.0 244.0 243.0 243.0 243.0
244.0 243.0 244.0 244.0 242.0 243.0 242.0 243.0 243.0 243.0 243.0 243.0
20.1819 80.7318 16.5346 22.7057 36.124 49.6296 40.0061 37.2833 82.6204 
62.0 45.0 93.0 12.0 13.0
241.0 230.0 192.0 238.0 238.0 202.0 233.0 207.0 239.0 239.0 197.0 234.0
243.0 242.0 243.0 243.0 242.0 234.0 247.0 210.0 244.0 244.0 240.0 243.0
241.0 239.0 225.0 233.0 231.0 213.0 231.0 162.0 230.0 232.0 214.0 241.0
243.0 244.0 243.0 244.0 243.0 243.0 243.0 243.0 243.0 243.0 243.0 243.0
244.0 243.0 243.0 244.0 243.0 242.0 243.0 242.0 243.0 243.0 243.0 244.0
20.1819 80.7318 16.5346 22.1651 36.124 49.6296 40.0061 37.2833 82.6204 
62.0 45.0 94.0 12.0 13.0
241.0 230.0 193.0 238.0 238.0 201.0 233.0 207.0 238.0 238.0 197.0 234.0
243.0 243.0 243.0 243.0 243.0 236.0 247.0 211.0 244.0 244.0 240.0 242.0
240.0 239.0 226.0 233.0 230.0 212.0 231.0 161.0 230.0 233.0 213.0 242.0
242.0 244.0 243.0 243.0 244.0 243.0 244.0 243.0 243.0 243.0 243.0 243.0
243.0 244.0 244.0 244.0 242.0 242.0 242.0 242.0 243.0 243.0 243.0 243.0
19.9091 80.6202 16.5346 22.1651 36.124 50 40.0061 38.1132 83.1306 
64.0 44.0 99.0 12.0 13.0
241.0 230.0 191.0 238.0 238.0 200.0 233.0 207.0 238.0 238.0 195.0 234.0
243.0 243.0 243.0 243.0 242.0 234.0 246.0 211.0 244.0 244.0 240.0 242.0
241.0 239.0 224.0 233.0 231.0 210.0 232.0 157.0 230.0 231.0 214.0 242.0
244.0 244.0 243.0 243.0 243.0 243.0 243.0 244.0 243.0 243.0 244.0 243.0
243.0 244.0 244.0 244.0 243.0 242.0 243.0 242.0 242.0 243.0 244.0 243.0
19.7728 80.6202 16.5346 21.6246 36.124 50 39.633 38.5281 83.1306 
65.0 45.0 101.0 12.0 13.0
241.0 229.0 190.0 237.0 238.0 200.0 233.0 207.0 239.0 238.0 194.0 233.0
243.0 243.0 243.0 243.0 243.0 235.0 247.0 210.0 244.0 244.0 240.0 243.0
241.0 239.0 225.0 233.0 231.0 210.0 232.0 153.0 230.0 232.0 213.0 242.0
243.0 244.0 244.0 243.0 243.0 243.0 244.0 244.0 243.0 243.0 243.0 243.0
243.0 244.0 244.0 244.0 243.0 242.0 243.0 242.0 243.0 243.0 242.0 244.0
19.7728 80.5086 16.5346 22.1651 36.124 50 39.633 38.5281 83.1306 
65.0 46.0 102.0 12.0 13.0
242.0 228.0 189.0 238.0 238.0 200.0 233.0 206.0 239.0 238.0 193.0 233.0
243.0 242.0 243.0 243.0 243.0 235.0 246.0 210.0 244.0 244.0 239.0 242.0
241.0 239.0 226.0 233.0 231.0 209.0 232.0 152.0 231.0 232.0 214.0 242.0
243.0 244.0 243.0 243.0 243.0 244.0 243.0 243.0 243.0 243.0 243.0 243.0
243.0 242.0 243.0 244.0 243.0 243.0 242.0 243.0 244.0 242.0 242.0 243.0
