-10000
20.8637 80.5086 10.7654 40.5435 31.0853 43.7037 30.3046 37.2833 2.00816 
36.0 26.0 16.0 13.0 12.0
242.0 237.0 220.0 239.0 239.0 219.0 235.0 224.0 239.0 239.0 227.0 239.0
244.0 243.0 243.0 244.0 242.0 242.0 242.0 237.0 244.0 244.0 229.0 242.0
246.0 243.0 244.0 247.0 244.0 245.0 244.0 242.0 242.0 242.0 239.0 240.0
242.0 244.0 245.0 246.0 245.0 244.0 246.0 245.0 244.0 245.0 245.0 244.0
244.0 244.0 249.0 250.0 248.0 249.0 249.0 250.0 247.0 249.0 249.0 247.0
20.8637 80.397 15.7654 39.4624 30.3101 48.1481 31.7972 40.1878 2.51837 
42.0 29.0 20.0 13.0 11.0
241.0 237.0 216.0 239.0 238.0 213.0 234.0 218.0 238.0 239.0 223.0 239.0
242.0 243.0 243.0 243.0 243.0 240.0 242.0 234.0 243.0 244.0 225.0 243.0
246.0 243.0 242.0 247.0 244.0 244.0 244.0 239.0 241.0 240.0 234.0 240.0
242.0 244.0 245.0 246.0 245.0 244.0 245.0 245.0 245.0 245.0 245.0 243.0
244.0 244.0 250.0 250.0 249.0 250.0 251.0 250.0 248.0 249.0 250.0 246.0
20.7273 80.397 16.15 38.9219 28.7597 52.963 32.1703 44.3372 2.51837 
44.0 33.0 23.0 13.0 11.0
241.0 236.0 212.0 238.0 238.0 211.0 233.0 215.0 239.0 239.0 221.0 238.0
242.0 243.0 243.0 244.0 242.0 240.0 242.0 229.0 243.0 244.0 223.0 242.0
245.0 244.0 242.0 247.0 244.0 242.0 244.0 234.0 240.0 240.0 232.0 242.0
242.0 244.0 245.0 245.0 245.0 245.0 245.0 244.0 244.0 245.0 245.0 244.0
244.0 245.0 249.0 249.0 250.0 249.0 251.0 249.0 248.0 250.0 249.0 246.0
20.3182 80.2854 16.15 38.3814 28.7597 54.8148 33.2897 45.997 2.00816 
46.0 34.0 24.0 13.0 11.0
241.0 235.0 209.0 238.0 238.0 209.0 234.0 214.0 239.0 239.0 219.0 238.0
243.0 243.0 242.0 243.0 242.0 240.0 243.0 223.0 243.0 244.0 221.0 243.0
245.0 243.0 241.0 247.0 245.0 241.0 244.0 231.0 240.0 239.0 232.0 242.0
242.0 243.0 245.0 246.0 245.0 245.0 245.0 245.0 244.0 245.0 245.0 244.0
244.0 244.0 248.0 250.0 248.0 250.0 250.0 249.0 248.0 250.0 249.0 245.0
20.3182 80.397 15.7654 38.3814 29.5349 55.9259 34.036 48.0717 0.987755 
47.0 36.0 27.0 13.0 11.0
241.0 235.0 208.0 238.0 238.0 208.0 234.0 213.0 239.0 239.0 217.0 237.0
243.0 243.0 242.0 243.0 243.0 238.0 244.0 218.0 243.0 244.0 220.0 242.0
245.0 244.0 241.0 248.0 244.0 239.0 244.0 227.0 239.0 239.0 230.0 242.0
242.0 244.0 245.0 245.0 246.0 245.0 245.0 244.0 244.0 245.0 245.0 244.0
244.0 245.0 248.0 250.0 249.0 249.0 250.0 249.0 248.0 249.0 248.0 246.0
20.4546 80.6202 15.3808 37.8408 29.5349 58.1481 34.036 49.3165 0.477551 
48.0 42.0 31.0 13.0 11.0
241.0 234.0 206.0 238.0 238.0 208.0 234.0 212.0 239.0 239.0 214.0 237.0
242.0 243.0 241.0 243.0 242.0 236.0 244.0 211.0 243.0 244.0 222.0 242.0
246.0 243.0 240.0 250.0 245.0 237.0 245.0 224.0 239.0 239.0 230.0 242.0
242.0 244.0 246.0 246.0 245.0 245.0 245.0 244.0 245.0 245.0 245.0 243.0
243.0 245.0 250.0 249.0 249.0 249.0 251.0 249.0 248.0 250.0 250.0 246.0
20.3182 80.955 14.6115 37.3003 31.0853 58.1481 34.7822 50.1463 -0.0326531 
51.0 50.0 34.0 13.0 11.0
241.0 233.0 203.0 238.0 238.0 207.0 233.0 212.0 238.0 239.0 213.0 237.0
242.0 243.0 242.0 243.0 242.0 233.0 244.0 204.0 243.0 244.0 222.0 242.0
245.0 243.0 240.0 249.0 246.0 235.0 244.0 220.0 239.0 238.0 230.0 242.0
242.0 244.0 245.0 245.0 246.0 245.0 246.0 244.0 244.0 245.0 244.0 244.0
244.0 244.0 249.0 250.0 249.0 249.0 251.0 249.0 249.0 249.0 250.0 247.0
20.8637 81.0666 14.6115 37.3003 31.0853 59.2593 35.1554 51.3912 -0.0326531 
52.0 53.0 36.0 13.0 11.0
241.0 232.0 203.0 238.0 238.0 208.0 234.0 213.0 239.0 239.0 211.0 236.0
243.0 243.0 242.0 244.0 243.0 231.0 244.0 201.0 243.0 244.0 224.0 242.0
246.0 244.0 240.0 250.0 246.0 234.0 245.0 217.0 238.0 238.0 230.0 241.0
242.0 244.0 245.0 246.0 246.0 245.0 245.0 244.0 244.0 245.0 245.0 243.0
244.0 244.0 249.0 249.0 249.0 249.0 250.0 249.0 247.0 248.0 251.0 246.0
21 81.1782 14.2269 37.3003 31.8605 58.8889 35.1554 52.221 -0.542857 
53.0 61.0 39.0 13.0 11.0
241.0 231.0 201.0 238.0 238.0 206.0 233.0 211.0 239.0 239.0 209.0 236.0
242.0 243.0 241.0 243.0 242.0 229.0 244.0 192.0 243.0 243.0 223.0 243.0
245.0 243.0 241.0 250.0 247.0 233.0 246.0 215.0 238.0 237.0 229.0 242.0
242.0 244.0 245.0 246.0 246.0 245.0 245.0 244.0 244.0 245.0 245.0 244.0
245.0 244.0 248.0 250.0 249.0 249.0 251.0 249.0 247.0 249.0 249.0 245.0
20.8637 81.2898 14.2269 37.3003 31.8605 59.2593 35.5285 52.221 -0.542857 
54.0 64.0 41.0 13.0 11.0
241.0 231.0 200.0 238.0 238.0 206.0 233.0 211.0 239.0 239.0 208.0 236.0
242.0 243.0 241.0 243.0 242.0 228.0 244.0 191.0 242.0 243.0 222.0 243.0
246.0 243.0 240.0 250.0 247.0 233.0 245.0 214.0 238.0 237.0 229.0 241.0
242.0 243.0 246.0 245.0 245.0 245.0 246.0 245.0 245.0 245.0 245.0 243.0
244.0 245.0 249.0 249.0 249.0 250.0 250.0 249.0 248.0 249.0 251.0 246.0
21.1364 81.4014 14.2269 37.3003 32.2481 59.2593 35.9016 52.221 -0.542857 
55.0 66.0 42.0 13.0 11.0
241.0 231.0 199.0 238.0 238.0 206.0 234.0 210.0 239.0 239.0 208.0 236.0
242.0 243.0 241.0 243.0 242.0 227.0 244.0 188.0 242.0 243.0 222.0 243.0
246.0 243.0 239.0 250.0 247.0 232.0 246.0 212.0 238.0 237.0 228.0 241.0
242.0 244.0 245.0 245.0 245.0 245.0 245.0 244.0 244.0 244.0 245.0 244.0
243.0 244.0 250.0 249.0 249.0 248.0 250.0 250.0 248.0 249.0 250.0 246.0
21.1364 81.513 13.8423 37.3003 32.6357 60.7407 36.2748 53.0509 -0.542857 
55.0 71.0 44.0 13.0 11.0
241.0 230.0 199.0 238.0 238.0 206.0 234.0 211.0 239.0 239.0 206.0 235.0
242.0 243.0 240.0 243.0 242.0 225.0 244.0 182.0 242.0 243.0 225.0 243.0
246.0 243.0 241.0 251.0 247.0 231.0 245.0 211.0 238.0 237.0 229.0 241.0
242.0 244.0 245.0 245.0 246.0 245.0 245.0 245.0 244.0 245.0 245.0 244.0
244.0 244.0 249.0 249.0 249.0 250.0 250.0 250.0 249.0 249.0 249.0 246.0
21.1364 81.7362 13.4577 37.3003 33.4109 60.7407 36.6479 53.4659 -0.542857 
58.0 81.0 47.0 13.0 11.0
241.0 228.0 197.0 238.0 238.0 206.0 234.0 210.0 239.0 240.0 203.0 234.0
243.0 243.0 241.0 243.0 242.0 223.0 244.0 173.0 242.0 241.0 224.0 243.0
246.0 243.0 241.0 251.0 247.0 230.0 245.0 209.0 237.0 236.0 230.0 241.0
242.0 243.0 246.0 245.0 246.0 245.0 245.0 245.0 244.0 245.0 245.0 244.0
244.0 244.0 249.0 250.0 250.0 249.0 250.0 249.0 248.0 250.0 249.0 246.0
21 81.6246 13.0731 37.3003 33.4109 60.7407 36.6479 53.4659 -0.542857 
59.0 84.0 47.0 13.0 11.0
241.0 228.0 196.0 238.0 238.0 205.0 234.0 209.0 238.0 239.0 203.0 234.0
243.0 243.0 240.0 243.0 242.0 223.0 244.0 170.0 241.0 242.0 224.0 243.0
246.0 244.0 240.0 250.0 248.0 230.0 245.0 208.0 237.0 237.0 230.0 241.0
242.0 244.0 245.0 245.0 245.0 245.0 246.0 244.0 244.0 245.0 245.0 243.0
244.0 244.0 249.0 249.0 250.0 249.0 251.0 250.0 248.0 249.0 249.0 247.0
21 81.513 13.0731 37.3003 33.4109 60.7407 36.6479 53.4659 -0.542857 
59.0 84.0 47.0 13.0 11.0
241.0 228.0 196.0 238.0 238.0 204.0 233.0 209.0 238.0 239.0 203.0 234.0
243.0 243.0 241.0 242.0 242.0 222.0 244.0 170.0 241.0 241.0 223.0 242.0
246.0 243.0 242.0 251.0 248.0 229.0 245.0 208.0 237.0 236.0 229.0 241.0
242.0 244.0 245.0 245.0 245.0 245.0 245.0 245.0 244.0 245.0 244.0 244.0
244.0 244.0 250.0 249.0 249.0 250.0 250.0 250.0 248.0 249.0 250.0 245.0
21 81.513 13.0731 37.3003 33.4109 60.7407 37.021 53.4659 -0.542857 
60.0 86.0 47.0 13.0 11.0
241.0 228.0 195.0 238.0 238.0 204.0 234.0 210.0 238.0 239.0 203.0 234.0
242.0 243.0 241.0 242.0 242.0 222.0 244.0 168.0 242.0 241.0 223.0 243.0
246.0 243.0 241.0 250.0 248.0 230.0 245.0 208.0 236.0 236.0 230.0 241.0
242.0 244.0 245.0 246.0 245.0 245.0 245.0 245.0 245.0 245.0 244.0 243.0
244.0 244.0 248.0 250.0 249.0 250.0 250.0 249.0 248.0 248.0 250.0 245.0
