-10000
21.1364 80.0621 17.6885 35.1381 26.8217 53.7037 31.7972 35.6235 -0.542857 
40.0 30.0 14.0 12.0 11.0
241.0 237.0 218.0 239.0 238.0 214.0 234.0 221.0 239.0 239.0 226.0 239.0
243.0 243.0 243.0 244.0 243.0 241.0 245.0 224.0 244.0 244.0 227.0 243.0
245.0 243.0 246.0 244.0 243.0 245.0 242.0 244.0 243.0 242.0 240.0 241.0
242.0 244.0 246.0 246.0 246.0 246.0 246.0 246.0 245.0 246.0 245.0 244.0
244.0 245.0 249.0 250.0 250.0 251.0 251.0 249.0 249.0 251.0 251.0 246.0
21.1364 80.397 18.4577 35.1381 27.5969 54.4444 30.6778 39.7729 0.477551 
44.0 35.0 18.0 13.0 10.0
242.0 237.0 215.0 238.0 238.0 210.0 233.0 217.0 239.0 239.0 223.0 239.0
243.0 243.0 243.0 244.0 243.0 240.0 245.0 220.0 244.0 244.0 223.0 242.0
244.0 244.0 243.0 245.0 244.0 245.0 245.0 242.0 242.0 241.0 236.0 242.0
243.0 244.0 246.0 246.0 246.0 245.0 247.0 245.0 245.0 246.0 245.0 244.0
244.0 244.0 249.0 252.0 249.0 250.0 250.0 251.0 250.0 249.0 251.0 246.0
21.2728 80.7318 18.0731 34.057 28.7597 54.8148 30.3046 44.7522 0.477551 
47.0 40.0 22.0 13.0 11.0
241.0 236.0 211.0 238.0 238.0 208.0 233.0 214.0 239.0 239.0 220.0 239.0
242.0 244.0 242.0 243.0 243.0 239.0 245.0 214.0 243.0 244.0 223.0 242.0
244.0 244.0 243.0 246.0 245.0 244.0 245.0 235.0 241.0 239.0 232.0 244.0
242.0 244.0 246.0 246.0 246.0 245.0 246.0 246.0 245.0 246.0 246.0 244.0
244.0 245.0 250.0 251.0 250.0 250.0 251.0 250.0 250.0 250.0 251.0 247.0
21.2728 80.955 17.6885 34.057 29.1473 56.6667 30.6778 46.4119 0.477551 
48.0 45.0 23.0 13.0 10.0
241.0 235.0 210.0 238.0 238.0 206.0 233.0 213.0 239.0 240.0 219.0 238.0
243.0 243.0 243.0 243.0 243.0 238.0 245.0 210.0 243.0 244.0 224.0 242.0
243.0 243.0 242.0 245.0 245.0 243.0 245.0 231.0 240.0 239.0 232.0 244.0
242.0 244.0 246.0 246.0 247.0 246.0 246.0 245.0 245.0 246.0 246.0 244.0
245.0 244.0 250.0 251.0 250.0 250.0 252.0 250.0 250.0 250.0 250.0 245.0
21.1364 80.955 16.5346 34.057 30.3101 57.7778 31.424 48.4866 0.477551 
50.0 52.0 26.0 13.0 11.0
241.0 234.0 206.0 238.0 238.0 205.0 233.0 212.0 238.0 239.0 215.0 238.0
243.0 243.0 242.0 243.0 243.0 235.0 246.0 201.0 242.0 243.0 226.0 242.0
244.0 244.0 242.0 246.0 246.0 242.0 245.0 228.0 240.0 238.0 231.0 244.0
242.0 244.0 245.0 247.0 246.0 245.0 246.0 246.0 245.0 246.0 245.0 244.0
244.0 245.0 250.0 251.0 250.0 250.0 252.0 250.0 250.0 251.0 250.0 246.0
21.1364 81.0666 16.5346 35.1381 30.3101 58.1481 32.5434 48.9015 0.477551 
51.0 55.0 30.0 13.0 11.0
241.0 234.0 205.0 238.0 238.0 203.0 233.0 210.0 238.0 239.0 214.0 238.0
243.0 243.0 242.0 243.0 242.0 233.0 245.0 200.0 242.0 244.0 225.0 243.0
244.0 244.0 242.0 246.0 246.0 241.0 245.0 225.0 239.0 238.0 231.0 244.0
242.0 244.0 246.0 246.0 246.0 245.0 247.0 245.0 246.0 246.0 246.0 244.0
244.0 244.0 249.0 251.0 250.0 250.0 252.0 250.0 248.0 250.0 251.0 245.0
21.1364 81.2898 14.9962 35.6786 31.8605 59.6296 33.6628 50.5613 0.477551 
53.0 59.0 32.0 13.0 11.0
241.0 233.0 202.0 238.0 237.0 202.0 233.0 209.0 238.0 239.0 211.0 237.0
243.0 243.0 242.0 243.0 242.0 231.0 246.0 195.0 241.0 243.0 229.0 242.0
244.0 244.0 243.0 247.0 246.0 240.0 245.0 222.0 239.0 238.0 232.0 244.0
243.0 244.0 246.0 246.0 246.0 246.0 247.0 246.0 245.0 245.0 245.0 244.0
244.0 244.0 250.0 250.0 250.0 250.0 250.0 250.0 250.0 251.0 251.0 246.0
21.1364 81.513 14.6115 36.7597 32.2481 60.3704 34.4091 51.3912 0.477551 
54.0 63.0 35.0 13.0 11.0
241.0 233.0 202.0 238.0 237.0 201.0 232.0 208.0 238.0 239.0 210.0 237.0
243.0 243.0 242.0 243.0 242.0 229.0 245.0 192.0 240.0 243.0 230.0 242.0
244.0 244.0 243.0 247.0 246.0 240.0 246.0 220.0 239.0 237.0 233.0 244.0
242.0 244.0 246.0 246.0 246.0 246.0 246.0 245.0 245.0 245.0 245.0 244.0
244.0 244.0 251.0 251.0 250.0 250.0 251.0 249.0 249.0 250.0 251.0 247.0
21.1364 81.513 13.8423 36.7597 32.6357 61.1111 35.5285 52.221 0.477551 
56.0 66.0 38.0 14.0 11.0
241.0 233.0 200.0 238.0 238.0 199.0 232.0 206.0 238.0 239.0 208.0 237.0
242.0 243.0 243.0 243.0 242.0 227.0 245.0 189.0 241.0 242.0 231.0 242.0
244.0 244.0 243.0 247.0 246.0 238.0 246.0 217.0 238.0 237.0 232.0 244.0
242.0 244.0 246.0 247.0 246.0 245.0 246.0 245.0 245.0 246.0 246.0 244.0
244.0 244.0 250.0 250.0 250.0 250.0 251.0 250.0 250.0 251.0 250.0 246.0
21 81.1782 13.8423 36.7597 32.6357 61.8519 35.9016 52.636 -0.0326531 
56.0 69.0 39.0 13.0 11.0
241.0 233.0 200.0 238.0 237.0 199.0 232.0 206.0 238.0 239.0 208.0 237.0
243.0 243.0 242.0 243.0 242.0 225.0 244.0 184.0 240.0 242.0 231.0 242.0
244.0 245.0 243.0 247.0 246.0 238.0 246.0 216.0 238.0 237.0 233.0 244.0
242.0 244.0 246.0 246.0 246.0 246.0 246.0 245.0 245.0 246.0 245.0 244.0
244.0 244.0 250.0 251.0 250.0 250.0 251.0 249.0 250.0 249.0 251.0 246.0
21 81.2898 13.4577 36.7597 33.4109 61.1111 36.6479 53.0509 -0.0326531 
58.0 79.0 40.0 13.0 10.0
241.0 232.0 197.0 238.0 237.0 198.0 232.0 205.0 238.0 239.0 206.0 237.0
242.0 243.0 242.0 243.0 242.0 223.0 244.0 177.0 240.0 242.0 231.0 242.0
244.0 244.0 243.0 247.0 246.0 238.0 246.0 215.0 238.0 237.0 233.0 244.0
242.0 244.0 246.0 246.0 246.0 246.0 246.0 245.0 245.0 246.0 246.0 244.0
244.0 245.0 249.0 250.0 251.0 250.0 251.0 250.0 249.0 250.0 251.0 246.0
21 81.2898 13.4577 36.7597 33.4109 61.8519 36.6479 53.4659 -0.0326531 
58.0 82.0 41.0 13.0 11.0
240.0 232.0 197.0 238.0 237.0 198.0 232.0 205.0 238.0 239.0 205.0 236.0
242.0 243.0 242.0 243.0 242.0 223.0 244.0 172.0 240.0 241.0 232.0 242.0
244.0 244.0 243.0 248.0 246.0 237.0 246.0 214.0 238.0 237.0 233.0 244.0
242.0 244.0 246.0 247.0 246.0 246.0 247.0 246.0 245.0 246.0 245.0 244.0
244.0 244.0 250.0 252.0 250.0 249.0 251.0 251.0 249.0 250.0 251.0 246.0
21 81.2898 13.4577 36.7597 33.4109 61.8519 36.6479 53.8808 -0.0326531 
59.0 86.0 42.0 13.0 11.0
241.0 232.0 196.0 238.0 237.0 197.0 232.0 204.0 238.0 239.0 204.0 236.0
243.0 243.0 241.0 243.0 242.0 222.0 244.0 168.0 240.0 242.0 231.0 243.0
244.0 244.0 242.0 248.0 247.0 237.0 246.0 212.0 238.0 236.0 232.0 244.0
242.0 244.0 245.0 246.0 246.0 246.0 246.0 245.0 246.0 246.0 246.0 244.0
244.0 245.0 248.0 252.0 249.0 251.0 251.0 249.0 249.0 250.0 251.0 247.0
21 80.955 13.4577 37.3003 33.4109 61.8519 36.6479 53.8808 -0.0326531 
60.0 89.0 45.0 12.0 11.0
241.0 231.0 195.0 238.0 237.0 195.0 231.0 203.0 238.0 239.0 203.0 236.0
242.0 243.0 243.0 242.0 242.0 222.0 244.0 166.0 241.0 242.0 231.0 242.0
243.0 244.0 242.0 247.0 247.0 235.0 246.0 211.0 238.0 236.0 232.0 244.0
242.0 243.0 246.0 247.0 246.0 246.0 246.0 245.0 245.0 246.0 246.0 244.0
244.0 245.0 250.0 251.0 250.0 250.0 252.0 250.0 249.0 249.0 252.0 247.0
21 80.8434 13.4577 37.3003 33.7984 61.8519 37.021 53.8808 0.477551 
60.0 93.0 47.0 12.0 11.0
240.0 231.0 195.0 238.0 237.0 195.0 232.0 202.0 238.0 240.0 202.0 236.0
243.0 243.0 243.0 243.0 242.0 222.0 244.0 160.0 240.0 241.0 230.0 243.0
244.0 244.0 242.0 246.0 246.0 234.0 246.0 207.0 238.0 237.0 232.0 244.0
242.0 244.0 246.0 246.0 246.0 245.0 246.0 245.0 245.0 246.0 245.0 244.0
244.0 245.0 249.0 251.0 249.0 251.0 251.0 250.0 249.0 250.0 250.0 246.0
20.8637 80.8434 13.0731 37.3003 34.5736 61.4815 37.3942 53.8808 0.477551 
61.0 102.0 47.0 13.0 11.0
241.0 231.0 193.0 238.0 237.0 194.0 232.0 202.0 238.0 239.0 201.0 236.0
243.0 243.0 242.0 243.0 242.0 221.0 244.0 153.0 240.0 241.0 229.0 243.0
244.0 244.0 243.0 247.0 246.0 234.0 246.0 206.0 238.0 236.0 232.0 244.0
242.0 243.0 246.0 246.0 246.0 246.0 246.0 245.0 246.0 246.0 245.0 244.0
244.0 245.0 249.0 252.0 250.0 250.0 252.0 250.0 249.0 250.0 250.0 246.0
20.8637 80.7318 13.0731 37.3003 34.5736 61.8519 37.3942 54.2957 0.477551 
61.0 105.0 50.0 13.0 11.0
241.0 230.0 193.0 238.0 238.0 194.0 232.0 201.0 238.0 239.0 200.0 236.0
243.0 244.0 242.0 243.0 242.0 220.0 243.0 150.0 240.0 241.0 229.0 242.0
243.0 244.0 242.0 247.0 246.0 232.0 246.0 205.0 238.0 236.0 231.0 244.0
243.0 244.0 246.0 246.0 246.0 245.0 246.0 245.0 245.0 245.0 246.0 244.0
244.0 245.0 250.0 250.0 250.0 250.0 252.0 250.0 250.0 251.0 250.0 247.0
21 80.955 12.6885 37.3003 34.5736 62.2222 37.3942 54.7107 0.477551 
62.0 107.0 50.0 13.0 11.0
241.0 230.0 192.0 238.0 237.0 194.0 232.0 202.0 238.0 240.0 200.0 236.0
242.0 243.0 242.0 243.0 242.0 221.0 244.0 149.0 241.0 241.0 229.0 242.0
243.0 244.0 242.0 247.0 246.0 232.0 245.0 204.0 238.0 236.0 231.0 244.0
242.0 244.0 246.0 246.0 246.0 245.0 247.0 245.0 245.0 246.0 245.0 244.0
244.0 245.0 251.0 250.0 249.0 250.0 252.0 251.0 249.0 251.0 251.0 245.0
