-10000
20.3182 80.0621 17.6885 22.7057 33.4109 47.037 38.8867 28.5696 82.1102 
40.0 20.0 46.0 12.0 13.0
242.0 234.0 214.0 239.0 239.0 221.0 237.0 223.0 240.0 240.0 218.0 237.0
243.0 243.0 242.0 244.0 243.0 236.0 247.0 235.0 244.0 244.0 242.0 243.0
244.0 240.0 231.0 238.0 232.0 231.0 233.0 216.0 235.0 235.0 208.0 237.0
243.0 244.0 243.0 243.0 244.0 243.0 243.0 243.0 244.0 243.0 244.0 243.0
243.0 243.0 243.0 243.0 244.0 243.0 244.0 241.0 244.0 242.0 243.0 244.0
19.7728 80.0621 18.0731 22.1651 33.4109 46.6667 38.8867 28.9845 82.6204 
45.0 22.0 49.0 12.0 14.0
242.0 232.0 210.0 239.0 239.0 218.0 236.0 221.0 240.0 239.0 214.0 235.0
243.0 242.0 241.0 243.0 243.0 234.0 247.0 232.0 244.0 243.0 240.0 243.0
244.0 240.0 231.0 239.0 233.0 231.0 232.0 214.0 234.0 236.0 207.0 238.0
243.0 243.0 243.0 243.0 243.0 243.0 244.0 243.0 243.0 243.0 243.0 243.0
244.0 242.0 244.0 243.0 243.0 243.0 243.0 241.0 243.0 244.0 241.0 243.0
19.5 80.0621 18.0731 21.0841 34.186 46.6667 38.8867 30.6443 82.6204 
48.0 26.0 49.0 12.0 13.0
242.0 230.0 206.0 239.0 239.0 217.0 236.0 220.0 240.0 239.0 210.0 234.0
243.0 244.0 241.0 243.0 243.0 231.0 247.0 230.0 244.0 244.0 241.0 243.0
245.0 240.0 231.0 240.0 233.0 230.0 232.0 211.0 234.0 236.0 207.0 238.0
243.0 244.0 243.0 243.0 243.0 243.0 244.0 243.0 243.0 243.0 243.0 243.0
244.0 243.0 243.0 243.0 242.0 243.0 243.0 241.0 243.0 242.0 242.0 242.0
19.6364 80.2854 17.6885 21.0841 34.186 48.1481 38.8867 33.1339 82.6204 
51.0 29.0 52.0 12.0 14.0
242.0 228.0 204.0 239.0 239.0 216.0 236.0 220.0 239.0 239.0 208.0 233.0
243.0 242.0 242.0 242.0 243.0 229.0 247.0 225.0 244.0 243.0 240.0 243.0
245.0 241.0 230.0 240.0 233.0 227.0 232.0 202.0 233.0 236.0 204.0 239.0
243.0 243.0 244.0 244.0 243.0 244.0 244.0 243.0 244.0 243.0 243.0 243.0
243.0 244.0 244.0 244.0 244.0 242.0 242.0 243.0 244.0 242.0 242.0 243.0
19.6364 80.5086 17.6885 20.5435 34.9612 48.5185 39.2599 33.9638 82.6204 
53.0 32.0 58.0 12.0 13.0
242.0 226.0 202.0 238.0 239.0 216.0 236.0 219.0 239.0 239.0 205.0 232.0
243.0 243.0 241.0 243.0 243.0 227.0 247.0 223.0 244.0 244.0 240.0 243.0
244.0 240.0 230.0 240.0 233.0 226.0 232.0 196.0 233.0 235.0 204.0 239.0
243.0 243.0 244.0 243.0 243.0 244.0 243.0 243.0 243.0 243.0 243.0 243.0
242.0 243.0 242.0 244.0 242.0 243.0 243.0 242.0 244.0 243.0 242.0 243.0
19.6364 80.397 17.3038 20.003 34.9612 49.2593 39.2599 34.7937 82.6204 
54.0 34.0 65.0 12.0 13.0
242.0 225.0 201.0 238.0 239.0 216.0 236.0 219.0 239.0 239.0 203.0 231.0
243.0 243.0 241.0 243.0 243.0 226.0 247.0 221.0 244.0 244.0 241.0 243.0
244.0 240.0 230.0 240.0 233.0 223.0 232.0 190.0 232.0 234.0 204.0 240.0
243.0 243.0 244.0 244.0 243.0 244.0 244.0 243.0 243.0 243.0 243.0 244.0
244.0 244.0 243.0 244.0 243.0 241.0 243.0 243.0 244.0 244.0 243.0 244.0
19.7728 80.397 16.9192 20.003 34.9612 50 39.2599 36.0385 82.6204 
55.0 36.0 71.0 12.0 14.0
242.0 224.0 200.0 239.0 239.0 216.0 236.0 219.0 239.0 239.0 201.0 230.0
243.0 243.0 240.0 243.0 244.0 226.0 246.0 220.0 244.0 243.0 240.0 243.0
244.0 241.0 228.0 240.0 233.0 222.0 232.0 182.0 232.0 234.0 202.0 240.0
244.0 244.0 244.0 243.0 243.0 243.0 244.0 243.0 243.0 244.0 243.0 243.0
243.0 242.0 243.0 244.0 242.0 243.0 244.0 243.0 243.0 243.0 243.0 243.0
20.0455 80.5086 16.9192 20.5435 35.3488 49.6296 39.2599 36.4534 82.6204 
57.0 39.0 73.0 12.0 13.0
242.0 222.0 198.0 238.0 239.0 214.0 236.0 219.0 239.0 239.0 200.0 229.0
244.0 242.0 241.0 243.0 243.0 223.0 248.0 214.0 244.0 244.0 240.0 242.0
244.0 240.0 229.0 240.0 233.0 221.0 232.0 180.0 232.0 233.0 204.0 239.0
243.0 244.0 243.0 243.0 243.0 243.0 243.0 243.0 243.0 243.0 243.0 243.0
244.0 241.0 244.0 243.0 243.0 243.0 243.0 242.0 243.0 242.0 243.0 244.0
20.7273 80.7318 16.5346 21.0841 35.7364 50 40.0061 36.8683 83.1306 
58.0 43.0 78.0 12.0 13.0
242.0 221.0 197.0 238.0 239.0 214.0 236.0 219.0 239.0 239.0 199.0 228.0
243.0 242.0 241.0 243.0 242.0 221.0 247.0 212.0 244.0 244.0 239.0 242.0
244.0 240.0 229.0 240.0 232.0 220.0 232.0 176.0 231.0 232.0 203.0 239.0
243.0 243.0 244.0 243.0 244.0 243.0 243.0 244.0 243.0 243.0 243.0 243.0
243.0 244.0 244.0 244.0 243.0 242.0 243.0 242.0 242.0 242.0 244.0 243.0
20.591 80.7318 16.5346 20.5435 35.7364 50.3704 40.0061 37.2833 83.1306 
59.0 44.0 82.0 12.0 14.0
242.0 221.0 196.0 238.0 239.0 214.0 236.0 218.0 239.0 239.0 198.0 228.0
243.0 243.0 241.0 243.0 243.0 223.0 248.0 212.0 244.0 245.0 240.0 242.0
244.0 240.0 229.0 240.0 233.0 219.0 231.0 173.0 231.0 233.0 202.0 240.0
243.0 244.0 243.0 243.0 243.0 243.0 244.0 243.0 243.0 243.0 243.0 243.0
243.0 243.0 244.0 243.0 242.0 242.0 244.0 242.0 244.0 242.0 242.0 242.0
20.7273 80.7318 16.15 20.5435 35.7364 50 40.0061 37.2833 83.1306 
60.0 43.0 83.0 12.0 13.0
242.0 220.0 195.0 238.0 239.0 213.0 236.0 218.0 239.0 239.0 197.0 227.0
244.0 243.0 240.0 243.0 243.0 222.0 247.0 213.0 244.0 244.0 239.0 242.0
244.0 240.0 227.0 240.0 232.0 218.0 232.0 170.0 230.0 232.0 202.0 240.0
243.0 243.0 244.0 243.0 243.0 243.0 243.0 243.0 243.0 243.0 243.0 243.0
243.0 243.0 243.0 244.0 243.0 243.0 243.0 242.0 244.0 243.0 243.0 244.0
20.3182 80.5086 16.15 21.0841 35.7364 50 40.0061 37.2833 83.1306 
61.0 43.0 85.0 12.0 14.0
242.0 220.0 193.0 238.0 239.0 212.0 236.0 217.0 239.0 239.0 195.0 227.0
242.0 243.0 241.0 243.0 243.0 221.0 248.0 211.0 244.0 244.0 239.0 243.0
244.0 240.0 228.0 239.0 232.0 217.0 232.0 167.0 230.0 232.0 200.0 240.0
243.0 244.0 244.0 243.0 244.0 243.0 243.0 243.0 243.0 243.0 243.0 243.0
243.0 242.0 243.0 244.0 242.0 243.0 243.0 242.0 244.0 243.0 243.0 243.0
