-10000
21 80.1737 15.7654 38.3814 27.5969 56.2963 32.1703 48.9015 -0.542857 
43.0 23.0 31.0 13.0 11.0
242.0 238.0 221.0 239.0 238.0 212.0 232.0 219.0 238.0 239.0 228.0 240.0
243.0 243.0 244.0 243.0 243.0 241.0 244.0 234.0 244.0 244.0 241.0 244.0
243.0 242.0 240.0 244.0 244.0 237.0 243.0 223.0 241.0 240.0 238.0 243.0
242.0 243.0 246.0 246.0 246.0 245.0 246.0 245.0 245.0 245.0 245.0 244.0
244.0 246.0 250.0 250.0 249.0 250.0 251.0 249.0 249.0 250.0 249.0 247.0
21 79.9505 16.9192 37.8408 27.2093 58.1481 32.1703 49.3165 0.477551 
48.0 24.0 36.0 13.0 11.0
241.0 238.0 216.0 238.0 237.0 206.0 232.0 215.0 237.0 238.0 226.0 240.0
242.0 244.0 244.0 244.0 243.0 241.0 244.0 230.0 244.0 244.0 241.0 244.0
244.0 243.0 240.0 244.0 244.0 235.0 242.0 220.0 240.0 241.0 236.0 242.0
242.0 244.0 245.0 246.0 246.0 246.0 246.0 245.0 245.0 245.0 245.0 244.0
245.0 245.0 249.0 250.0 249.0 250.0 252.0 249.0 249.0 250.0 250.0 247.0
21 80.0621 16.9192 37.8408 27.9845 58.1481 32.1703 50.5613 0.987755 
53.0 34.0 37.0 13.0 11.0
241.0 237.0 213.0 238.0 237.0 202.0 231.0 212.0 238.0 238.0 225.0 239.0
243.0 243.0 243.0 244.0 243.0 239.0 245.0 220.0 244.0 244.0 239.0 242.0
243.0 242.0 240.0 244.0 244.0 235.0 243.0 217.0 240.0 240.0 237.0 243.0
242.0 244.0 245.0 246.0 246.0 245.0 245.0 245.0 245.0 245.0 245.0 244.0
244.0 245.0 249.0 252.0 250.0 249.0 251.0 250.0 249.0 249.0 251.0 247.0
21.1364 80.1737 16.9192 37.8408 28.3721 57.4074 32.1703 51.3912 0.987755 
56.0 43.0 37.0 13.0 11.0
241.0 237.0 212.0 238.0 237.0 198.0 231.0 210.0 238.0 238.0 224.0 239.0
243.0 243.0 243.0 243.0 242.0 237.0 246.0 212.0 243.0 244.0 237.0 242.0
243.0 243.0 239.0 244.0 244.0 235.0 244.0 218.0 239.0 240.0 238.0 243.0
242.0 244.0 245.0 246.0 245.0 245.0 246.0 245.0 245.0 245.0 246.0 244.0
244.0 245.0 250.0 250.0 250.0 249.0 252.0 251.0 248.0 249.0 250.0 247.0
21.1364 80.397 16.5346 38.3814 28.7597 57.4074 32.1703 51.8061 0.987755 
59.0 48.0 36.0 12.0 11.0
241.0 237.0 211.0 238.0 237.0 196.0 231.0 209.0 238.0 238.0 224.0 239.0
243.0 243.0 243.0 243.0 242.0 236.0 246.0 207.0 244.0 244.0 236.0 243.0
243.0 243.0 239.0 244.0 245.0 234.0 244.0 217.0 239.0 240.0 237.0 244.0
242.0 244.0 246.0 246.0 245.0 245.0 246.0 245.0 245.0 246.0 245.0 244.0
244.0 244.0 250.0 250.0 250.0 250.0 251.0 250.0 248.0 250.0 250.0 246.0
21 80.5086 16.15 38.9219 29.5349 57.037 32.5434 52.221 0.987755 
62.0 57.0 37.0 13.0 11.0
241.0 237.0 209.0 238.0 237.0 193.0 230.0 207.0 238.0 238.0 223.0 239.0
243.0 243.0 243.0 243.0 242.0 234.0 246.0 197.0 244.0 244.0 235.0 242.0
242.0 243.0 240.0 244.0 245.0 234.0 244.0 218.0 239.0 240.0 238.0 244.0
242.0 244.0 245.0 246.0 246.0 245.0 246.0 245.0 245.0 245.0 246.0 244.0
244.0 245.0 249.0 251.0 249.0 249.0 251.0 251.0 249.0 249.0 249.0 247.0
21 80.6202 15.7654 38.9219 29.9225 58.1481 32.9166 53.0509 0.987755 
64.0 62.0 40.0 13.0 11.0
241.0 237.0 208.0 238.0 237.0 190.0 230.0 207.0 237.0 238.0 222.0 239.0
242.0 243.0 243.0 243.0 242.0 234.0 246.0 192.0 243.0 244.0 236.0 243.0
243.0 243.0 239.0 244.0 245.0 233.0 243.0 215.0 238.0 239.0 237.0 244.0
242.0 244.0 246.0 246.0 246.0 245.0 246.0 245.0 245.0 245.0 245.0 244.0
244.0 245.0 250.0 249.0 250.0 250.0 250.0 250.0 249.0 249.0 251.0 246.0
21 80.955 15.3808 38.9219 31.0853 57.4074 34.036 53.4659 0.987755 
67.0 72.0 42.0 13.0 11.0
241.0 236.0 206.0 237.0 236.0 188.0 230.0 206.0 237.0 238.0 221.0 239.0
243.0 244.0 242.0 243.0 242.0 231.0 245.0 181.0 243.0 244.0 235.0 242.0
243.0 243.0 239.0 245.0 247.0 232.0 244.0 212.0 238.0 239.0 238.0 244.0
242.0 244.0 246.0 246.0 246.0 245.0 245.0 245.0 245.0 245.0 245.0 244.0
245.0 244.0 249.0 251.0 249.0 249.0 253.0 250.0 248.0 251.0 250.0 246.0
21.1364 81.1782 15.3808 38.9219 31.0853 58.1481 34.036 53.4659 0.987755 
68.0 75.0 42.0 13.0 11.0
241.0 236.0 204.0 238.0 236.0 187.0 230.0 206.0 237.0 238.0 220.0 239.0
243.0 243.0 242.0 243.0 242.0 232.0 246.0 181.0 242.0 244.0 236.0 242.0
243.0 242.0 240.0 245.0 247.0 231.0 244.0 212.0 238.0 239.0 237.0 243.0
242.0 244.0 246.0 246.0 246.0 245.0 246.0 245.0 245.0 246.0 246.0 244.0
244.0 244.0 249.0 251.0 250.0 249.0 250.0 250.0 249.0 250.0 250.0 246.0
21.1364 81.4014 14.9962 38.3814 32.2481 57.7778 34.7822 53.4659 0.987755 
70.0 83.0 43.0 13.0 11.0
241.0 236.0 203.0 237.0 236.0 185.0 230.0 205.0 237.0 238.0 220.0 239.0
243.0 243.0 242.0 243.0 242.0 231.0 246.0 170.0 242.0 244.0 234.0 243.0
244.0 243.0 239.0 245.0 246.0 231.0 243.0 212.0 238.0 239.0 237.0 244.0
242.0 243.0 245.0 246.0 246.0 245.0 246.0 245.0 245.0 245.0 245.0 244.0
244.0 245.0 250.0 251.0 249.0 249.0 252.0 250.0 247.0 250.0 251.0 245.0
21 81.4014 14.9962 38.3814 32.2481 58.1481 34.7822 53.4659 0.987755 
71.0 88.0 44.0 13.0 11.0
241.0 235.0 202.0 237.0 236.0 184.0 229.0 205.0 237.0 238.0 219.0 239.0
242.0 242.0 243.0 243.0 243.0 229.0 245.0 168.0 242.0 243.0 234.0 242.0
244.0 243.0 238.0 245.0 247.0 230.0 243.0 211.0 238.0 239.0 237.0 244.0
242.0 243.0 246.0 245.0 246.0 245.0 246.0 245.0 245.0 245.0 245.0 244.0
245.0 244.0 249.0 250.0 250.0 250.0 250.0 250.0 249.0 249.0 250.0 246.0
20.8637 81.4014 14.9962 37.8408 32.6357 58.1481 35.5285 53.8808 0.477551 
72.0 88.0 47.0 13.0 11.0
241.0 235.0 200.0 237.0 236.0 183.0 229.0 205.0 238.0 238.0 218.0 239.0
243.0 243.0 242.0 243.0 242.0 229.0 245.0 166.0 241.0 243.0 233.0 242.0
244.0 243.0 239.0 245.0 247.0 228.0 243.0 208.0 238.0 238.0 236.0 243.0
242.0 244.0 246.0 246.0 245.0 245.0 246.0 245.0 245.0 245.0 245.0 244.0
244.0 244.0 250.0 251.0 250.0 250.0 250.0 249.0 248.0 250.0 250.0 247.0
20.8637 81.4014 14.6115 37.8408 32.6357 59.2593 35.5285 53.4659 0.477551 
73.0 91.0 47.0 13.0 11.0
241.0 236.0 199.0 238.0 236.0 182.0 230.0 205.0 238.0 238.0 217.0 239.0
242.0 243.0 242.0 243.0 242.0 228.0 245.0 164.0 241.0 244.0 234.0 242.0
244.0 243.0 239.0 246.0 247.0 228.0 243.0 207.0 237.0 238.0 237.0 243.0
242.0 244.0 246.0 246.0 246.0 245.0 245.0 245.0 245.0 245.0 245.0 244.0
244.0 245.0 250.0 250.0 249.0 249.0 251.0 249.0 249.0 250.0 250.0 245.0
