-10000
21.2728 79.9505 9.61154 0.00297297 40 68.5185 29.1852 24.4202 2.51837 
22.0 15.0 12.0 13.0 11.0
242.0 233.0 232.0 240.0 240.0 238.0 240.0 237.0 241.0 241.0 235.0 235.0
243.0 243.0 244.0 243.0 242.0 242.0 242.0 240.0 243.0 243.0 242.0 242.0
245.0 244.0 250.0 251.0 251.0 251.0 249.0 251.0 248.0 246.0 250.0 244.0
241.0 243.0 244.0 244.0 244.0 244.0 244.0 243.0 244.0 244.0 243.0 243.0
243.0 244.0 247.0 247.0 247.0 247.0 247.0 246.0 245.0 247.0 246.0 245.0
21.2728 79.8389 11.5346 -0.537568 39.2248 67.7778 29.5584 32.304 3.02857 
30.0 15.0 12.0 14.0 11.0
241.0 222.0 229.0 240.0 240.0 236.0 239.0 236.0 241.0 240.0 232.0 229.0
243.0 243.0 244.0 243.0 242.0 242.0 242.0 240.0 243.0 243.0 242.0 242.0
244.0 244.0 250.0 250.0 251.0 250.0 250.0 250.0 248.0 246.0 249.0 243.0
241.0 243.0 244.0 244.0 244.0 244.0 243.0 243.0 244.0 244.0 243.0 242.0
243.0 244.0 247.0 247.0 247.0 247.0 248.0 247.0 246.0 247.0 247.0 245.0
21.1364 79.5041 12.3038 -0.537568 38.8372 67.037 29.5584 47.6567 4.55918 
38.0 15.0 12.0 14.0 12.0
242.0 216.0 227.0 240.0 240.0 236.0 239.0 236.0 241.0 240.0 230.0 224.0
243.0 243.0 244.0 243.0 242.0 242.0 242.0 240.0 243.0 243.0 242.0 242.0
244.0 244.0 248.0 248.0 249.0 250.0 248.0 249.0 246.0 245.0 248.0 243.0
242.0 243.0 244.0 244.0 244.0 244.0 244.0 243.0 243.0 244.0 243.0 243.0
244.0 244.0 246.0 247.0 247.0 247.0 247.0 248.0 246.0 247.0 247.0 244.0
21.1364 79.2809 13.4577 -0.537568 38.062 66.6667 28.8121 50.9762 5.57959 
41.0 15.0 24.0 13.0 11.0
242.0 213.0 226.0 239.0 240.0 235.0 239.0 235.0 240.0 240.0 229.0 222.0
243.0 243.0 244.0 243.0 242.0 242.0 242.0 240.0 243.0 243.0 242.0 242.0
243.0 242.0 240.0 242.0 242.0 238.0 240.0 229.0 239.0 240.0 236.0 242.0
241.0 243.0 244.0 244.0 244.0 244.0 244.0 243.0 243.0 244.0 244.0 243.0
244.0 244.0 247.0 248.0 247.0 248.0 247.0 248.0 247.0 247.0 248.0 245.0
21.1364 79.1693 13.8423 -0.537568 38.062 66.2963 28.8121 52.636 6.6 
44.0 15.0 29.0 14.0 11.0
242.0 210.0 225.0 239.0 240.0 235.0 239.0 235.0 240.0 240.0 228.0 221.0
244.0 243.0 244.0 243.0 242.0 242.0 242.0 240.0 243.0 243.0 242.0 242.0
243.0 242.0 240.0 241.0 242.0 236.0 240.0 226.0 239.0 239.0 235.0 242.0
241.0 243.0 244.0 244.0 244.0 244.0 244.0 243.0 244.0 244.0 244.0 243.0
244.0 244.0 248.0 248.0 247.0 247.0 247.0 247.0 247.0 247.0 248.0 245.0
21.1364 79.2809 13.8423 -0.537568 38.062 66.2963 29.1852 53.0509 6.0898 
45.0 15.0 32.0 14.0 11.0
242.0 209.0 225.0 239.0 240.0 235.0 239.0 235.0 240.0 240.0 228.0 220.0
243.0 243.0 244.0 243.0 242.0 242.0 242.0 240.0 243.0 243.0 242.0 242.0
242.0 242.0 239.0 241.0 241.0 235.0 239.0 222.0 238.0 239.0 235.0 242.0
242.0 243.0 244.0 244.0 244.0 244.0 244.0 243.0 244.0 244.0 243.0 243.0
244.0 244.0 247.0 248.0 249.0 248.0 248.0 248.0 246.0 248.0 247.0 246.0
21.1364 79.1693 14.6115 -0.537568 37.6744 65.9259 31.0509 52.221 6.0898 
47.0 15.0 36.0 14.0 11.0
242.0 207.0 224.0 239.0 240.0 235.0 239.0 235.0 240.0 240.0 228.0 219.0
243.0 243.0 244.0 243.0 242.0 242.0 242.0 240.0 243.0 243.0 242.0 242.0
243.0 242.0 238.0 241.0 240.0 232.0 239.0 218.0 238.0 239.0 233.0 241.0
241.0 244.0 244.0 244.0 244.0 244.0 244.0 243.0 244.0 244.0 243.0 243.0
245.0 244.0 248.0 248.0 247.0 247.0 247.0 247.0 246.0 246.0 247.0 245.0
21.1364 79.0577 14.9962 -0.537568 37.2868 65.5556 33.6628 52.221 6.0898 
49.0 15.0 40.0 14.0 11.0
242.0 204.0 222.0 239.0 240.0 235.0 239.0 235.0 240.0 240.0 226.0 217.0
243.0 243.0 244.0 243.0 242.0 242.0 242.0 240.0 243.0 243.0 242.0 242.0
243.0 242.0 237.0 241.0 241.0 230.0 239.0 213.0 237.0 238.0 234.0 242.0
242.0 243.0 244.0 244.0 244.0 244.0 244.0 243.0 244.0 244.0 244.0 243.0
244.0 244.0 248.0 248.0 248.0 247.0 247.0 248.0 245.0 247.0 247.0 246.0
21.1364 78.9461 15.3808 -0.537568 36.8992 65.5556 34.7822 52.221 6.0898 
52.0 15.0 45.0 13.0 11.0
242.0 202.0 222.0 239.0 240.0 233.0 239.0 234.0 240.0 240.0 226.0 216.0
243.0 243.0 244.0 243.0 242.0 242.0 242.0 240.0 243.0 243.0 242.0 242.0
242.0 242.0 237.0 240.0 242.0 228.0 238.0 210.0 236.0 238.0 234.0 242.0
241.0 243.0 244.0 244.0 244.0 244.0 243.0 243.0 244.0 244.0 244.0 242.0
244.0 244.0 247.0 249.0 248.0 247.0 247.0 247.0 245.0 247.0 248.0 245.0
21 78.8345 15.3808 -0.537568 36.8992 65.5556 35.5285 52.636 6.6 
53.0 15.0 46.0 13.0 11.0
242.0 202.0 221.0 239.0 240.0 234.0 239.0 234.0 240.0 239.0 226.0 216.0
244.0 243.0 244.0 243.0 242.0 242.0 242.0 240.0 243.0 243.0 242.0 242.0
242.0 243.0 235.0 239.0 242.0 227.0 237.0 209.0 236.0 238.0 235.0 242.0
241.0 243.0 244.0 244.0 244.0 244.0 244.0 243.0 244.0 244.0 244.0 242.0
244.0 244.0 247.0 249.0 247.0 247.0 249.0 247.0 246.0 247.0 247.0 245.0
21 78.8345 15.3808 -0.537568 36.8992 65.9259 35.9016 53.4659 6.6 
54.0 15.0 47.0 13.0 11.0
242.0 201.0 221.0 239.0 240.0 233.0 239.0 235.0 240.0 240.0 225.0 215.0
243.0 243.0 244.0 243.0 242.0 242.0 242.0 240.0 243.0 243.0 242.0 242.0
242.0 243.0 235.0 239.0 241.0 226.0 237.0 207.0 235.0 238.0 234.0 243.0
242.0 243.0 244.0 244.0 244.0 244.0 244.0 243.0 244.0 244.0 244.0 243.0
244.0 245.0 247.0 248.0 248.0 248.0 248.0 248.0 246.0 247.0 247.0 245.0
21 78.8345 15.7654 -0.537568 36.8992 65.9259 36.2748 53.8808 6.6 
55.0 15.0 49.0 14.0 11.0
242.0 200.0 221.0 239.0 240.0 235.0 239.0 235.0 240.0 239.0 225.0 215.0
243.0 243.0 244.0 243.0 242.0 242.0 242.0 240.0 243.0 243.0 242.0 242.0
241.0 243.0 235.0 238.0 241.0 225.0 236.0 207.0 235.0 237.0 234.0 243.0
241.0 243.0 244.0 244.0 245.0 244.0 243.0 243.0 244.0 244.0 243.0 242.0
244.0 244.0 248.0 248.0 247.0 247.0 247.0 247.0 247.0 248.0 247.0 246.0
21.1364 78.8345 16.15 -0.537568 36.5116 65.9259 36.6479 53.8808 6.6 
56.0 15.0 49.0 14.0 11.0
242.0 198.0 220.0 239.0 240.0 234.0 239.0 234.0 240.0 240.0 225.0 214.0
243.0 243.0 244.0 243.0 242.0 242.0 242.0 240.0 243.0 243.0 242.0 242.0
242.0 243.0 234.0 238.0 240.0 224.0 236.0 206.0 234.0 237.0 233.0 243.0
242.0 243.0 244.0 244.0 244.0 244.0 243.0 243.0 244.0 244.0 244.0 243.0
244.0 244.0 247.0 248.0 247.0 248.0 247.0 248.0 245.0 247.0 247.0 245.0
21.1364 78.8345 16.15 -0.537568 36.5116 65.9259 36.6479 54.7107 6.6 
57.0 15.0 49.0 13.0 11.0
241.0 198.0 220.0 238.0 240.0 233.0 239.0 234.0 240.0 240.0 225.0 214.0
243.0 243.0 244.0 243.0 242.0 242.0 242.0 240.0 243.0 243.0 242.0 242.0
241.0 243.0 234.0 237.0 240.0 224.0 235.0 206.0 234.0 236.0 233.0 243.0
241.0 243.0 244.0 244.0 244.0 244.0 244.0 243.0 244.0 244.0 244.0 242.0
244.0 244.0 247.0 247.0 247.0 248.0 247.0 247.0 246.0 248.0 247.0 245.0
21.1364 78.8345 16.15 -0.537568 36.5116 65.9259 37.3942 55.1256 6.6 
58.0 15.0 49.0 14.0 10.0
242.0 197.0 219.0 239.0 240.0 233.0 239.0 234.0 240.0 240.0 225.0 214.0
243.0 243.0 244.0 243.0 242.0 242.0 242.0 240.0 243.0 243.0 242.0 242.0
241.0 243.0 234.0 237.0 240.0 223.0 235.0 205.0 234.0 237.0 233.0 244.0
242.0 243.0 244.0 244.0 244.0 244.0 244.0 243.0 244.0 244.0 243.0 243.0
244.0 245.0 248.0 248.0 248.0 248.0 248.0 247.0 247.0 246.0 248.0 246.0
