-10000
20.8637 80.397 16.9192 36.7597 28.3721 55.9259 32.5434 32.304 -1.05306 
43.0 37.0 15.0 13.0 11.0
241.0 237.0 217.0 238.0 237.0 212.0 233.0 218.0 238.0 239.0 226.0 240.0
243.0 243.0 243.0 244.0 242.0 240.0 247.0 219.0 243.0 244.0 222.0 242.0
244.0 244.0 245.0 244.0 243.0 244.0 242.0 243.0 241.0 242.0 240.0 241.0
242.0 243.0 244.0 245.0 244.0 244.0 244.0 244.0 244.0 245.0 244.0 243.0
244.0 245.0 249.0 249.0 249.0 249.0 250.0 249.0 247.0 249.0 248.0 246.0
20.8637 80.8434 17.3038 36.2192 28.7597 58.5185 34.7822 36.0385 -0.0326531 
47.0 40.0 19.0 14.0 11.0
241.0 236.0 214.0 238.0 237.0 207.0 232.0 213.0 239.0 239.0 222.0 239.0
242.0 243.0 243.0 243.0 243.0 238.0 246.0 212.0 243.0 244.0 223.0 242.0
244.0 243.0 243.0 245.0 243.0 244.0 242.0 238.0 241.0 240.0 235.0 241.0
242.0 243.0 246.0 244.0 245.0 244.0 244.0 244.0 244.0 244.0 244.0 243.0
244.0 244.0 249.0 249.0 248.0 249.0 249.0 249.0 247.0 249.0 248.0 246.0
20.591 81.1782 16.5346 35.1381 29.5349 60.7407 34.4091 42.6775 -0.542857 
49.0 46.0 24.0 13.0 11.0
241.0 235.0 209.0 238.0 237.0 205.0 233.0 210.0 238.0 239.0 217.0 239.0
242.0 242.0 243.0 244.0 243.0 236.0 247.0 208.0 243.0 244.0 228.0 242.0
244.0 244.0 242.0 246.0 244.0 241.0 243.0 230.0 239.0 240.0 233.0 242.0
242.0 244.0 244.0 245.0 245.0 244.0 245.0 244.0 244.0 245.0 244.0 243.0
244.0 244.0 248.0 250.0 249.0 249.0 250.0 249.0 247.0 249.0 249.0 246.0
20.1819 81.513 16.15 35.1381 30.6977 60.7407 34.7822 45.582 -0.542857 
52.0 51.0 29.0 13.0 11.0
241.0 234.0 204.0 238.0 237.0 203.0 233.0 209.0 238.0 239.0 215.0 238.0
243.0 243.0 243.0 243.0 243.0 232.0 247.0 203.0 243.0 244.0 230.0 242.0
244.0 243.0 242.0 248.0 245.0 239.0 244.0 226.0 238.0 238.0 234.0 241.0
242.0 244.0 245.0 245.0 245.0 244.0 245.0 244.0 245.0 245.0 244.0 243.0
244.0 244.0 249.0 250.0 249.0 249.0 250.0 248.0 247.0 248.0 248.0 246.0
19.7728 81.8479 15.3808 34.5976 31.4729 61.8519 35.1554 47.2418 -0.542857 
53.0 55.0 32.0 13.0 12.0
241.0 234.0 202.0 238.0 237.0 202.0 232.0 208.0 238.0 239.0 213.0 238.0
243.0 243.0 243.0 243.0 242.0 231.0 246.0 200.0 242.0 244.0 230.0 242.0
244.0 243.0 242.0 248.0 245.0 237.0 244.0 222.0 238.0 238.0 233.0 242.0
242.0 243.0 245.0 245.0 245.0 244.0 245.0 245.0 244.0 244.0 244.0 243.0
244.0 244.0 248.0 249.0 249.0 249.0 249.0 250.0 248.0 249.0 249.0 245.0
20.0455 82.0711 15.3808 34.5976 31.8605 62.5926 35.5285 48.4866 -0.542857 
54.0 55.0 37.0 13.0 11.0
241.0 233.0 200.0 238.0 237.0 202.0 233.0 208.0 238.0 239.0 211.0 238.0
243.0 243.0 243.0 243.0 242.0 230.0 246.0 199.0 242.0 244.0 231.0 242.0
244.0 243.0 242.0 248.0 245.0 236.0 244.0 219.0 238.0 238.0 234.0 242.0
241.0 243.0 245.0 245.0 245.0 244.0 245.0 244.0 244.0 244.0 244.0 243.0
243.0 244.0 248.0 250.0 249.0 248.0 250.0 248.0 248.0 249.0 248.0 245.0
20.3182 82.4059 14.6115 35.1381 32.6357 62.5926 35.9016 49.7314 -0.542857 
57.0 62.0 38.0 14.0 11.0
241.0 232.0 198.0 238.0 237.0 200.0 232.0 207.0 238.0 239.0 208.0 237.0
242.0 243.0 242.0 243.0 242.0 227.0 245.0 194.0 242.0 243.0 233.0 242.0
245.0 244.0 243.0 248.0 246.0 235.0 244.0 216.0 237.0 238.0 233.0 242.0
242.0 243.0 245.0 244.0 244.0 244.0 245.0 244.0 244.0 245.0 244.0 243.0
243.0 244.0 248.0 250.0 247.0 249.0 249.0 248.0 248.0 249.0 249.0 246.0
21 82.5175 14.2269 36.2192 32.6357 62.963 36.2748 49.7314 -0.542857 
58.0 61.0 42.0 14.0 11.0
241.0 232.0 197.0 237.0 237.0 199.0 232.0 205.0 238.0 239.0 209.0 238.0
242.0 243.0 243.0 243.0 242.0 224.0 245.0 192.0 242.0 242.0 233.0 243.0
245.0 243.0 242.0 249.0 247.0 233.0 244.0 213.0 236.0 237.0 233.0 242.0
242.0 243.0 244.0 245.0 245.0 244.0 245.0 244.0 244.0 245.0 244.0 243.0
244.0 244.0 249.0 249.0 248.0 249.0 250.0 249.0 247.0 248.0 249.0 245.0
21 82.0711 14.2269 36.2192 33.0233 63.3333 36.2748 50.9762 -0.542857 
58.0 63.0 46.0 13.0 11.0
241.0 232.0 197.0 238.0 237.0 198.0 232.0 204.0 238.0 239.0 207.0 237.0
242.0 243.0 243.0 243.0 242.0 223.0 244.0 190.0 242.0 243.0 234.0 243.0
245.0 243.0 242.0 249.0 247.0 231.0 244.0 209.0 236.0 236.0 232.0 242.0
241.0 243.0 245.0 245.0 245.0 244.0 245.0 244.0 244.0 245.0 244.0 243.0
244.0 244.0 249.0 249.0 248.0 249.0 250.0 249.0 248.0 248.0 249.0 245.0
21 82.1827 13.8423 35.6786 33.7984 62.963 36.2748 51.3912 -0.542857 
60.0 68.0 47.0 13.0 11.0
241.0 231.0 195.0 237.0 237.0 197.0 232.0 203.0 238.0 239.0 205.0 236.0
242.0 243.0 242.0 243.0 242.0 220.0 244.0 183.0 241.0 242.0 233.0 242.0
244.0 243.0 243.0 250.0 247.0 233.0 244.0 209.0 236.0 236.0 232.0 242.0
241.0 243.0 245.0 246.0 244.0 244.0 245.0 244.0 244.0 245.0 244.0 244.0
244.0 245.0 248.0 249.0 250.0 249.0 249.0 248.0 248.0 249.0 249.0 246.0
21.1364 82.4059 13.8423 35.6786 33.7984 62.963 36.6479 51.8061 -0.542857 
61.0 74.0 47.0 13.0 11.0
241.0 231.0 194.0 238.0 237.0 196.0 232.0 203.0 238.0 239.0 204.0 237.0
242.0 243.0 242.0 243.0 241.0 219.0 244.0 180.0 241.0 242.0 233.0 242.0
245.0 244.0 243.0 249.0 247.0 233.0 244.0 208.0 236.0 236.0 232.0 242.0
242.0 243.0 245.0 245.0 245.0 244.0 245.0 244.0 244.0 244.0 244.0 244.0
244.0 244.0 249.0 249.0 250.0 248.0 250.0 248.0 248.0 248.0 249.0 245.0
21.1364 82.1827 13.8423 36.7597 33.7984 62.963 36.6479 52.221 -0.542857 
62.0 77.0 49.0 13.0 11.0
240.0 231.0 193.0 237.0 237.0 195.0 232.0 202.0 238.0 239.0 204.0 237.0
242.0 243.0 242.0 243.0 241.0 218.0 243.0 178.0 241.0 242.0 233.0 242.0
244.0 244.0 243.0 250.0 247.0 231.0 244.0 206.0 236.0 236.0 232.0 242.0
242.0 243.0 245.0 245.0 245.0 245.0 245.0 244.0 244.0 244.0 244.0 243.0
244.0 244.0 249.0 249.0 249.0 249.0 250.0 249.0 248.0 249.0 249.0 245.0
21.1364 81.6246 13.8423 36.7597 33.7984 62.963 36.6479 52.221 -0.542857 
62.0 80.0 52.0 13.0 11.0
240.0 231.0 193.0 238.0 237.0 194.0 231.0 200.0 238.0 239.0 203.0 237.0
242.0 242.0 242.0 243.0 241.0 218.0 244.0 176.0 241.0 242.0 232.0 242.0
244.0 244.0 243.0 249.0 247.0 231.0 244.0 203.0 235.0 236.0 231.0 243.0
242.0 243.0 244.0 245.0 245.0 244.0 245.0 244.0 244.0 244.0 244.0 244.0
244.0 244.0 249.0 249.0 248.0 249.0 250.0 248.0 248.0 248.0 249.0 245.0
21 81.4014 13.8423 36.2192 33.7984 62.963 36.6479 52.221 -0.542857 
62.0 80.0 52.0 13.0 11.0
240.0 231.0 193.0 237.0 237.0 193.0 231.0 200.0 238.0 239.0 203.0 237.0
242.0 243.0 242.0 243.0 242.0 219.0 243.0 174.0 241.0 241.0 232.0 242.0
244.0 244.0 243.0 249.0 247.0 231.0 245.0 203.0 235.0 235.0 232.0 242.0
241.0 243.0 245.0 246.0 245.0 244.0 245.0 244.0 244.0 244.0 244.0 243.0
245.0 244.0 249.0 250.0 249.0 249.0 250.0 249.0 248.0 249.0 250.0 246.0
21 81.4014 13.8423 36.2192 33.7984 62.963 36.6479 52.221 -0.542857 
63.0 82.0 51.0 13.0 11.0
240.0 231.0 193.0 237.0 237.0 193.0 232.0 200.0 238.0 239.0 202.0 237.0
243.0 243.0 242.0 243.0 241.0 217.0 243.0 173.0 241.0 241.0 232.0 243.0
244.0 244.0 243.0 249.0 247.0 231.0 245.0 203.0 236.0 236.0 231.0 242.0
242.0 243.0 245.0 244.0 244.0 245.0 245.0 244.0 244.0 245.0 244.0 243.0
244.0 244.0 248.0 251.0 248.0 249.0 249.0 249.0 248.0 248.0 249.0 245.0
21 81.2898 13.8423 36.7597 34.186 62.963 36.6479 52.221 -0.542857 
63.0 83.0 52.0 13.0 11.0
240.0 231.0 193.0 237.0 237.0 193.0 231.0 200.0 238.0 239.0 202.0 237.0
242.0 243.0 242.0 242.0 242.0 217.0 243.0 172.0 241.0 241.0 232.0 242.0
244.0 244.0 243.0 249.0 247.0 231.0 245.0 203.0 236.0 235.0 231.0 243.0
242.0 243.0 245.0 245.0 245.0 244.0 245.0 244.0 244.0 245.0 244.0 243.0
244.0 244.0 248.0 250.0 248.0 249.0 250.0 249.0 248.0 248.0 250.0 245.0
