-10000
21 81.2898 23.0731 0.00297297 31.8605 57.7778 27.6927 24.8351 2.51837 
66.0 15.0 11.0 13.0 12.0
239.0 190.0 214.0 238.0 239.0 230.0 238.0 232.0 240.0 239.0 219.0 212.0
243.0 243.0 244.0 243.0 242.0 242.0 242.0 240.0 243.0 243.0 242.0 242.0
244.0 244.0 248.0 248.0 249.0 249.0 249.0 249.0 247.0 246.0 247.0 243.0
242.0 243.0 244.0 244.0 244.0 244.0 244.0 243.0 244.0 244.0 244.0 243.0
243.0 244.0 248.0 247.0 247.0 247.0 247.0 247.0 247.0 246.0 248.0 245.0
21 81.1782 23.4577 0.00297297 32.2481 57.7778 27.6927 33.5488 2.51837 
66.0 15.0 12.0 13.0 12.0
239.0 189.0 213.0 238.0 239.0 230.0 238.0 232.0 240.0 239.0 219.0 212.0
243.0 243.0 244.0 243.0 242.0 242.0 242.0 240.0 243.0 243.0 242.0 242.0
244.0 244.0 248.0 248.0 249.0 248.0 248.0 249.0 246.0 245.0 247.0 243.0
242.0 243.0 244.0 244.0 244.0 244.0 244.0 243.0 244.0 244.0 244.0 243.0
244.0 244.0 247.0 248.0 245.0 247.0 247.0 247.0 246.0 247.0 247.0 245.0
21 81.2898 23.4577 0.00297297 32.2481 57.7778 26.5733 44.7522 2.51837 
67.0 15.0 27.0 14.0 11.0
239.0 189.0 214.0 238.0 239.0 230.0 238.0 233.0 240.0 239.0 219.0 212.0
243.0 243.0 244.0 243.0 242.0 242.0 242.0 240.0 243.0 243.0 242.0 242.0
242.0 243.0 237.0 241.0 241.0 237.0 244.0 231.0 241.0 240.0 228.0 242.0
241.0 243.0 244.0 244.0 244.0 245.0 243.0 243.0 244.0 244.0 243.0 243.0
244.0 244.0 246.0 248.0 248.0 246.0 247.0 247.0 246.0 247.0 247.0 245.0
21.1364 81.513 23.0731 0.00297297 32.2481 58.5185 25.827 49.3165 2.51837 
68.0 15.0 32.0 13.0 11.0
240.0 186.0 213.0 239.0 239.0 229.0 238.0 232.0 240.0 239.0 220.0 210.0
243.0 243.0 244.0 243.0 242.0 242.0 242.0 240.0 243.0 243.0 242.0 242.0
242.0 243.0 236.0 241.0 240.0 235.0 243.0 223.0 240.0 238.0 228.0 243.0
242.0 244.0 244.0 244.0 244.0 244.0 244.0 243.0 244.0 244.0 244.0 243.0
244.0 244.0 247.0 248.0 247.0 247.0 247.0 247.0 246.0 247.0 247.0 244.0
21.1364 81.1782 22.6885 0.00297297 32.6357 58.5185 27.6927 50.1463 3.02857 
71.0 15.0 36.0 14.0 11.0
239.0 183.0 213.0 239.0 239.0 229.0 237.0 233.0 240.0 239.0 218.0 209.0
243.0 243.0 244.0 243.0 242.0 242.0 242.0 240.0 243.0 243.0 242.0 242.0
242.0 243.0 235.0 240.0 240.0 231.0 242.0 217.0 238.0 238.0 228.0 242.0
241.0 244.0 244.0 244.0 244.0 244.0 243.0 243.0 244.0 244.0 243.0 243.0
243.0 244.0 247.0 248.0 248.0 246.0 248.0 246.0 246.0 247.0 247.0 245.0
21 80.7318 22.3038 0.00297297 33.0233 58.5185 31.424 50.1463 2.51837 
73.0 15.0 46.0 14.0 11.0
239.0 182.0 213.0 238.0 239.0 230.0 238.0 233.0 240.0 239.0 218.0 208.0
243.0 243.0 244.0 243.0 242.0 242.0 242.0 240.0 243.0 243.0 242.0 242.0
242.0 243.0 234.0 239.0 242.0 228.0 241.0 208.0 238.0 237.0 228.0 243.0
241.0 243.0 244.0 244.0 244.0 244.0 244.0 243.0 244.0 244.0 243.0 242.0
244.0 243.0 248.0 247.0 247.0 247.0 248.0 247.0 246.0 247.0 246.0 245.0
21 80.7318 22.3038 0.00297297 33.0233 58.1481 33.6628 50.5613 2.51837 
74.0 15.0 53.0 13.0 11.0
239.0 181.0 213.0 238.0 239.0 230.0 238.0 233.0 240.0 239.0 219.0 207.0
243.0 243.0 244.0 243.0 242.0 242.0 242.0 240.0 243.0 243.0 242.0 242.0
241.0 243.0 233.0 239.0 241.0 225.0 241.0 201.0 237.0 236.0 228.0 244.0
242.0 243.0 244.0 244.0 244.0 244.0 244.0 243.0 244.0 244.0 243.0 243.0
244.0 244.0 248.0 248.0 247.0 247.0 248.0 248.0 246.0 247.0 248.0 244.0
21 80.7318 21.9192 0.00297297 33.4109 58.5185 34.7822 50.9762 2.51837 
76.0 15.0 56.0 14.0 12.0
239.0 179.0 213.0 238.0 239.0 229.0 238.0 233.0 239.0 239.0 218.0 207.0
243.0 243.0 244.0 243.0 242.0 242.0 242.0 240.0 243.0 243.0 242.0 242.0
241.0 243.0 233.0 239.0 242.0 223.0 240.0 198.0 236.0 236.0 228.0 244.0
241.0 243.0 244.0 244.0 244.0 244.0 244.0 243.0 244.0 244.0 243.0 243.0
243.0 244.0 247.0 247.0 247.0 248.0 247.0 247.0 246.0 246.0 247.0 245.0
21.2728 80.5086 21.9192 0.00297297 33.4109 58.1481 35.1554 51.8061 2.00816 
77.0 15.0 61.0 14.0 11.0
239.0 178.0 213.0 238.0 239.0 229.0 237.0 233.0 239.0 239.0 218.0 206.0
243.0 243.0 244.0 243.0 242.0 242.0 242.0 240.0 243.0 243.0 242.0 242.0
241.0 243.0 232.0 238.0 241.0 221.0 239.0 194.0 235.0 236.0 227.0 244.0
241.0 243.0 244.0 244.0 244.0 244.0 243.0 243.0 244.0 244.0 243.0 243.0
244.0 244.0 246.0 248.0 247.0 247.0 247.0 247.0 247.0 246.0 247.0 244.0
21.2728 80.397 21.5346 -0.537568 33.7984 58.1481 35.1554 51.3912 2.00816 
78.0 15.0 67.0 14.0 12.0
239.0 177.0 213.0 239.0 239.0 230.0 238.0 233.0 240.0 239.0 218.0 205.0
243.0 243.0 244.0 243.0 242.0 242.0 242.0 240.0 243.0 243.0 242.0 242.0
241.0 243.0 232.0 237.0 241.0 218.0 239.0 187.0 235.0 235.0 226.0 244.0
242.0 244.0 244.0 244.0 244.0 244.0 244.0 243.0 244.0 244.0 244.0 243.0
244.0 244.0 246.0 248.0 247.0 247.0 247.0 248.0 246.0 247.0 247.0 245.0
21.4091 80.2854 21.5346 -0.537568 33.7984 58.1481 35.1554 52.221 2.00816 
79.0 15.0 72.0 13.0 11.0
239.0 176.0 213.0 238.0 239.0 229.0 238.0 233.0 240.0 239.0 218.0 204.0
244.0 243.0 244.0 243.0 242.0 242.0 242.0 240.0 243.0 243.0 242.0 242.0
241.0 243.0 231.0 237.0 240.0 216.0 238.0 182.0 235.0 236.0 225.0 244.0
242.0 243.0 244.0 244.0 244.0 244.0 243.0 243.0 244.0 244.0 244.0 243.0
243.0 244.0 247.0 248.0 247.0 248.0 248.0 247.0 246.0 246.0 247.0 245.0
21.2728 79.9505 21.15 -0.537568 33.7984 58.5185 35.5285 52.636 2.00816 
80.0 15.0 76.0 14.0 12.0
239.0 175.0 213.0 238.0 239.0 230.0 237.0 233.0 240.0 239.0 218.0 204.0
243.0 243.0 244.0 243.0 242.0 242.0 242.0 240.0 243.0 243.0 242.0 242.0
240.0 243.0 231.0 237.0 240.0 215.0 238.0 178.0 234.0 234.0 225.0 244.0
242.0 243.0 244.0 244.0 244.0 244.0 244.0 243.0 244.0 244.0 243.0 242.0
244.0 244.0 246.0 248.0 247.0 247.0 248.0 247.0 246.0 248.0 247.0 244.0
21.2728 79.8389 21.15 0.00297297 34.186 58.5185 35.5285 52.636 2.00816 
81.0 15.0 79.0 14.0 11.0
238.0 174.0 213.0 238.0 239.0 230.0 238.0 233.0 239.0 239.0 218.0 204.0
243.0 243.0 244.0 243.0 242.0 242.0 242.0 240.0 243.0 243.0 242.0 242.0
240.0 243.0 231.0 236.0 239.0 214.0 237.0 176.0 234.0 234.0 225.0 244.0
242.0 243.0 244.0 244.0 244.0 244.0 243.0 243.0 244.0 244.0 244.0 243.0
244.0 244.0 247.0 248.0 247.0 246.0 247.0 248.0 245.0 247.0 247.0 244.0
21.2728 79.8389 21.15 -0.537568 34.186 58.5185 35.5285 52.636 2.00816 
81.0 15.0 80.0 13.0 12.0
239.0 174.0 213.0 238.0 239.0 230.0 238.0 233.0 240.0 239.0 219.0 203.0
243.0 243.0 244.0 243.0 242.0 242.0 242.0 240.0 243.0 243.0 242.0 242.0
240.0 243.0 231.0 235.0 239.0 213.0 237.0 174.0 234.0 234.0 225.0 244.0
242.0 243.0 244.0 244.0 244.0 244.0 244.0 243.0 244.0 244.0 244.0 243.0
244.0 243.0 246.0 248.0 246.0 247.0 247.0 246.0 247.0 246.0 247.0 245.0
21.2728 79.8389 20.7654 -0.537568 34.186 58.5185 35.9016 52.636 2.00816 
81.0 15.0 82.0 13.0 12.0
238.0 173.0 212.0 239.0 239.0 230.0 238.0 233.0 240.0 239.0 218.0 203.0
244.0 243.0 244.0 243.0 242.0 242.0 242.0 240.0 243.0 243.0 242.0 242.0
240.0 243.0 231.0 235.0 239.0 212.0 237.0 171.0 234.0 234.0 224.0 244.0
241.0 244.0 244.0 244.0 244.0 244.0 243.0 243.0 244.0 244.0 244.0 243.0
243.0 244.0 247.0 248.0 247.0 247.0 247.0 247.0 246.0 248.0 248.0 244.0
