-10000
21 79.3925 14.2269 38.3814 31.0853 32.963 32.5434 45.1671 -0.542857 
38.0 15.0 26.0 13.0 11.0
242.0 237.0 219.0 239.0 238.0 218.0 234.0 221.0 239.0 239.0 227.0 239.0
243.0 244.0 244.0 244.0 243.0 241.0 243.0 240.0 243.0 243.0 241.0 243.0
244.0 244.0 240.0 244.0 243.0 239.0 244.0 228.0 240.0 240.0 234.0 242.0
242.0 244.0 244.0 245.0 245.0 244.0 245.0 244.0 244.0 245.0 244.0 243.0
244.0 245.0 248.0 250.0 248.0 249.0 250.0 249.0 248.0 248.0 249.0 246.0
20.8637 78.9461 16.9192 37.8408 29.5349 38.5185 32.1703 47.2418 0.987755 
43.0 16.0 32.0 12.0 11.0
242.0 237.0 215.0 239.0 238.0 212.0 233.0 216.0 239.0 239.0 224.0 239.0
242.0 243.0 245.0 243.0 243.0 242.0 243.0 240.0 243.0 243.0 239.0 242.0
243.0 243.0 240.0 243.0 243.0 236.0 244.0 222.0 240.0 240.0 233.0 242.0
242.0 243.0 245.0 245.0 245.0 244.0 245.0 245.0 244.0 245.0 245.0 243.0
244.0 245.0 249.0 250.0 250.0 248.0 250.0 249.0 248.0 249.0 249.0 247.0
20.7273 78.6112 16.9192 37.3003 27.9845 51.8519 31.424 51.8061 0.987755 
45.0 24.0 39.0 13.0 11.0
242.0 236.0 211.0 238.0 238.0 210.0 234.0 215.0 238.0 239.0 221.0 238.0
243.0 243.0 244.0 243.0 242.0 242.0 245.0 235.0 243.0 244.0 231.0 243.0
244.0 243.0 240.0 244.0 242.0 230.0 243.0 216.0 241.0 240.0 235.0 241.0
242.0 243.0 245.0 245.0 245.0 244.0 245.0 244.0 244.0 245.0 245.0 244.0
244.0 244.0 249.0 249.0 249.0 248.0 250.0 249.0 247.0 249.0 249.0 246.0
20.591 78.6112 16.5346 36.7597 29.1473 54.4444 31.424 53.8808 0.477551 
46.0 30.0 43.0 13.0 11.0
241.0 235.0 209.0 238.0 238.0 209.0 234.0 214.0 239.0 238.0 219.0 238.0
243.0 243.0 242.0 243.0 243.0 240.0 247.0 224.0 244.0 244.0 227.0 242.0
244.0 242.0 240.0 244.0 242.0 229.0 243.0 213.0 241.0 240.0 235.0 241.0
242.0 243.0 245.0 245.0 245.0 245.0 245.0 244.0 244.0 245.0 244.0 244.0
244.0 245.0 249.0 250.0 248.0 250.0 252.0 249.0 247.0 249.0 250.0 247.0
20.4546 78.7229 16.15 36.7597 29.9225 54.0741 31.7972 54.2957 0.477551 
48.0 37.0 45.0 13.0 11.0
241.0 235.0 207.0 238.0 238.0 207.0 233.0 212.0 239.0 238.0 218.0 238.0
243.0 243.0 243.0 243.0 243.0 239.0 248.0 217.0 243.0 244.0 225.0 242.0
244.0 242.0 240.0 244.0 243.0 228.0 243.0 211.0 241.0 239.0 235.0 241.0
242.0 244.0 245.0 245.0 245.0 245.0 245.0 245.0 244.0 245.0 244.0 244.0
244.0 244.0 249.0 248.0 250.0 248.0 250.0 249.0 249.0 249.0 249.0 246.0
20.7273 79.0577 16.15 36.7597 30.3101 54.8148 32.1703 54.7107 0.477551 
49.0 42.0 45.0 13.0 11.0
241.0 234.0 205.0 238.0 238.0 207.0 234.0 211.0 239.0 239.0 216.0 237.0
243.0 243.0 243.0 243.0 243.0 238.0 249.0 211.0 244.0 244.0 222.0 242.0
244.0 242.0 239.0 244.0 243.0 227.0 243.0 210.0 240.0 239.0 236.0 241.0
242.0 243.0 245.0 245.0 245.0 245.0 245.0 244.0 244.0 245.0 244.0 243.0
244.0 244.0 249.0 249.0 250.0 249.0 249.0 250.0 248.0 249.0 249.0 247.0
20.591 79.1693 15.7654 36.7597 30.3101 56.6667 32.5434 55.5405 -0.0326531 
51.0 53.0 47.0 13.0 11.0
241.0 234.0 203.0 238.0 238.0 205.0 234.0 210.0 239.0 239.0 214.0 237.0
242.0 242.0 242.0 243.0 243.0 237.0 249.0 201.0 242.0 243.0 222.0 242.0
244.0 243.0 239.0 244.0 243.0 226.0 243.0 207.0 240.0 240.0 236.0 240.0
242.0 244.0 245.0 245.0 245.0 244.0 245.0 244.0 244.0 245.0 244.0 244.0
244.0 244.0 249.0 251.0 248.0 250.0 251.0 249.0 249.0 249.0 249.0 246.0
20.1819 79.2809 14.9962 37.3003 31.4729 56.2963 33.2897 55.5405 -0.0326531 
53.0 58.0 48.0 13.0 11.0
241.0 234.0 202.0 238.0 238.0 204.0 233.0 209.0 238.0 239.0 213.0 237.0
243.0 242.0 242.0 243.0 242.0 234.0 249.0 196.0 243.0 244.0 221.0 242.0
244.0 242.0 240.0 244.0 243.0 224.0 243.0 205.0 240.0 239.0 236.0 240.0
242.0 243.0 245.0 245.0 245.0 245.0 245.0 244.0 244.0 245.0 244.0 243.0
244.0 244.0 248.0 251.0 249.0 248.0 250.0 249.0 248.0 249.0 248.0 246.0
20.3182 79.6157 14.6115 37.3003 31.8605 56.6667 34.4091 55.1256 -0.542857 
55.0 68.0 51.0 13.0 11.0
241.0 232.0 200.0 238.0 238.0 203.0 233.0 209.0 239.0 239.0 211.0 237.0
242.0 242.0 241.0 243.0 242.0 233.0 249.0 187.0 243.0 244.0 220.0 242.0
245.0 242.0 240.0 245.0 244.0 223.0 243.0 203.0 240.0 239.0 236.0 240.0
243.0 243.0 245.0 245.0 245.0 245.0 245.0 244.0 244.0 244.0 244.0 243.0
244.0 244.0 248.0 249.0 250.0 248.0 250.0 249.0 248.0 249.0 250.0 245.0
21.1364 79.5041 14.9962 36.7597 31.8605 57.4074 34.4091 54.7107 -0.542857 
56.0 70.0 53.0 13.0 11.0
241.0 233.0 199.0 238.0 238.0 203.0 233.0 207.0 238.0 239.0 210.0 237.0
242.0 242.0 242.0 242.0 242.0 233.0 249.0 182.0 243.0 244.0 218.0 242.0
245.0 242.0 240.0 247.0 244.0 223.0 243.0 202.0 239.0 239.0 235.0 240.0
242.0 243.0 245.0 245.0 245.0 245.0 245.0 244.0 244.0 245.0 244.0 243.0
244.0 245.0 249.0 250.0 248.0 248.0 251.0 248.0 249.0 249.0 249.0 247.0
21.2728 80.0621 14.6115 36.7597 32.6357 56.6667 34.7822 55.5405 -0.542857 
57.0 82.0 50.0 13.0 11.0
241.0 232.0 198.0 238.0 238.0 202.0 233.0 207.0 238.0 239.0 209.0 237.0
243.0 242.0 241.0 243.0 242.0 230.0 249.0 173.0 242.0 244.0 216.0 243.0
245.0 242.0 239.0 246.0 244.0 223.0 242.0 204.0 239.0 238.0 235.0 240.0
242.0 244.0 245.0 245.0 245.0 245.0 245.0 244.0 244.0 245.0 244.0 244.0
245.0 244.0 249.0 250.0 248.0 248.0 250.0 249.0 248.0 249.0 250.0 247.0
21.1364 80.1737 14.6115 36.7597 32.6357 57.7778 34.7822 55.1256 -0.542857 
58.0 88.0 51.0 13.0 11.0
241.0 231.0 197.0 238.0 238.0 202.0 233.0 207.0 239.0 239.0 208.0 236.0
243.0 243.0 241.0 242.0 242.0 230.0 250.0 167.0 242.0 244.0 217.0 242.0
245.0 241.0 240.0 246.0 244.0 222.0 242.0 203.0 239.0 238.0 235.0 240.0
241.0 244.0 245.0 245.0 245.0 244.0 245.0 244.0 244.0 244.0 244.0 244.0
245.0 246.0 249.0 250.0 249.0 249.0 251.0 249.0 249.0 248.0 250.0 247.0
21.1364 80.1737 14.2269 37.8408 32.6357 58.8889 34.7822 55.9555 -0.542857 
58.0 92.0 52.0 13.0 11.0
241.0 232.0 196.0 238.0 238.0 199.0 233.0 205.0 238.0 239.0 207.0 236.0
243.0 243.0 241.0 243.0 242.0 228.0 250.0 163.0 242.0 244.0 217.0 242.0
246.0 241.0 240.0 246.0 244.0 223.0 241.0 203.0 239.0 238.0 236.0 239.0
242.0 243.0 245.0 245.0 246.0 245.0 247.0 244.0 244.0 244.0 244.0 243.0
244.0 245.0 250.0 250.0 249.0 249.0 250.0 250.0 248.0 249.0 250.0 246.0
21 80.2854 13.4577 37.8408 33.7984 58.1481 35.9016 55.5405 -0.542857 
59.0 97.0 53.0 13.0 11.0
241.0 231.0 195.0 237.0 238.0 199.0 233.0 205.0 238.0 239.0 206.0 236.0
242.0 242.0 241.0 243.0 242.0 227.0 249.0 155.0 242.0 244.0 216.0 242.0
245.0 241.0 240.0 247.0 245.0 219.0 242.0 202.0 239.0 238.0 235.0 239.0
242.0 243.0 245.0 245.0 245.0 245.0 245.0 244.0 244.0 245.0 244.0 243.0
244.0 245.0 248.0 251.0 249.0 249.0 251.0 250.0 248.0 250.0 250.0 247.0
21 80.5086 12.6885 37.3003 34.5736 58.5185 36.6479 56.3704 -0.542857 
61.0 104.0 53.0 13.0 11.0
241.0 230.0 193.0 237.0 238.0 201.0 233.0 206.0 238.0 239.0 203.0 235.0
243.0 242.0 241.0 243.0 242.0 227.0 249.0 153.0 241.0 243.0 219.0 242.0
245.0 241.0 241.0 247.0 245.0 221.0 241.0 202.0 238.0 238.0 235.0 239.0
242.0 243.0 245.0 245.0 245.0 244.0 245.0 244.0 244.0 245.0 244.0 243.0
244.0 244.0 248.0 250.0 248.0 248.0 250.0 247.0 248.0 249.0 249.0 246.0
21.1364 80.6202 12.3038 36.7597 34.9612 58.8889 37.021 56.3704 -0.542857 
62.0 104.0 53.0 13.0 11.0
241.0 229.0 193.0 238.0 238.0 201.0 233.0 206.0 238.0 239.0 203.0 235.0
242.0 242.0 240.0 242.0 242.0 226.0 248.0 150.0 241.0 244.0 218.0 242.0
246.0 241.0 241.0 247.0 245.0 220.0 241.0 202.0 238.0 238.0 235.0 239.0
242.0 243.0 244.0 245.0 245.0 245.0 245.0 244.0 244.0 245.0 244.0 244.0
244.0 244.0 248.0 250.0 248.0 250.0 250.0 249.0 248.0 248.0 249.0 246.0
21.1364 80.7318 12.3038 36.7597 34.9612 58.8889 37.021 56.3704 -0.542857 
63.0 106.0 53.0 13.0 11.0
241.0 229.0 192.0 238.0 238.0 201.0 233.0 206.0 238.0 239.0 202.0 234.0
242.0 243.0 241.0 242.0 242.0 226.0 249.0 148.0 241.0 243.0 218.0 242.0
245.0 241.0 241.0 246.0 245.0 220.0 240.0 202.0 238.0 238.0 235.0 239.0
242.0 244.0 244.0 245.0 245.0 245.0 245.0 245.0 244.0 245.0 244.0 244.0
244.0 244.0 249.0 250.0 249.0 248.0 250.0 249.0 248.0 249.0 250.0 245.0
21.2728 80.7318 12.3038 36.7597 34.9612 58.8889 37.021 56.3704 -0.542857 
63.0 108.0 52.0 13.0 12.0
241.0 229.0 192.0 237.0 238.0 201.0 233.0 206.0 239.0 239.0 202.0 235.0
242.0 243.0 241.0 242.0 242.0 226.0 249.0 148.0 241.0 243.0 217.0 243.0
245.0 241.0 241.0 246.0 245.0 220.0 241.0 203.0 238.0 238.0 235.0 239.0
242.0 243.0 246.0 245.0 245.0 245.0 245.0 245.0 244.0 245.0 244.0 244.0
244.0 244.0 249.0 249.0 249.0 248.0 250.0 249.0 248.0 249.0 250.0 245.0
21.2728 80.7318 12.3038 36.7597 35.3488 58.5185 37.021 56.3704 -0.542857 
63.0 108.0 53.0 14.0 11.0
241.0 229.0 192.0 237.0 237.0 201.0 233.0 206.0 238.0 239.0 202.0 235.0
242.0 242.0 241.0 243.0 242.0 225.0 248.0 146.0 241.0 244.0 216.0 242.0
245.0 241.0 241.0 247.0 245.0 220.0 241.0 203.0 237.0 238.0 235.0 240.0
242.0 244.0 244.0 245.0 245.0 244.0 246.0 244.0 244.0 245.0 245.0 243.0
244.0 244.0 249.0 249.0 249.0 248.0 250.0 249.0 247.0 248.0 249.0 246.0
21.1364 80.7318 12.3038 36.7597 35.3488 58.5185 37.021 56.3704 -0.542857 
63.0 111.0 53.0 13.0 11.0
241.0 229.0 192.0 237.0 238.0 201.0 233.0 206.0 239.0 239.0 202.0 234.0
242.0 242.0 241.0 243.0 242.0 225.0 249.0 145.0 241.0 244.0 215.0 242.0
245.0 241.0 241.0 247.0 245.0 220.0 241.0 202.0 237.0 238.0 235.0 239.0
242.0 244.0 245.0 245.0 245.0 244.0 245.0 244.0 244.0 245.0 244.0 244.0
244.0 245.0 248.0 250.0 249.0 249.0 250.0 249.0 248.0 249.0 248.0 245.0
21.1364 80.7318 12.3038 36.7597 35.3488 58.5185 37.021 56.3704 -0.542857 
63.0 111.0 52.0 13.0 11.0
241.0 229.0 192.0 238.0 237.0 201.0 233.0 206.0 238.0 239.0 202.0 234.0
242.0 242.0 241.0 242.0 242.0 225.0 249.0 144.0 240.0 243.0 215.0 242.0
245.0 241.0 241.0 247.0 246.0 221.0 241.0 203.0 237.0 238.0 235.0 239.0
242.0 243.0 245.0 245.0 246.0 245.0 245.0 244.0 244.0 245.0 244.0 244.0
244.0 244.0 249.0 250.0 248.0 250.0 250.0 249.0 247.0 249.0 248.0 246.0
21.1364 80.7318 12.3038 36.7597 35.7364 58.1481 37.3942 56.3704 -0.542857 
63.0 112.0 52.0 13.0 11.0
241.0 228.0 192.0 238.0 238.0 201.0 234.0 206.0 239.0 239.0 201.0 234.0
242.0 243.0 241.0 243.0 242.0 225.0 249.0 142.0 240.0 243.0 214.0 241.0
245.0 241.0 241.0 247.0 246.0 220.0 241.0 203.0 237.0 237.0 235.0 239.0
242.0 243.0 245.0 245.0 245.0 244.0 246.0 244.0 244.0 244.0 244.0 244.0
244.0 244.0 249.0 249.0 249.0 249.0 250.0 249.0 248.0 249.0 248.0 246.0
