-10000
21.2728 80.5086 12.3038 35.1381 32.6357 51.4815 34.4091 31.4741 -0.0326531 
39.0 33.0 13.0 13.0 11.0
242.0 236.0 218.0 239.0 238.0 216.0 234.0 223.0 239.0 239.0 225.0 239.0
243.0 243.0 243.0 243.0 243.0 237.0 247.0 223.0 243.0 244.0 237.0 242.0
244.0 244.0 245.0 244.0 244.0 245.0 244.0 244.0 243.0 243.0 242.0 242.0
242.0 244.0 245.0 245.0 246.0 245.0 246.0 244.0 245.0 245.0 244.0 244.0
244.0 244.0 250.0 250.0 249.0 251.0 251.0 249.0 248.0 249.0 249.0 246.0
21.2728 80.397 14.2269 34.057 32.2481 53.7037 34.4091 36.0385 0.987755 
44.0 36.0 15.0 13.0 11.0
241.0 236.0 213.0 238.0 238.0 211.0 234.0 218.0 239.0 239.0 222.0 239.0
243.0 243.0 242.0 243.0 242.0 237.0 247.0 217.0 243.0 244.0 235.0 242.0
243.0 244.0 242.0 243.0 244.0 244.0 245.0 242.0 243.0 241.0 238.0 244.0
242.0 244.0 245.0 246.0 245.0 244.0 246.0 245.0 245.0 245.0 245.0 244.0
244.0 245.0 249.0 250.0 249.0 250.0 250.0 250.0 249.0 249.0 250.0 247.0
21.2728 80.2854 14.9962 33.5165 31.4729 55.1852 33.2897 42.2625 1.49796 
46.0 40.0 20.0 13.0 11.0
242.0 235.0 209.0 239.0 238.0 208.0 233.0 214.0 239.0 239.0 218.0 238.0
243.0 243.0 242.0 243.0 242.0 236.0 247.0 213.0 243.0 244.0 235.0 243.0
242.0 244.0 240.0 243.0 245.0 242.0 247.0 234.0 242.0 240.0 236.0 245.0
242.0 244.0 245.0 245.0 245.0 245.0 246.0 245.0 245.0 245.0 245.0 244.0
244.0 245.0 249.0 251.0 249.0 249.0 250.0 250.0 249.0 249.0 249.0 246.0
21.1364 80.2854 14.9962 33.5165 31.4729 56.6667 33.2897 45.1671 1.49796 
48.0 47.0 24.0 13.0 11.0
241.0 234.0 207.0 238.0 238.0 206.0 234.0 213.0 239.0 239.0 216.0 238.0
242.0 243.0 242.0 243.0 243.0 234.0 247.0 208.0 242.0 244.0 235.0 242.0
241.0 245.0 241.0 243.0 244.0 240.0 247.0 230.0 241.0 239.0 235.0 246.0
242.0 244.0 245.0 246.0 245.0 245.0 246.0 245.0 244.0 245.0 244.0 244.0
244.0 245.0 249.0 250.0 249.0 249.0 252.0 250.0 248.0 249.0 250.0 245.0
21.1364 80.2854 14.6115 34.057 31.4729 58.8889 33.2897 47.6567 1.49796 
50.0 51.0 27.0 13.0 11.0
241.0 234.0 205.0 238.0 237.0 205.0 233.0 212.0 238.0 239.0 215.0 238.0
242.0 243.0 242.0 243.0 243.0 233.0 247.0 201.0 242.0 244.0 236.0 243.0
242.0 245.0 241.0 243.0 245.0 239.0 247.0 227.0 241.0 239.0 235.0 246.0
242.0 244.0 245.0 245.0 246.0 245.0 246.0 245.0 245.0 245.0 245.0 244.0
245.0 244.0 250.0 251.0 249.0 249.0 251.0 250.0 249.0 250.0 249.0 247.0
21.1364 80.6202 14.2269 34.057 32.2481 58.5185 33.6628 49.3165 1.49796 
52.0 60.0 31.0 13.0 10.0
241.0 233.0 203.0 238.0 238.0 204.0 233.0 211.0 239.0 239.0 213.0 237.0
243.0 243.0 242.0 243.0 242.0 230.0 247.0 193.0 242.0 243.0 235.0 242.0
242.0 245.0 241.0 244.0 246.0 238.0 248.0 224.0 241.0 239.0 236.0 246.0
242.0 243.0 245.0 245.0 245.0 245.0 246.0 245.0 244.0 245.0 244.0 244.0
244.0 247.0 249.0 250.0 248.0 250.0 250.0 249.0 248.0 249.0 250.0 245.0
21.1364 80.7318 14.2269 35.1381 32.2481 59.2593 34.4091 50.1463 1.49796 
53.0 63.0 33.0 13.0 12.0
241.0 233.0 202.0 238.0 237.0 201.0 233.0 209.0 239.0 239.0 213.0 238.0
242.0 243.0 242.0 243.0 242.0 230.0 247.0 191.0 242.0 244.0 235.0 242.0
241.0 244.0 240.0 245.0 246.0 237.0 247.0 222.0 241.0 238.0 235.0 246.0
242.0 244.0 246.0 245.0 245.0 245.0 246.0 245.0 245.0 245.0 245.0 244.0
244.0 245.0 250.0 250.0 249.0 250.0 250.0 250.0 249.0 250.0 250.0 246.0
21.1364 80.7318 13.8423 35.6786 32.6357 58.8889 34.7822 50.5613 0.987755 
56.0 67.0 35.0 13.0 11.0
241.0 233.0 201.0 238.0 237.0 199.0 232.0 207.0 238.0 240.0 212.0 238.0
243.0 243.0 242.0 243.0 242.0 229.0 247.0 187.0 241.0 243.0 235.0 242.0
241.0 244.0 241.0 244.0 247.0 236.0 248.0 219.0 240.0 238.0 235.0 247.0
242.0 244.0 245.0 245.0 246.0 245.0 245.0 245.0 244.0 245.0 245.0 244.0
244.0 244.0 249.0 251.0 249.0 250.0 251.0 250.0 248.0 249.0 251.0 246.0
20.7273 80.7318 13.8423 35.6786 33.0233 58.8889 35.5285 52.221 0.987755 
57.0 75.0 38.0 12.0 11.0
241.0 233.0 199.0 238.0 237.0 198.0 232.0 207.0 238.0 239.0 211.0 237.0
243.0 243.0 242.0 243.0 242.0 227.0 247.0 179.0 241.0 243.0 235.0 242.0
242.0 245.0 241.0 245.0 247.0 236.0 248.0 216.0 240.0 237.0 235.0 246.0
242.0 244.0 245.0 246.0 245.0 245.0 246.0 245.0 245.0 245.0 245.0 244.0
244.0 245.0 249.0 250.0 249.0 249.0 250.0 249.0 248.0 248.0 250.0 246.0
20.7273 80.7318 13.8423 35.6786 33.0233 59.2593 35.9016 52.636 0.987755 
57.0 77.0 39.0 13.0 11.0
241.0 233.0 198.0 238.0 237.0 197.0 232.0 206.0 238.0 239.0 210.0 237.0
243.0 243.0 242.0 243.0 242.0 227.0 246.0 177.0 242.0 243.0 235.0 243.0
241.0 245.0 242.0 245.0 247.0 235.0 248.0 216.0 240.0 237.0 235.0 246.0
242.0 244.0 245.0 245.0 245.0 245.0 245.0 244.0 244.0 245.0 245.0 244.0
244.0 244.0 249.0 251.0 249.0 249.0 251.0 250.0 249.0 249.0 251.0 246.0
20.7273 80.8434 13.8423 35.6786 33.0233 60.3704 36.2748 52.636 0.477551 
58.0 79.0 42.0 13.0 11.0
241.0 232.0 197.0 238.0 237.0 197.0 233.0 206.0 238.0 239.0 208.0 237.0
242.0 243.0 242.0 243.0 242.0 226.0 246.0 175.0 241.0 243.0 235.0 242.0
241.0 246.0 241.0 245.0 247.0 235.0 248.0 214.0 240.0 237.0 234.0 246.0
242.0 244.0 245.0 246.0 246.0 245.0 246.0 245.0 245.0 245.0 245.0 244.0
244.0 245.0 249.0 250.0 249.0 250.0 251.0 248.0 248.0 250.0 250.0 245.0
20.8637 81.0666 13.4577 35.6786 33.7984 60.3704 36.2748 53.4659 0.477551 
59.0 89.0 41.0 12.0 11.0
241.0 232.0 196.0 237.0 237.0 195.0 232.0 205.0 238.0 239.0 206.0 237.0
243.0 243.0 242.0 243.0 242.0 223.0 245.0 165.0 240.0 242.0 234.0 242.0
242.0 246.0 241.0 246.0 248.0 234.0 247.0 213.0 240.0 237.0 234.0 246.0
242.0 244.0 246.0 245.0 245.0 245.0 246.0 245.0 244.0 245.0 245.0 244.0
245.0 244.0 250.0 251.0 250.0 249.0 250.0 249.0 249.0 250.0 249.0 247.0
20.8637 80.955 13.4577 36.2192 33.7984 60.3704 36.2748 53.0509 0.477551 
61.0 92.0 44.0 13.0 11.0
240.0 232.0 195.0 238.0 237.0 194.0 232.0 204.0 238.0 239.0 206.0 237.0
242.0 243.0 242.0 243.0 242.0 223.0 245.0 163.0 239.0 243.0 234.0 242.0
241.0 245.0 240.0 245.0 247.0 233.0 247.0 211.0 240.0 237.0 233.0 246.0
242.0 244.0 246.0 246.0 245.0 245.0 245.0 245.0 245.0 245.0 245.0 244.0
244.0 245.0 249.0 249.0 250.0 248.0 252.0 250.0 248.0 250.0 250.0 246.0
