-10000
20.8637 80.7318 14.6115 38.3814 27.9845 54.0741 29.1852 48.0717 -2.07347 
41.0 29.0 28.0 14.0 11.0
241.0 237.0 217.0 239.0 238.0 214.0 234.0 220.0 239.0 239.0 225.0 240.0
242.0 242.0 243.0 242.0 242.0 240.0 244.0 229.0 244.0 244.0 225.0 242.0
244.0 243.0 241.0 246.0 244.0 239.0 244.0 227.0 239.0 239.0 236.0 241.0
242.0 244.0 245.0 245.0 245.0 245.0 245.0 244.0 244.0 244.0 244.0 243.0
244.0 244.0 248.0 250.0 249.0 250.0 250.0 248.0 248.0 249.0 250.0 246.0
21.1364 80.955 16.9192 38.3814 28.7597 55.5556 29.5584 49.3165 -0.542857 
46.0 32.0 30.0 13.0 12.0
241.0 237.0 214.0 239.0 238.0 208.0 233.0 216.0 238.0 239.0 223.0 239.0
242.0 243.0 243.0 243.0 243.0 238.0 245.0 223.0 243.0 244.0 222.0 242.0
244.0 243.0 240.0 247.0 245.0 238.0 243.0 224.0 239.0 239.0 235.0 241.0
241.0 243.0 245.0 245.0 245.0 244.0 245.0 244.0 244.0 245.0 244.0 243.0
244.0 244.0 248.0 250.0 248.0 248.0 249.0 249.0 247.0 249.0 249.0 246.0
21.2728 81.4014 16.9192 37.8408 29.9225 55.1852 30.6778 49.7314 -0.542857 
49.0 36.0 32.0 13.0 11.0
241.0 236.0 210.0 238.0 237.0 204.0 232.0 211.0 239.0 239.0 220.0 239.0
243.0 243.0 242.0 243.0 243.0 236.0 246.0 218.0 244.0 244.0 220.0 242.0
244.0 242.0 241.0 247.0 245.0 236.0 244.0 222.0 238.0 238.0 235.0 242.0
242.0 243.0 245.0 246.0 245.0 244.0 245.0 244.0 244.0 244.0 244.0 244.0
244.0 245.0 249.0 249.0 250.0 248.0 249.0 249.0 248.0 249.0 248.0 246.0
21.2728 81.6246 16.5346 37.3003 29.9225 57.037 32.1703 50.9762 -0.542857 
52.0 40.0 36.0 13.0 11.0
241.0 235.0 206.0 238.0 237.0 202.0 232.0 209.0 238.0 239.0 217.0 239.0
242.0 243.0 242.0 243.0 242.0 234.0 246.0 214.0 244.0 244.0 223.0 243.0
245.0 243.0 241.0 248.0 245.0 234.0 244.0 220.0 238.0 238.0 235.0 241.0
242.0 243.0 244.0 245.0 244.0 245.0 245.0 244.0 244.0 245.0 244.0 243.0
244.0 244.0 250.0 250.0 249.0 249.0 250.0 248.0 247.0 248.0 248.0 246.0
21.1364 81.9595 15.3808 37.3003 31.4729 58.1481 33.2897 52.221 -0.542857 
55.0 51.0 37.0 13.0 11.0
241.0 234.0 202.0 238.0 237.0 201.0 232.0 207.0 238.0 239.0 214.0 238.0
242.0 242.0 241.0 243.0 242.0 230.0 247.0 204.0 243.0 243.0 224.0 242.0
245.0 243.0 241.0 249.0 246.0 233.0 244.0 217.0 237.0 238.0 235.0 242.0
241.0 244.0 245.0 245.0 244.0 244.0 245.0 244.0 244.0 244.0 244.0 243.0
245.0 244.0 248.0 250.0 248.0 248.0 250.0 249.0 247.0 248.0 250.0 246.0
21.1364 82.0711 15.3808 37.3003 31.4729 58.5185 33.6628 52.636 -0.542857 
55.0 52.0 41.0 13.0 11.0
241.0 234.0 201.0 238.0 237.0 200.0 232.0 206.0 238.0 239.0 213.0 238.0
242.0 242.0 242.0 243.0 242.0 230.0 247.0 203.0 243.0 243.0 225.0 242.0
245.0 243.0 241.0 249.0 246.0 230.0 244.0 214.0 237.0 238.0 235.0 242.0
242.0 243.0 244.0 245.0 245.0 244.0 245.0 244.0 244.0 244.0 244.0 243.0
244.0 244.0 249.0 249.0 248.0 249.0 250.0 250.0 247.0 249.0 249.0 246.0
21.1364 82.2943 14.6115 37.8408 32.6357 59.2593 34.4091 53.4659 -0.0326531 
57.0 58.0 42.0 14.0 11.0
241.0 233.0 199.0 238.0 237.0 198.0 232.0 204.0 238.0 239.0 211.0 238.0
242.0 243.0 241.0 242.0 242.0 226.0 247.0 194.0 243.0 243.0 225.0 242.0
245.0 242.0 241.0 249.0 247.0 231.0 244.0 213.0 236.0 237.0 235.0 241.0
242.0 243.0 245.0 245.0 245.0 244.0 245.0 244.0 244.0 245.0 244.0 243.0
243.0 244.0 248.0 249.0 248.0 249.0 250.0 249.0 248.0 249.0 248.0 246.0
21.1364 82.7407 14.6115 37.8408 33.0233 58.8889 34.7822 53.0509 -0.0326531 
58.0 62.0 44.0 13.0 11.0
240.0 233.0 198.0 237.0 237.0 197.0 232.0 204.0 238.0 239.0 210.0 238.0
243.0 243.0 241.0 243.0 242.0 225.0 247.0 191.0 243.0 242.0 225.0 242.0
245.0 242.0 241.0 249.0 247.0 229.0 243.0 212.0 236.0 237.0 234.0 241.0
242.0 243.0 244.0 245.0 244.0 245.0 245.0 244.0 244.0 245.0 244.0 243.0
244.0 244.0 249.0 249.0 249.0 249.0 249.0 248.0 248.0 248.0 249.0 245.0
21.1364 82.4059 14.2269 37.8408 33.0233 59.6296 34.7822 53.4659 -0.0326531 
58.0 66.0 43.0 14.0 11.0
241.0 232.0 196.0 238.0 237.0 197.0 232.0 203.0 238.0 240.0 208.0 237.0
242.0 243.0 241.0 243.0 242.0 224.0 247.0 188.0 243.0 243.0 226.0 243.0
245.0 242.0 241.0 249.0 247.0 229.0 243.0 211.0 236.0 237.0 235.0 240.0
242.0 243.0 244.0 245.0 245.0 244.0 245.0 244.0 244.0 244.0 244.0 244.0
244.0 244.0 249.0 250.0 249.0 249.0 250.0 248.0 247.0 249.0 249.0 245.0
21 81.9595 14.2269 37.8408 33.0233 60 35.1554 53.4659 -0.0326531 
60.0 68.0 47.0 13.0 12.0
241.0 232.0 195.0 238.0 237.0 195.0 232.0 202.0 238.0 239.0 207.0 237.0
242.0 243.0 241.0 242.0 242.0 224.0 247.0 187.0 242.0 242.0 225.0 243.0
245.0 243.0 242.0 249.0 248.0 226.0 243.0 207.0 236.0 237.0 234.0 241.0
242.0 243.0 245.0 245.0 245.0 244.0 245.0 244.0 244.0 244.0 245.0 243.0
243.0 245.0 249.0 249.0 248.0 248.0 249.0 249.0 248.0 248.0 250.0 245.0
20.8637 82.0711 13.8423 37.8408 33.7984 60 35.9016 53.8808 -0.0326531 
61.0 75.0 48.0 13.0 11.0
241.0 231.0 194.0 237.0 237.0 194.0 232.0 201.0 238.0 239.0 204.0 237.0
242.0 242.0 239.0 242.0 241.0 220.0 246.0 177.0 242.0 242.0 225.0 243.0
245.0 242.0 241.0 249.0 247.0 226.0 243.0 207.0 235.0 236.0 235.0 241.0
242.0 243.0 244.0 245.0 245.0 244.0 245.0 244.0 244.0 244.0 244.0 244.0
244.0 244.0 249.0 250.0 248.0 249.0 250.0 248.0 247.0 249.0 249.0 245.0
20.8637 82.0711 13.4577 37.8408 33.7984 60.3704 35.9016 53.8808 -0.0326531 
62.0 79.0 49.0 13.0 11.0
241.0 231.0 193.0 238.0 237.0 194.0 232.0 201.0 238.0 239.0 204.0 237.0
242.0 243.0 241.0 243.0 242.0 219.0 247.0 176.0 242.0 241.0 226.0 243.0
245.0 243.0 241.0 249.0 247.0 226.0 243.0 205.0 235.0 236.0 234.0 240.0
242.0 244.0 244.0 245.0 245.0 244.0 245.0 244.0 244.0 245.0 244.0 243.0
244.0 244.0 248.0 250.0 248.0 248.0 249.0 249.0 248.0 249.0 249.0 245.0
21 81.9595 13.4577 37.8408 34.186 60.7407 36.2748 54.2957 -0.0326531 
62.0 83.0 50.0 13.0 11.0
241.0 232.0 192.0 237.0 237.0 193.0 232.0 200.0 238.0 239.0 203.0 237.0
242.0 243.0 241.0 242.0 241.0 218.0 246.0 171.0 242.0 242.0 226.0 242.0
245.0 243.0 241.0 249.0 247.0 226.0 244.0 204.0 235.0 237.0 234.0 241.0
242.0 243.0 244.0 245.0 245.0 244.0 244.0 244.0 244.0 245.0 244.0 243.0
244.0 245.0 249.0 250.0 250.0 249.0 250.0 249.0 248.0 248.0 250.0 246.0
21 81.6246 13.4577 37.8408 34.186 61.1111 36.2748 54.7107 -0.0326531 
63.0 85.0 51.0 13.0 12.0
241.0 231.0 192.0 238.0 237.0 193.0 232.0 200.0 238.0 239.0 202.0 237.0
242.0 243.0 240.0 242.0 242.0 219.0 246.0 169.0 242.0 242.0 226.0 242.0
245.0 243.0 241.0 249.0 247.0 225.0 243.0 204.0 235.0 237.0 234.0 241.0
242.0 243.0 245.0 245.0 245.0 244.0 245.0 244.0 244.0 244.0 244.0 243.0
244.0 245.0 249.0 249.0 249.0 249.0 250.0 248.0 248.0 248.0 249.0 245.0
21 81.7362 13.4577 37.8408 34.186 61.1111 36.2748 55.1256 0.477551 
64.0 89.0 51.0 13.0 11.0
241.0 230.0 191.0 237.0 237.0 193.0 232.0 200.0 238.0 239.0 202.0 236.0
243.0 243.0 241.0 242.0 241.0 217.0 246.0 167.0 242.0 242.0 225.0 242.0
245.0 242.0 242.0 249.0 248.0 224.0 243.0 203.0 235.0 236.0 234.0 241.0
242.0 243.0 244.0 245.0 245.0 244.0 245.0 244.0 244.0 245.0 245.0 243.0
244.0 244.0 249.0 250.0 248.0 248.0 250.0 249.0 248.0 248.0 249.0 245.0
