-10000
20.4546 79.9505 12.6885 23.7868 33.7984 47.037 39.633 27.7397 82.6204 
35.0 20.0 43.0 12.0 13.0
242.0 236.0 219.0 240.0 240.0 225.0 237.0 226.0 240.0 240.0 223.0 238.0
244.0 244.0 244.0 243.0 243.0 239.0 247.0 235.0 244.0 244.0 243.0 243.0
244.0 239.0 232.0 237.0 231.0 230.0 231.0 212.0 233.0 235.0 213.0 239.0
243.0 244.0 243.0 243.0 244.0 244.0 243.0 243.0 243.0 243.0 243.0 243.0
243.0 243.0 244.0 244.0 243.0 243.0 243.0 242.0 244.0 243.0 242.0 243.0
19.5 79.8389 16.9192 24.3273 34.186 48.1481 39.633 28.9845 82.6204 
40.0 21.0 46.0 12.0 14.0
242.0 236.0 213.0 239.0 239.0 217.0 235.0 220.0 239.0 239.0 217.0 238.0
243.0 243.0 243.0 243.0 243.0 239.0 247.0 233.0 244.0 244.0 243.0 244.0
244.0 239.0 231.0 237.0 232.0 229.0 232.0 208.0 234.0 234.0 212.0 239.0
243.0 243.0 243.0 243.0 243.0 243.0 243.0 243.0 243.0 243.0 243.0 243.0
243.0 243.0 243.0 244.0 242.0 242.0 243.0 242.0 243.0 243.0 243.0 243.0
19.5 79.8389 17.3038 23.7868 34.186 48.1481 39.2599 30.2293 82.6204 
46.0 24.0 52.0 12.0 14.0
242.0 234.0 208.0 238.0 239.0 213.0 235.0 215.0 239.0 239.0 213.0 237.0
243.0 244.0 244.0 243.0 243.0 237.0 247.0 229.0 244.0 244.0 242.0 243.0
244.0 240.0 231.0 237.0 232.0 228.0 232.0 203.0 234.0 235.0 210.0 239.0
243.0 244.0 244.0 244.0 243.0 244.0 244.0 243.0 243.0 243.0 243.0 243.0
243.0 242.0 243.0 244.0 243.0 243.0 243.0 243.0 244.0 243.0 242.0 243.0
19.6364 80.0621 17.3038 23.2462 34.5736 48.5185 38.8867 32.719 82.6204 
51.0 29.0 59.0 12.0 13.0
242.0 233.0 204.0 239.0 239.0 210.0 235.0 213.0 239.0 239.0 209.0 236.0
243.0 244.0 242.0 243.0 243.0 234.0 248.0 226.0 244.0 243.0 242.0 242.0
244.0 240.0 231.0 237.0 233.0 225.0 233.0 195.0 235.0 235.0 210.0 241.0
243.0 244.0 243.0 244.0 243.0 243.0 243.0 243.0 243.0 243.0 243.0 243.0
244.0 242.0 244.0 243.0 242.0 243.0 243.0 243.0 243.0 243.0 243.0 243.0
20.0455 80.0621 17.3038 22.7057 34.9612 48.5185 39.2599 33.9638 82.6204 
53.0 32.0 65.0 12.0 13.0
242.0 232.0 201.0 238.0 238.0 209.0 235.0 212.0 239.0 239.0 205.0 235.0
243.0 242.0 242.0 243.0 243.0 234.0 247.0 220.0 244.0 244.0 241.0 242.0
244.0 240.0 230.0 237.0 234.0 222.0 233.0 188.0 233.0 234.0 210.0 240.0
244.0 244.0 244.0 244.0 243.0 243.0 243.0 243.0 243.0 243.0 243.0 243.0
243.0 243.0 243.0 243.0 244.0 243.0 243.0 242.0 243.0 243.0 243.0 244.0
19.7728 80.0621 16.9192 22.1651 35.3488 49.2593 39.633 35.2086 82.6204 
56.0 36.0 73.0 12.0 13.0
242.0 230.0 199.0 238.0 238.0 208.0 234.0 212.0 239.0 239.0 203.0 235.0
243.0 243.0 242.0 243.0 243.0 233.0 248.0 219.0 244.0 244.0 241.0 243.0
243.0 240.0 230.0 237.0 232.0 221.0 232.0 180.0 232.0 234.0 210.0 240.0
243.0 244.0 243.0 244.0 243.0 243.0 243.0 243.0 243.0 244.0 243.0 243.0
243.0 243.0 243.0 244.0 243.0 243.0 243.0 242.0 242.0 243.0 242.0 243.0
20.0455 80.1737 16.9192 22.1651 35.3488 49.6296 39.633 36.0385 82.6204 
57.0 38.0 79.0 12.0 13.0
241.0 230.0 197.0 238.0 239.0 208.0 234.0 213.0 239.0 239.0 201.0 234.0
243.0 242.0 242.0 243.0 243.0 233.0 247.0 215.0 244.0 244.0 242.0 242.0
243.0 241.0 229.0 237.0 233.0 219.0 233.0 175.0 232.0 233.0 212.0 241.0
243.0 244.0 244.0 243.0 244.0 244.0 243.0 243.0 243.0 243.0 244.0 243.0
244.0 242.0 243.0 244.0 242.0 243.0 243.0 241.0 243.0 242.0 243.0 243.0
20.3182 80.2854 16.5346 21.6246 35.7364 50 39.633 36.8683 82.6204 
59.0 44.0 86.0 12.0 13.0
242.0 229.0 195.0 238.0 239.0 207.0 234.0 212.0 239.0 238.0 199.0 233.0
243.0 243.0 243.0 242.0 243.0 231.0 248.0 212.0 244.0 244.0 241.0 242.0
243.0 241.0 229.0 237.0 232.0 220.0 232.0 169.0 232.0 233.0 213.0 241.0
243.0 244.0 244.0 243.0 243.0 243.0 243.0 243.0 243.0 243.0 243.0 244.0
243.0 243.0 244.0 243.0 243.0 243.0 244.0 242.0 243.0 242.0 242.0 244.0
20.3182 80.2854 16.5346 21.0841 35.7364 50.3704 39.633 36.8683 82.6204 
60.0 43.0 88.0 12.0 13.0
242.0 228.0 194.0 238.0 238.0 207.0 234.0 212.0 239.0 239.0 198.0 233.0
243.0 242.0 243.0 243.0 243.0 231.0 248.0 213.0 244.0 244.0 241.0 243.0
243.0 240.0 228.0 237.0 232.0 215.0 232.0 167.0 231.0 233.0 210.0 241.0
243.0 244.0 244.0 243.0 243.0 243.0 243.0 243.0 244.0 243.0 243.0 244.0
244.0 243.0 243.0 244.0 243.0 242.0 243.0 242.0 244.0 243.0 241.0 243.0
20.1819 80.2854 16.5346 21.0841 35.7364 50.3704 40.0061 36.8683 82.6204 
61.0 43.0 91.0 12.0 13.0
241.0 228.0 194.0 238.0 239.0 206.0 234.0 211.0 239.0 238.0 198.0 233.0
243.0 242.0 243.0 243.0 243.0 230.0 248.0 213.0 244.0 244.0 242.0 242.0
243.0 240.0 228.0 236.0 233.0 215.0 232.0 164.0 231.0 233.0 209.0 241.0
243.0 244.0 244.0 243.0 243.0 243.0 244.0 243.0 243.0 243.0 243.0 243.0
244.0 243.0 243.0 244.0 243.0 242.0 243.0 242.0 244.0 243.0 242.0 244.0
19.9091 80.1737 16.5346 21.6246 35.7364 50.3704 40.0061 36.8683 82.6204 
62.0 42.0 93.0 12.0 13.0
242.0 228.0 193.0 238.0 238.0 206.0 234.0 211.0 239.0 239.0 197.0 233.0
243.0 243.0 243.0 243.0 243.0 231.0 247.0 213.0 244.0 244.0 242.0 242.0
243.0 239.0 228.0 236.0 232.0 213.0 232.0 161.0 231.0 232.0 209.0 242.0
243.0 244.0 243.0 244.0 244.0 244.0 244.0 243.0 244.0 244.0 243.0 244.0
243.0 243.0 243.0 244.0 243.0 243.0 243.0 242.0 242.0 243.0 243.0 242.0
19.9091 80.1737 16.5346 22.1651 35.7364 50.3704 40.0061 36.8683 82.6204 
63.0 42.0 95.0 12.0 13.0
242.0 228.0 192.0 238.0 239.0 205.0 234.0 210.0 239.0 238.0 195.0 233.0
243.0 243.0 243.0 242.0 242.0 231.0 247.0 212.0 244.0 244.0 241.0 242.0
242.0 239.0 228.0 236.0 232.0 213.0 232.0 159.0 231.0 233.0 209.0 241.0
243.0 243.0 244.0 244.0 244.0 243.0 244.0 244.0 243.0 243.0 243.0 243.0
243.0 243.0 244.0 244.0 243.0 242.0 244.0 242.0 244.0 243.0 243.0 243.0
19.7728 80.1737 16.5346 22.1651 35.7364 50.7407 40.0061 37.6982 82.6204 
65.0 42.0 99.0 12.0 13.0
242.0 227.0 191.0 238.0 238.0 204.0 234.0 209.0 238.0 239.0 194.0 232.0
243.0 242.0 242.0 243.0 243.0 230.0 247.0 212.0 244.0 244.0 241.0 242.0
242.0 240.0 227.0 237.0 233.0 212.0 233.0 154.0 230.0 233.0 210.0 242.0
243.0 244.0 244.0 244.0 244.0 243.0 243.0 243.0 243.0 243.0 243.0 243.0
244.0 242.0 242.0 244.0 243.0 243.0 243.0 242.0 243.0 243.0 243.0 244.0
