-10000
21 80.397 11.15 34.057 35.7364 53.7037 36.6479 48.4866 -0.542857 
47.0 34.0 24.0 13.0 11.0
241.0 234.0 208.0 239.0 238.0 214.0 235.0 217.0 239.0 239.0 213.0 236.0
243.0 243.0 244.0 243.0 243.0 238.0 244.0 222.0 244.0 244.0 235.0 242.0
243.0 244.0 241.0 241.0 243.0 239.0 244.0 230.0 241.0 239.0 237.0 244.0
242.0 244.0 246.0 246.0 246.0 246.0 246.0 245.0 245.0 246.0 245.0 244.0
244.0 245.0 250.0 251.0 249.0 250.0 252.0 249.0 248.0 250.0 251.0 247.0
21 80.1737 12.6885 31.3543 34.9612 55.1852 37.3942 49.7314 1.49796 
51.0 39.0 28.0 12.0 11.0
241.0 232.0 203.0 238.0 238.0 213.0 235.0 215.0 239.0 239.0 209.0 235.0
242.0 243.0 242.0 243.0 242.0 236.0 244.0 213.0 244.0 244.0 232.0 243.0
242.0 244.0 240.0 241.0 244.0 238.0 245.0 226.0 240.0 238.0 235.0 244.0
242.0 244.0 246.0 246.0 246.0 245.0 246.0 245.0 246.0 246.0 245.0 244.0
244.0 245.0 250.0 251.0 250.0 250.0 251.0 251.0 250.0 250.0 251.0 246.0
21 80.0621 13.0731 31.8949 34.5736 56.2963 37.3942 50.9762 1.49796 
52.0 44.0 32.0 12.0 11.0
242.0 231.0 203.0 238.0 238.0 212.0 235.0 214.0 239.0 239.0 207.0 235.0
242.0 243.0 243.0 243.0 243.0 236.0 245.0 211.0 244.0 244.0 233.0 243.0
242.0 244.0 240.0 242.0 244.0 236.0 245.0 223.0 240.0 238.0 234.0 244.0
242.0 244.0 246.0 246.0 246.0 246.0 247.0 246.0 245.0 246.0 246.0 244.0
244.0 245.0 250.0 251.0 250.0 250.0 251.0 250.0 250.0 250.0 250.0 246.0
21.1364 80.1737 13.4577 31.8949 34.9612 55.5556 37.3942 50.9762 1.49796 
54.0 49.0 35.0 12.0 11.0
242.0 230.0 200.0 238.0 238.0 211.0 235.0 212.0 239.0 239.0 204.0 234.0
243.0 243.0 242.0 243.0 243.0 234.0 245.0 204.0 243.0 244.0 230.0 242.0
242.0 244.0 238.0 242.0 244.0 235.0 244.0 219.0 240.0 238.0 233.0 244.0
242.0 244.0 247.0 246.0 246.0 246.0 246.0 246.0 245.0 246.0 245.0 244.0
245.0 245.0 249.0 251.0 251.0 250.0 252.0 250.0 249.0 249.0 251.0 247.0
21.1364 80.2854 13.4577 31.8949 34.9612 56.2963 37.3942 51.3912 1.49796 
56.0 54.0 39.0 13.0 11.0
242.0 230.0 199.0 238.0 238.0 210.0 235.0 212.0 239.0 239.0 204.0 234.0
242.0 243.0 243.0 243.0 242.0 233.0 246.0 201.0 244.0 244.0 230.0 243.0
242.0 244.0 239.0 243.0 244.0 234.0 245.0 216.0 239.0 238.0 234.0 244.0
242.0 244.0 246.0 247.0 246.0 245.0 246.0 245.0 245.0 246.0 245.0 244.0
244.0 244.0 250.0 251.0 250.0 251.0 253.0 251.0 249.0 250.0 250.0 247.0
21 80.1737 13.0731 31.8949 34.5736 58.1481 37.3942 52.636 1.49796 
57.0 60.0 42.0 13.0 11.0
242.0 228.0 198.0 238.0 238.0 209.0 235.0 211.0 239.0 239.0 203.0 233.0
243.0 243.0 242.0 244.0 243.0 232.0 246.0 193.0 243.0 244.0 231.0 243.0
242.0 244.0 239.0 242.0 244.0 231.0 245.0 211.0 240.0 238.0 233.0 244.0
242.0 244.0 246.0 246.0 246.0 245.0 246.0 246.0 245.0 246.0 246.0 244.0
244.0 244.0 251.0 251.0 250.0 251.0 252.0 250.0 249.0 251.0 251.0 246.0
21 80.1737 13.0731 32.9759 34.9612 58.1481 37.3942 53.4659 1.49796 
59.0 70.0 44.0 13.0 10.0
241.0 229.0 196.0 238.0 238.0 207.0 234.0 209.0 239.0 239.0 201.0 234.0
242.0 243.0 242.0 243.0 242.0 230.0 246.0 185.0 242.0 243.0 230.0 243.0
242.0 244.0 239.0 243.0 244.0 231.0 245.0 210.0 240.0 237.0 233.0 244.0
242.0 244.0 246.0 246.0 246.0 246.0 246.0 245.0 245.0 246.0 245.0 244.0
244.0 246.0 250.0 251.0 250.0 250.0 251.0 250.0 249.0 250.0 250.0 247.0
21.1364 80.2854 13.0731 33.5165 34.9612 58.5185 37.3942 53.4659 1.49796 
60.0 70.0 44.0 13.0 11.0
241.0 228.0 195.0 238.0 238.0 205.0 234.0 207.0 238.0 239.0 200.0 234.0
242.0 243.0 242.0 243.0 242.0 229.0 246.0 184.0 242.0 243.0 229.0 243.0
242.0 244.0 239.0 243.0 244.0 230.0 244.0 209.0 239.0 238.0 232.0 244.0
242.0 244.0 245.0 246.0 246.0 246.0 247.0 245.0 245.0 246.0 245.0 244.0
244.0 245.0 250.0 251.0 250.0 250.0 251.0 251.0 249.0 251.0 251.0 246.0
21.1364 80.397 13.0731 34.057 34.9612 58.8889 37.3942 53.8808 1.49796 
61.0 74.0 46.0 13.0 10.0
241.0 228.0 195.0 238.0 238.0 205.0 234.0 206.0 238.0 239.0 199.0 233.0
242.0 243.0 242.0 244.0 242.0 228.0 246.0 179.0 242.0 243.0 230.0 242.0
243.0 244.0 239.0 243.0 244.0 231.0 245.0 210.0 240.0 237.0 233.0 244.0
243.0 244.0 246.0 246.0 246.0 246.0 246.0 245.0 245.0 246.0 245.0 244.0
244.0 245.0 251.0 250.0 251.0 251.0 252.0 250.0 249.0 250.0 250.0 246.0
21.1364 80.5086 12.6885 35.6786 34.9612 59.2593 37.3942 54.2957 1.49796 
61.0 76.0 48.0 13.0 11.0
241.0 229.0 193.0 238.0 238.0 202.0 233.0 204.0 239.0 239.0 199.0 234.0
243.0 243.0 242.0 243.0 242.0 227.0 246.0 176.0 242.0 243.0 230.0 242.0
242.0 244.0 238.0 243.0 244.0 230.0 245.0 206.0 239.0 237.0 232.0 244.0
242.0 244.0 246.0 247.0 246.0 246.0 246.0 245.0 245.0 246.0 246.0 244.0
244.0 246.0 250.0 251.0 250.0 251.0 251.0 250.0 250.0 250.0 250.0 247.0
21 80.5086 12.3038 35.6786 35.3488 59.6296 37.7673 54.2957 0.987755 
62.0 85.0 49.0 13.0 12.0
241.0 229.0 192.0 238.0 238.0 201.0 233.0 202.0 238.0 239.0 198.0 234.0
242.0 243.0 242.0 243.0 243.0 226.0 246.0 168.0 242.0 243.0 229.0 242.0
242.0 244.0 239.0 244.0 244.0 229.0 245.0 206.0 239.0 237.0 232.0 244.0
242.0 244.0 245.0 247.0 246.0 246.0 246.0 245.0 245.0 246.0 245.0 244.0
244.0 245.0 250.0 251.0 250.0 250.0 252.0 251.0 249.0 250.0 251.0 247.0
20.8637 80.5086 12.3038 36.2192 35.3488 60.3704 37.7673 54.7107 0.987755 
63.0 88.0 52.0 13.0 11.0
241.0 228.0 192.0 237.0 237.0 201.0 233.0 201.0 238.0 239.0 197.0 234.0
242.0 243.0 242.0 243.0 242.0 225.0 246.0 165.0 241.0 243.0 229.0 243.0
242.0 244.0 239.0 243.0 244.0 228.0 244.0 203.0 239.0 237.0 232.0 244.0
242.0 244.0 247.0 247.0 246.0 245.0 246.0 246.0 246.0 246.0 245.0 244.0
244.0 246.0 249.0 252.0 251.0 250.0 251.0 251.0 249.0 250.0 251.0 247.0
21 80.5086 12.3038 36.2192 35.3488 60 37.7673 55.1256 0.987755 
63.0 91.0 53.0 12.0 11.0
241.0 229.0 192.0 237.0 237.0 200.0 234.0 201.0 238.0 239.0 197.0 234.0
242.0 243.0 242.0 243.0 243.0 224.0 246.0 164.0 242.0 243.0 229.0 242.0
243.0 244.0 239.0 244.0 244.0 228.0 245.0 202.0 239.0 237.0 232.0 244.0
243.0 244.0 247.0 246.0 247.0 246.0 246.0 245.0 246.0 246.0 245.0 244.0
244.0 246.0 249.0 252.0 251.0 251.0 252.0 251.0 250.0 250.0 250.0 246.0
