-10000
21.2728 80.1737 20.7654 0.00297297 33.7984 60.3704 21.7225 42.2625 5.57959 
67.0 15.0 12.0 13.0 11.0
240.0 188.0 216.0 239.0 239.0 231.0 238.0 233.0 240.0 239.0 221.0 210.0
243.0 243.0 244.0 243.0 242.0 242.0 242.0 240.0 243.0 243.0 242.0 242.0
244.0 244.0 246.0 247.0 248.0 247.0 247.0 248.0 246.0 245.0 245.0 244.0
242.0 244.0 244.0 244.0 244.0 244.0 244.0 243.0 244.0 244.0 244.0 243.0
244.0 244.0 247.0 248.0 247.0 247.0 247.0 246.0 246.0 246.0 247.0 244.0
21.1364 80.2854 20.7654 0.00297297 34.5736 60 22.0957 46.8268 5.57959 
69.0 15.0 12.0 13.0 11.0
240.0 186.0 216.0 238.0 240.0 231.0 238.0 233.0 240.0 239.0 220.0 209.0
243.0 243.0 244.0 243.0 242.0 242.0 242.0 240.0 243.0 243.0 242.0 242.0
244.0 244.0 245.0 246.0 247.0 247.0 247.0 247.0 245.0 245.0 244.0 243.0
242.0 243.0 244.0 244.0 244.0 244.0 244.0 243.0 243.0 244.0 243.0 243.0
244.0 243.0 247.0 247.0 246.0 247.0 246.0 248.0 245.0 246.0 247.0 244.0
21.1364 80.5086 20.7654 0.00297297 34.5736 60 22.4688 50.5613 5.57959 
70.0 15.0 12.0 14.0 12.0
241.0 185.0 214.0 239.0 239.0 231.0 238.0 233.0 240.0 239.0 220.0 209.0
243.0 243.0 244.0 243.0 242.0 242.0 242.0 240.0 243.0 243.0 242.0 242.0
243.0 243.0 244.0 244.0 244.0 244.0 244.0 244.0 243.0 243.0 243.0 243.0
242.0 243.0 244.0 244.0 244.0 244.0 244.0 243.0 244.0 244.0 243.0 242.0
244.0 243.0 247.0 248.0 246.0 247.0 247.0 247.0 247.0 246.0 247.0 246.0
21.2728 80.397 20.3808 0.00297297 34.5736 60 26.9464 49.3165 5.57959 
71.0 15.0 29.0 13.0 11.0
240.0 184.0 214.0 238.0 239.0 231.0 238.0 233.0 240.0 239.0 219.0 208.0
243.0 243.0 244.0 243.0 242.0 242.0 242.0 240.0 243.0 243.0 242.0 242.0
242.0 241.0 236.0 238.0 238.0 235.0 238.0 224.0 238.0 238.0 229.0 241.0
241.0 243.0 244.0 244.0 244.0 244.0 243.0 243.0 243.0 244.0 244.0 243.0
244.0 244.0 246.0 248.0 247.0 247.0 247.0 246.0 245.0 246.0 246.0 244.0
21.2728 80.397 20.3808 0.00297297 34.5736 60 31.7972 48.9015 5.57959 
72.0 15.0 40.0 14.0 11.0
241.0 182.0 214.0 238.0 239.0 231.0 238.0 233.0 241.0 239.0 220.0 208.0
243.0 243.0 244.0 243.0 242.0 242.0 242.0 240.0 243.0 243.0 242.0 242.0
242.0 241.0 235.0 238.0 238.0 230.0 237.0 213.0 236.0 238.0 229.0 241.0
241.0 244.0 244.0 244.0 244.0 244.0 243.0 243.0 244.0 244.0 244.0 243.0
244.0 244.0 246.0 247.0 247.0 246.0 247.0 247.0 246.0 246.0 248.0 244.0
21.1364 80.2854 20.3808 0.00297297 34.9612 60 34.036 48.9015 5.57959 
74.0 15.0 45.0 13.0 11.0
241.0 181.0 214.0 238.0 240.0 231.0 238.0 233.0 240.0 239.0 220.0 207.0
243.0 243.0 244.0 243.0 242.0 242.0 242.0 240.0 243.0 243.0 242.0 242.0
242.0 241.0 234.0 238.0 239.0 228.0 237.0 209.0 237.0 237.0 229.0 241.0
242.0 244.0 244.0 244.0 244.0 244.0 244.0 243.0 244.0 244.0 243.0 243.0
244.0 244.0 247.0 248.0 246.0 249.0 248.0 246.0 245.0 247.0 246.0 244.0
21 80.2854 20.3808 0.00297297 34.9612 60.7407 34.7822 50.1463 5.57959 
75.0 15.0 49.0 13.0 11.0
240.0 180.0 214.0 238.0 239.0 231.0 238.0 233.0 240.0 239.0 220.0 207.0
243.0 243.0 244.0 243.0 242.0 242.0 242.0 240.0 243.0 243.0 242.0 242.0
241.0 242.0 233.0 237.0 240.0 226.0 238.0 205.0 236.0 237.0 229.0 242.0
241.0 244.0 244.0 244.0 244.0 244.0 244.0 243.0 244.0 244.0 244.0 243.0
243.0 244.0 246.0 248.0 247.0 247.0 247.0 247.0 246.0 247.0 247.0 244.0
21 80.5086 19.9962 0.00297297 35.3488 60.7407 35.1554 51.3912 5.06939 
76.0 15.0 52.0 14.0 12.0
240.0 178.0 214.0 238.0 239.0 231.0 238.0 233.0 240.0 239.0 219.0 206.0
243.0 243.0 244.0 243.0 242.0 242.0 242.0 240.0 243.0 243.0 242.0 242.0
241.0 242.0 233.0 237.0 239.0 223.0 238.0 203.0 235.0 236.0 229.0 243.0
242.0 244.0 244.0 244.0 244.0 244.0 244.0 243.0 243.0 244.0 243.0 243.0
243.0 244.0 246.0 248.0 247.0 247.0 247.0 247.0 246.0 247.0 247.0 244.0
21.1364 80.7318 19.9962 0.00297297 35.7364 60.7407 35.9016 52.636 5.06939 
78.0 15.0 55.0 13.0 11.0
240.0 177.0 213.0 238.0 239.0 231.0 238.0 233.0 240.0 239.0 220.0 205.0
243.0 243.0 244.0 243.0 242.0 242.0 242.0 240.0 243.0 243.0 242.0 242.0
241.0 242.0 232.0 236.0 238.0 221.0 237.0 200.0 234.0 236.0 229.0 243.0
241.0 243.0 244.0 244.0 244.0 244.0 244.0 243.0 243.0 244.0 244.0 243.0
244.0 244.0 247.0 248.0 246.0 247.0 247.0 247.0 246.0 246.0 247.0 245.0
21.1364 80.7318 19.9962 0.00297297 35.7364 60.7407 36.6479 53.4659 5.06939 
79.0 15.0 56.0 13.0 11.0
240.0 176.0 214.0 238.0 239.0 230.0 238.0 233.0 240.0 239.0 220.0 205.0
243.0 243.0 244.0 243.0 242.0 242.0 242.0 240.0 243.0 243.0 242.0 242.0
240.0 242.0 232.0 236.0 238.0 220.0 236.0 198.0 234.0 235.0 229.0 243.0
242.0 243.0 244.0 244.0 244.0 244.0 244.0 243.0 243.0 244.0 244.0 243.0
244.0 244.0 247.0 248.0 246.0 246.0 247.0 247.0 246.0 247.0 246.0 244.0
21 80.5086 19.6115 0.00297297 35.7364 60.3704 36.6479 53.8808 4.55918 
80.0 15.0 58.0 13.0 11.0
240.0 175.0 213.0 238.0 239.0 230.0 238.0 233.0 240.0 239.0 220.0 205.0
243.0 243.0 244.0 243.0 242.0 242.0 242.0 240.0 243.0 243.0 242.0 242.0
240.0 242.0 232.0 235.0 238.0 219.0 236.0 195.0 233.0 235.0 229.0 243.0
241.0 243.0 244.0 244.0 244.0 244.0 243.0 243.0 243.0 244.0 243.0 243.0
244.0 244.0 247.0 249.0 247.0 247.0 247.0 247.0 245.0 246.0 247.0 244.0
21 80.6202 19.6115 0.00297297 36.124 60.3704 36.6479 54.2957 4.04898 
81.0 15.0 65.0 13.0 12.0
240.0 174.0 213.0 238.0 239.0 230.0 238.0 233.0 240.0 239.0 219.0 204.0
243.0 243.0 244.0 243.0 242.0 242.0 242.0 240.0 243.0 243.0 242.0 242.0
240.0 242.0 232.0 235.0 238.0 217.0 235.0 190.0 234.0 235.0 229.0 243.0
242.0 243.0 244.0 244.0 244.0 244.0 244.0 243.0 244.0 244.0 243.0 243.0
244.0 243.0 247.0 248.0 247.0 246.0 247.0 248.0 246.0 246.0 248.0 244.0
21 80.5086 19.6115 0.00297297 36.124 60.3704 36.6479 54.7107 4.04898 
82.0 15.0 67.0 13.0 11.0
240.0 174.0 213.0 238.0 240.0 231.0 238.0 233.0 240.0 239.0 219.0 204.0
243.0 243.0 244.0 243.0 242.0 242.0 242.0 240.0 243.0 243.0 242.0 242.0
240.0 242.0 231.0 234.0 238.0 215.0 234.0 188.0 233.0 234.0 228.0 244.0
242.0 243.0 244.0 244.0 244.0 244.0 243.0 243.0 243.0 244.0 244.0 243.0
244.0 244.0 248.0 247.0 246.0 246.0 249.0 248.0 245.0 247.0 246.0 245.0
