-10000
21.1364 80.2854 14.6115 39.4624 28.7597 33.3333 27.6927 43.9223 0.477551 
38.0 21.0 27.0 13.0 11.0
241.0 238.0 222.0 239.0 238.0 217.0 234.0 223.0 239.0 239.0 229.0 240.0
243.0 243.0 243.0 243.0 242.0 241.0 243.0 238.0 243.0 243.0 234.0 241.0
243.0 244.0 240.0 246.0 244.0 242.0 246.0 229.0 240.0 238.0 231.0 244.0
242.0 244.0 246.0 246.0 246.0 245.0 246.0 246.0 245.0 246.0 245.0 244.0
244.0 245.0 249.0 250.0 249.0 250.0 251.0 249.0 249.0 250.0 249.0 246.0
21.1364 80.397 18.4577 39.4624 29.1473 38.1481 29.5584 46.4119 0.987755 
43.0 26.0 31.0 13.0 11.0
241.0 238.0 220.0 239.0 238.0 211.0 232.0 219.0 238.0 239.0 229.0 240.0
243.0 243.0 243.0 243.0 243.0 242.0 243.0 238.0 243.0 244.0 228.0 240.0
243.0 244.0 240.0 246.0 245.0 240.0 247.0 224.0 240.0 238.0 229.0 245.0
242.0 244.0 245.0 245.0 246.0 245.0 246.0 245.0 245.0 245.0 245.0 244.0
244.0 244.0 249.0 249.0 251.0 250.0 252.0 250.0 249.0 250.0 249.0 247.0
21 80.6202 16.5346 37.8408 29.9225 50.3704 32.1703 51.3912 0.477551 
50.0 28.0 37.0 13.0 11.0
241.0 236.0 212.0 238.0 237.0 204.0 232.0 215.0 238.0 239.0 224.0 239.0
243.0 243.0 243.0 243.0 242.0 239.0 244.0 225.0 243.0 244.0 229.0 243.0
244.0 244.0 239.0 247.0 245.0 234.0 246.0 217.0 240.0 239.0 234.0 244.0
243.0 244.0 245.0 246.0 246.0 245.0 246.0 245.0 244.0 245.0 245.0 244.0
244.0 245.0 249.0 251.0 249.0 248.0 251.0 249.0 248.0 249.0 251.0 247.0
20.591 80.6202 16.15 37.3003 29.9225 54.0741 32.5434 53.0509 0.477551 
52.0 37.0 42.0 13.0 11.0
241.0 236.0 209.0 238.0 237.0 202.0 232.0 214.0 238.0 238.0 222.0 239.0
243.0 244.0 243.0 244.0 243.0 237.0 246.0 216.0 243.0 244.0 229.0 242.0
244.0 244.0 239.0 247.0 245.0 231.0 246.0 212.0 240.0 239.0 235.0 243.0
242.0 243.0 245.0 245.0 246.0 245.0 245.0 245.0 245.0 246.0 245.0 244.0
244.0 244.0 248.0 250.0 250.0 249.0 251.0 250.0 250.0 250.0 249.0 247.0
20.4546 80.7318 15.7654 37.3003 30.6977 53.7037 32.9166 53.0509 0.477551 
55.0 44.0 43.0 13.0 11.0
241.0 236.0 206.0 238.0 237.0 200.0 232.0 213.0 238.0 238.0 221.0 239.0
242.0 244.0 242.0 243.0 242.0 235.0 246.0 210.0 242.0 244.0 228.0 243.0
244.0 243.0 239.0 246.0 246.0 230.0 245.0 210.0 240.0 238.0 235.0 244.0
242.0 244.0 246.0 246.0 246.0 246.0 246.0 244.0 245.0 245.0 245.0 244.0
243.0 244.0 250.0 250.0 250.0 248.0 252.0 250.0 249.0 250.0 250.0 245.0
20.591 80.955 15.3808 36.7597 31.0853 55.1852 33.6628 53.4659 0.477551 
56.0 49.0 45.0 13.0 10.0
241.0 235.0 204.0 238.0 238.0 199.0 232.0 212.0 238.0 238.0 219.0 238.0
242.0 243.0 241.0 243.0 242.0 234.0 246.0 205.0 244.0 244.0 228.0 243.0
244.0 244.0 239.0 247.0 245.0 229.0 245.0 209.0 240.0 238.0 235.0 243.0
242.0 244.0 246.0 246.0 246.0 245.0 246.0 244.0 245.0 245.0 245.0 244.0
246.0 245.0 250.0 250.0 249.0 248.0 251.0 251.0 249.0 250.0 249.0 245.0
20.591 81.2898 14.9962 36.7597 31.8605 55.9259 34.4091 53.8808 0.477551 
57.0 59.0 45.0 13.0 10.0
241.0 234.0 202.0 238.0 237.0 198.0 232.0 212.0 238.0 238.0 217.0 238.0
243.0 243.0 241.0 243.0 242.0 231.0 248.0 195.0 243.0 244.0 228.0 242.0
244.0 243.0 239.0 247.0 247.0 228.0 245.0 209.0 240.0 238.0 235.0 243.0
242.0 243.0 245.0 246.0 246.0 245.0 246.0 245.0 245.0 245.0 245.0 244.0
244.0 244.0 249.0 250.0 250.0 250.0 252.0 248.0 249.0 250.0 250.0 245.0
20.4546 81.2898 14.6115 36.7597 32.2481 56.2963 34.7822 53.8808 -0.0326531 
57.0 61.0 48.0 13.0 11.0
241.0 234.0 201.0 238.0 238.0 197.0 232.0 212.0 238.0 238.0 217.0 238.0
243.0 242.0 242.0 243.0 242.0 230.0 248.0 194.0 242.0 244.0 228.0 242.0
244.0 244.0 239.0 247.0 247.0 226.0 244.0 206.0 239.0 237.0 234.0 243.0
242.0 244.0 245.0 246.0 246.0 245.0 246.0 245.0 244.0 245.0 245.0 244.0
244.0 244.0 250.0 249.0 249.0 249.0 250.0 250.0 250.0 249.0 250.0 246.0
19.6364 81.1782 13.8423 36.7597 33.0233 57.7778 35.5285 54.7107 -0.0326531 
58.0 65.0 49.0 13.0 10.0
241.0 233.0 198.0 238.0 237.0 197.0 232.0 211.0 238.0 239.0 214.0 237.0
243.0 243.0 242.0 243.0 243.0 230.0 248.0 187.0 242.0 243.0 229.0 242.0
244.0 243.0 239.0 247.0 247.0 227.0 244.0 207.0 238.0 238.0 235.0 243.0
242.0 244.0 246.0 246.0 246.0 246.0 246.0 245.0 245.0 245.0 245.0 244.0
246.0 245.0 249.0 250.0 248.0 250.0 252.0 249.0 249.0 249.0 250.0 246.0
20.7273 81.4014 13.8423 36.7597 33.4109 57.7778 35.9016 54.7107 -0.0326531 
59.0 76.0 48.0 13.0 11.0
241.0 233.0 198.0 238.0 238.0 197.0 232.0 210.0 238.0 239.0 213.0 237.0
242.0 243.0 241.0 243.0 243.0 228.0 247.0 180.0 241.0 244.0 230.0 242.0
244.0 243.0 239.0 247.0 247.0 226.0 244.0 206.0 239.0 238.0 235.0 243.0
242.0 244.0 245.0 245.0 246.0 246.0 246.0 245.0 245.0 245.0 245.0 244.0
244.0 245.0 249.0 251.0 249.0 250.0 251.0 249.0 250.0 249.0 249.0 245.0
21 81.513 13.8423 36.7597 33.4109 57.7778 35.9016 54.7107 -0.0326531 
59.0 80.0 50.0 13.0 11.0
241.0 233.0 197.0 238.0 237.0 195.0 232.0 210.0 238.0 238.0 213.0 237.0
242.0 243.0 242.0 243.0 242.0 228.0 247.0 175.0 242.0 243.0 229.0 242.0
244.0 244.0 240.0 248.0 247.0 226.0 244.0 205.0 239.0 238.0 234.0 243.0
242.0 243.0 245.0 246.0 246.0 245.0 246.0 245.0 245.0 245.0 245.0 244.0
244.0 245.0 249.0 249.0 249.0 250.0 252.0 250.0 249.0 250.0 250.0 246.0
21.1364 81.513 13.8423 36.7597 33.4109 58.8889 35.9016 55.5405 -0.0326531 
60.0 87.0 50.0 13.0 11.0
240.0 232.0 196.0 237.0 237.0 195.0 232.0 209.0 238.0 238.0 212.0 237.0
243.0 243.0 242.0 243.0 242.0 226.0 247.0 168.0 241.0 244.0 229.0 243.0
244.0 244.0 239.0 247.0 247.0 225.0 244.0 204.0 238.0 238.0 234.0 242.0
242.0 244.0 245.0 246.0 246.0 246.0 246.0 245.0 245.0 245.0 245.0 244.0
244.0 244.0 249.0 251.0 249.0 249.0 250.0 250.0 249.0 249.0 250.0 246.0
21 81.6246 13.0731 36.7597 34.186 58.8889 36.6479 56.3704 -0.0326531 
61.0 98.0 49.0 13.0 12.0
241.0 232.0 194.0 237.0 237.0 194.0 232.0 209.0 238.0 239.0 211.0 237.0
242.0 243.0 241.0 243.0 242.0 224.0 246.0 157.0 240.0 243.0 229.0 243.0
244.0 243.0 239.0 248.0 247.0 226.0 244.0 206.0 237.0 238.0 236.0 243.0
242.0 243.0 245.0 246.0 246.0 245.0 246.0 245.0 245.0 245.0 245.0 244.0
244.0 244.0 249.0 250.0 250.0 249.0 250.0 250.0 248.0 249.0 251.0 247.0
21 81.4014 13.0731 36.7597 34.186 59.2593 36.6479 56.3704 -0.0326531 
61.0 98.0 48.0 13.0 11.0
241.0 232.0 194.0 237.0 238.0 194.0 232.0 210.0 238.0 238.0 210.0 237.0
242.0 243.0 242.0 243.0 242.0 225.0 246.0 155.0 241.0 243.0 228.0 242.0
244.0 243.0 239.0 247.0 247.0 226.0 244.0 207.0 237.0 237.0 236.0 242.0
242.0 244.0 246.0 246.0 245.0 245.0 245.0 245.0 245.0 246.0 245.0 244.0
244.0 244.0 249.0 250.0 250.0 249.0 250.0 249.0 249.0 251.0 250.0 246.0
21 81.2898 13.0731 36.7597 34.186 59.2593 36.6479 55.9555 -0.0326531 
61.0 102.0 48.0 13.0 11.0
241.0 232.0 194.0 237.0 237.0 194.0 232.0 209.0 238.0 238.0 210.0 237.0
243.0 243.0 241.0 243.0 242.0 224.0 246.0 152.0 241.0 243.0 228.0 243.0
244.0 243.0 239.0 247.0 247.0 227.0 244.0 207.0 237.0 237.0 236.0 243.0
242.0 244.0 245.0 246.0 246.0 245.0 245.0 245.0 244.0 246.0 245.0 244.0
244.0 244.0 250.0 251.0 249.0 250.0 251.0 251.0 249.0 249.0 250.0 246.0
21 81.2898 13.0731 36.7597 34.5736 58.8889 36.6479 55.9555 -0.0326531 
61.0 103.0 48.0 13.0 11.0
240.0 232.0 194.0 238.0 237.0 194.0 232.0 210.0 238.0 239.0 210.0 237.0
243.0 243.0 241.0 243.0 242.0 224.0 246.0 151.0 241.0 243.0 226.0 242.0
244.0 243.0 239.0 247.0 247.0 226.0 244.0 207.0 239.0 238.0 235.0 243.0
242.0 244.0 246.0 245.0 246.0 245.0 246.0 245.0 245.0 245.0 245.0 244.0
244.0 244.0 248.0 250.0 250.0 249.0 251.0 250.0 249.0 251.0 250.0 247.0
21 81.2898 13.0731 36.7597 34.5736 58.8889 36.6479 55.9555 -0.0326531 
62.0 105.0 48.0 13.0 11.0
241.0 231.0 193.0 238.0 237.0 194.0 232.0 209.0 238.0 239.0 210.0 237.0
242.0 242.0 241.0 243.0 241.0 224.0 246.0 149.0 241.0 243.0 227.0 242.0
244.0 243.0 239.0 247.0 247.0 226.0 244.0 207.0 237.0 238.0 236.0 243.0
242.0 244.0 246.0 245.0 245.0 245.0 246.0 244.0 245.0 246.0 245.0 244.0
244.0 245.0 250.0 251.0 251.0 250.0 250.0 249.0 248.0 249.0 249.0 246.0
