-10000
19.7728 79.7273 18.0731 21.0841 33.0233 46.6667 38.5136 27.3248 82.1102 
38.0 20.0 45.0 12.0 13.0
242.0 234.0 217.0 239.0 240.0 224.0 237.0 226.0 240.0 240.0 221.0 237.0
243.0 244.0 243.0 244.0 243.0 236.0 247.0 235.0 244.0 244.0 242.0 243.0
245.0 240.0 232.0 239.0 232.0 232.0 232.0 218.0 234.0 235.0 210.0 237.0
243.0 244.0 243.0 244.0 244.0 243.0 243.0 243.0 243.0 244.0 243.0 244.0
243.0 243.0 243.0 244.0 242.0 242.0 243.0 243.0 244.0 242.0 244.0 242.0
19.7728 80.0621 18.0731 22.1651 33.7984 46.2963 38.8867 29.3995 82.6204 
41.0 22.0 47.0 12.0 13.0
242.0 233.0 214.0 239.0 240.0 221.0 237.0 224.0 240.0 240.0 217.0 237.0
243.0 243.0 242.0 243.0 243.0 234.0 246.0 233.0 244.0 244.0 241.0 243.0
245.0 240.0 232.0 240.0 234.0 233.0 233.0 215.0 234.0 235.0 207.0 239.0
243.0 244.0 244.0 244.0 243.0 243.0 243.0 243.0 243.0 243.0 243.0 243.0
243.0 243.0 243.0 244.0 243.0 241.0 244.0 242.0 243.0 243.0 244.0 244.0
19.9091 80.1737 17.3038 22.1651 34.5736 47.037 39.2599 31.0592 83.1306 
44.0 26.0 46.0 12.0 13.0
242.0 232.0 211.0 239.0 239.0 220.0 236.0 223.0 240.0 239.0 214.0 236.0
243.0 243.0 242.0 243.0 244.0 233.0 247.0 230.0 244.0 244.0 241.0 243.0
245.0 241.0 231.0 241.0 234.0 231.0 233.0 211.0 235.0 236.0 208.0 238.0
243.0 244.0 244.0 243.0 243.0 243.0 243.0 243.0 243.0 243.0 243.0 243.0
243.0 244.0 243.0 244.0 243.0 242.0 244.0 241.0 243.0 242.0 242.0 243.0
19.6364 80.2854 16.5346 22.7057 35.3488 47.7778 39.633 33.5488 82.6204 
48.0 29.0 51.0 12.0 13.0
242.0 230.0 206.0 239.0 239.0 217.0 236.0 220.0 239.0 239.0 210.0 234.0
243.0 242.0 243.0 243.0 243.0 231.0 247.0 224.0 245.0 244.0 240.0 243.0
245.0 241.0 230.0 241.0 234.0 228.0 233.0 204.0 234.0 235.0 208.0 239.0
243.0 244.0 243.0 243.0 243.0 243.0 243.0 243.0 243.0 243.0 243.0 243.0
243.0 242.0 243.0 244.0 243.0 241.0 243.0 242.0 242.0 242.0 242.0 243.0
19.5 80.2854 16.5346 22.7057 35.3488 48.8889 39.633 34.3787 82.6204 
50.0 33.0 58.0 12.0 12.0
242.0 229.0 204.0 239.0 239.0 216.0 236.0 220.0 239.0 239.0 207.0 233.0
243.0 243.0 242.0 243.0 243.0 229.0 247.0 222.0 244.0 244.0 241.0 242.0
244.0 241.0 230.0 240.0 234.0 227.0 233.0 197.0 233.0 235.0 207.0 240.0
243.0 244.0 244.0 243.0 243.0 243.0 243.0 243.0 243.0 243.0 243.0 243.0
243.0 242.0 243.0 243.0 242.0 242.0 243.0 242.0 243.0 242.0 243.0 244.0
19.7728 80.2854 16.15 22.1651 35.7364 49.2593 40.0061 35.2086 83.1306 
53.0 36.0 62.0 12.0 13.0
242.0 227.0 202.0 239.0 239.0 216.0 236.0 220.0 240.0 239.0 205.0 232.0
243.0 243.0 241.0 243.0 243.0 227.0 248.0 219.0 245.0 244.0 241.0 242.0
245.0 241.0 230.0 240.0 233.0 225.0 233.0 192.0 232.0 234.0 205.0 240.0
243.0 244.0 244.0 243.0 243.0 243.0 243.0 243.0 243.0 244.0 243.0 244.0
244.0 242.0 243.0 243.0 243.0 243.0 242.0 242.0 243.0 243.0 243.0 243.0
20.3182 80.397 16.15 22.1651 35.7364 48.8889 40.0061 35.6235 82.6204 
55.0 36.0 67.0 12.0 13.0
242.0 226.0 200.0 239.0 239.0 215.0 236.0 219.0 239.0 239.0 203.0 231.0
243.0 243.0 242.0 243.0 243.0 227.0 247.0 219.0 244.0 244.0 240.0 243.0
244.0 240.0 228.0 239.0 233.0 223.0 232.0 186.0 231.0 233.0 204.0 240.0
243.0 244.0 243.0 243.0 243.0 243.0 243.0 243.0 243.0 243.0 243.0 243.0
244.0 242.0 244.0 244.0 242.0 243.0 243.0 242.0 243.0 242.0 243.0 244.0
20.1819 80.397 16.15 22.1651 35.7364 49.6296 40.0061 36.4534 83.1306 
55.0 36.0 71.0 12.0 13.0
242.0 225.0 199.0 238.0 239.0 215.0 235.0 218.0 239.0 239.0 202.0 231.0
243.0 243.0 242.0 243.0 243.0 227.0 248.0 218.0 244.0 244.0 241.0 243.0
244.0 241.0 228.0 240.0 234.0 222.0 234.0 183.0 232.0 233.0 203.0 241.0
243.0 244.0 244.0 244.0 244.0 243.0 244.0 243.0 243.0 243.0 243.0 243.0
244.0 243.0 243.0 244.0 242.0 242.0 243.0 243.0 243.0 243.0 243.0 243.0
20.0455 80.397 16.15 22.1651 35.7364 49.6296 39.633 36.8683 83.1306 
57.0 36.0 74.0 12.0 13.0
242.0 225.0 198.0 238.0 239.0 214.0 235.0 217.0 239.0 239.0 202.0 230.0
243.0 242.0 241.0 243.0 243.0 228.0 248.0 218.0 244.0 244.0 240.0 242.0
244.0 241.0 228.0 239.0 232.0 221.0 234.0 181.0 231.0 233.0 203.0 240.0
243.0 244.0 243.0 244.0 243.0 243.0 243.0 243.0 243.0 243.0 243.0 243.0
243.0 243.0 242.0 244.0 242.0 243.0 243.0 242.0 242.0 243.0 242.0 243.0
19.7728 80.2854 16.15 22.7057 35.7364 49.6296 40.0061 36.4534 83.1306 
58.0 37.0 76.0 12.0 13.0
242.0 224.0 196.0 238.0 239.0 213.0 235.0 217.0 239.0 239.0 199.0 231.0
243.0 243.0 242.0 243.0 243.0 227.0 247.0 219.0 244.0 244.0 241.0 243.0
244.0 240.0 227.0 239.0 233.0 221.0 233.0 178.0 232.0 232.0 200.0 239.0
243.0 244.0 244.0 243.0 243.0 243.0 244.0 243.0 243.0 243.0 243.0 243.0
243.0 244.0 244.0 244.0 243.0 243.0 243.0 242.0 243.0 242.0 243.0 243.0
19.7728 80.2854 16.15 22.7057 35.7364 49.6296 40.0061 36.4534 83.1306 
60.0 36.0 80.0 12.0 13.0
242.0 224.0 196.0 238.0 239.0 212.0 235.0 216.0 239.0 239.0 198.0 230.0
243.0 242.0 242.0 243.0 243.0 227.0 248.0 219.0 244.0 244.0 242.0 243.0
244.0 241.0 227.0 239.0 232.0 219.0 234.0 175.0 231.0 233.0 200.0 240.0
243.0 243.0 244.0 243.0 244.0 244.0 243.0 243.0 243.0 243.0 243.0 243.0
243.0 243.0 243.0 244.0 243.0 242.0 242.0 244.0 243.0 242.0 243.0 243.0
19.7728 80.1737 16.15 23.2462 35.7364 49.6296 40.0061 36.4534 83.1306 
61.0 36.0 82.0 12.0 13.0
242.0 224.0 194.0 238.0 239.0 212.0 235.0 216.0 239.0 239.0 197.0 230.0
242.0 244.0 241.0 243.0 243.0 227.0 248.0 218.0 244.0 244.0 241.0 242.0
244.0 241.0 227.0 239.0 232.0 219.0 233.0 173.0 231.0 232.0 198.0 240.0
243.0 244.0 243.0 244.0 244.0 244.0 244.0 243.0 243.0 243.0 243.0 243.0
244.0 243.0 244.0 244.0 242.0 243.0 243.0 242.0 244.0 243.0 242.0 244.0
