-10000
19.6364 79.9505 18.0731 23.2462 31.0853 45.5556 37.3942 29.3995 82.1102 
38.0 18.0 49.0 12.0 13.0
242.0 238.0 218.0 240.0 239.0 217.0 235.0 219.0 239.0 240.0 223.0 239.0
244.0 243.0 244.0 244.0 243.0 240.0 245.0 238.0 244.0 244.0 244.0 243.0
243.0 239.0 231.0 235.0 232.0 228.0 231.0 205.0 234.0 234.0 215.0 240.0
243.0 244.0 244.0 243.0 243.0 243.0 243.0 244.0 243.0 243.0 243.0 244.0
243.0 243.0 244.0 244.0 243.0 241.0 243.0 242.0 243.0 243.0 242.0 244.0
19.6364 80.1737 18.0731 23.2462 31.0853 48.5185 38.8867 28.9845 82.6204 
39.0 18.0 54.0 12.0 13.0
242.0 237.0 217.0 239.0 239.0 216.0 234.0 218.0 239.0 240.0 222.0 239.0
243.0 243.0 243.0 243.0 243.0 240.0 246.0 238.0 244.0 244.0 243.0 243.0
243.0 239.0 231.0 235.0 231.0 226.0 231.0 200.0 233.0 235.0 213.0 240.0
243.0 243.0 243.0 243.0 243.0 243.0 244.0 243.0 243.0 243.0 243.0 243.0
243.0 243.0 243.0 244.0 243.0 243.0 243.0 241.0 242.0 242.0 243.0 243.0
19.6364 80.397 17.3038 23.2462 34.5736 49.2593 40.0061 31.0592 82.6204 
41.0 20.0 59.0 12.0 13.0
242.0 236.0 214.0 239.0 239.0 213.0 235.0 216.0 239.0 239.0 219.0 239.0
243.0 242.0 243.0 243.0 243.0 239.0 247.0 234.0 244.0 244.0 243.0 243.0
242.0 239.0 229.0 234.0 231.0 225.0 232.0 195.0 233.0 234.0 216.0 240.0
243.0 244.0 243.0 243.0 244.0 243.0 244.0 244.0 243.0 243.0 243.0 243.0
244.0 243.0 244.0 244.0 242.0 243.0 243.0 243.0 242.0 244.0 243.0 241.0
19.7728 80.2854 16.9192 22.7057 34.9612 50.3704 40.3793 33.1339 82.6204 
44.0 21.0 72.0 12.0 13.0
242.0 235.0 210.0 239.0 238.0 211.0 234.0 213.0 239.0 240.0 215.0 238.0
243.0 242.0 243.0 242.0 243.0 239.0 246.0 234.0 244.0 244.0 243.0 242.0
243.0 240.0 229.0 235.0 232.0 220.0 232.0 183.0 233.0 234.0 216.0 241.0
243.0 243.0 244.0 243.0 243.0 243.0 244.0 244.0 243.0 243.0 243.0 244.0
243.0 242.0 243.0 244.0 242.0 244.0 242.0 243.0 243.0 242.0 242.0 243.0
19.7728 80.2854 16.5346 22.7057 35.7364 50.7407 40.3793 34.7937 82.6204 
47.0 26.0 77.0 12.0 13.0
242.0 235.0 207.0 238.0 239.0 208.0 234.0 211.0 239.0 239.0 212.0 237.0
242.0 243.0 243.0 242.0 242.0 237.0 246.0 230.0 244.0 244.0 243.0 243.0
242.0 239.0 230.0 236.0 232.0 218.0 232.0 179.0 233.0 234.0 217.0 240.0
243.0 244.0 243.0 244.0 243.0 243.0 243.0 243.0 243.0 244.0 243.0 243.0
243.0 243.0 243.0 244.0 243.0 242.0 243.0 242.0 242.0 243.0 243.0 243.0
20.4546 80.5086 16.5346 22.1651 36.124 50.7407 40.3793 35.6235 82.6204 
51.0 29.0 83.0 12.0 13.0
242.0 234.0 203.0 238.0 238.0 206.0 234.0 209.0 239.0 239.0 208.0 237.0
243.0 242.0 243.0 243.0 242.0 237.0 246.0 226.0 244.0 244.0 243.0 243.0
242.0 240.0 229.0 234.0 233.0 217.0 232.0 171.0 231.0 234.0 218.0 242.0
243.0 243.0 243.0 244.0 243.0 243.0 243.0 244.0 243.0 243.0 243.0 243.0
243.0 241.0 244.0 244.0 243.0 242.0 243.0 243.0 243.0 242.0 242.0 244.0
20.7273 80.5086 16.5346 22.1651 36.124 50.7407 40.3793 36.4534 82.6204 
53.0 28.0 87.0 12.0 13.0
242.0 234.0 202.0 238.0 239.0 205.0 233.0 208.0 239.0 239.0 207.0 236.0
244.0 242.0 243.0 242.0 243.0 236.0 246.0 226.0 244.0 244.0 243.0 243.0
241.0 239.0 228.0 234.0 233.0 215.0 232.0 167.0 232.0 234.0 218.0 241.0
243.0 244.0 244.0 243.0 244.0 243.0 243.0 243.0 243.0 243.0 243.0 243.0
243.0 243.0 243.0 243.0 243.0 243.0 242.0 243.0 243.0 242.0 243.0 243.0
20.591 80.5086 16.5346 21.6246 36.124 50.7407 40.3793 36.0385 82.6204 
54.0 27.0 91.0 12.0 13.0
242.0 233.0 200.0 238.0 238.0 203.0 233.0 206.0 239.0 239.0 205.0 236.0
243.0 242.0 244.0 242.0 243.0 236.0 246.0 227.0 244.0 244.0 244.0 242.0
242.0 240.0 228.0 235.0 232.0 214.0 232.0 163.0 232.0 233.0 218.0 242.0
243.0 244.0 243.0 243.0 243.0 244.0 243.0 243.0 243.0 243.0 243.0 243.0
244.0 243.0 243.0 244.0 243.0 242.0 243.0 242.0 243.0 242.0 243.0 244.0
20.591 80.397 16.5346 21.6246 36.124 50.7407 40.3793 36.4534 82.6204 
56.0 28.0 95.0 12.0 13.0
242.0 233.0 200.0 238.0 238.0 203.0 233.0 206.0 239.0 238.0 204.0 236.0
243.0 243.0 243.0 243.0 243.0 236.0 246.0 227.0 244.0 244.0 243.0 242.0
241.0 239.0 228.0 234.0 232.0 213.0 232.0 161.0 231.0 233.0 217.0 242.0
243.0 244.0 244.0 243.0 243.0 243.0 243.0 243.0 243.0 243.0 243.0 243.0
244.0 244.0 243.0 244.0 242.0 243.0 242.0 243.0 243.0 243.0 243.0 242.0
20.3182 80.2854 16.5346 21.6246 36.124 50.7407 40.7524 36.4534 82.6204 
57.0 28.0 96.0 12.0 13.0
242.0 233.0 198.0 238.0 238.0 202.0 233.0 205.0 238.0 239.0 203.0 236.0
243.0 242.0 242.0 243.0 242.0 237.0 246.0 227.0 244.0 244.0 243.0 243.0
241.0 239.0 227.0 234.0 232.0 212.0 232.0 158.0 231.0 233.0 216.0 242.0
243.0 244.0 243.0 243.0 244.0 243.0 244.0 243.0 244.0 243.0 243.0 243.0
243.0 243.0 243.0 244.0 243.0 242.0 243.0 242.0 243.0 242.0 243.0 243.0
20.1819 80.2854 16.5346 21.6246 36.124 50.7407 40.3793 36.4534 82.6204 
58.0 28.0 99.0 12.0 13.0
242.0 233.0 197.0 238.0 238.0 201.0 233.0 204.0 238.0 239.0 202.0 236.0
243.0 243.0 243.0 243.0 242.0 237.0 246.0 227.0 244.0 244.0 243.0 242.0
241.0 240.0 227.0 233.0 231.0 212.0 231.0 157.0 231.0 234.0 216.0 242.0
243.0 244.0 244.0 243.0 244.0 243.0 243.0 243.0 243.0 243.0 243.0 243.0
243.0 242.0 242.0 244.0 243.0 242.0 243.0 242.0 243.0 241.0 242.0 244.0
20.3182 80.2854 16.9192 21.6246 36.124 51.1111 40.7524 36.8683 82.6204 
59.0 28.0 101.0 12.0 13.0
242.0 232.0 196.0 238.0 238.0 199.0 233.0 203.0 238.0 239.0 201.0 235.0
244.0 242.0 242.0 243.0 242.0 237.0 246.0 227.0 244.0 244.0 243.0 243.0
241.0 239.0 227.0 234.0 232.0 211.0 232.0 154.0 231.0 233.0 216.0 242.0
243.0 244.0 243.0 243.0 243.0 243.0 243.0 243.0 243.0 243.0 243.0 243.0
243.0 243.0 243.0 244.0 242.0 243.0 242.0 242.0 243.0 243.0 243.0 243.0
20.3182 80.397 16.5346 21.6246 36.124 51.1111 40.3793 37.6982 82.6204 
60.0 29.0 104.0 12.0 13.0
241.0 232.0 195.0 238.0 239.0 199.0 233.0 203.0 239.0 239.0 200.0 236.0
242.0 243.0 242.0 243.0 243.0 236.0 246.0 227.0 244.0 244.0 243.0 242.0
241.0 240.0 227.0 233.0 233.0 209.0 231.0 150.0 231.0 232.0 217.0 243.0
243.0 244.0 243.0 243.0 243.0 243.0 243.0 244.0 243.0 243.0 243.0 243.0
243.0 243.0 244.0 244.0 243.0 243.0 243.0 242.0 244.0 243.0 242.0 244.0
