-10000
21 79.8389 16.5346 37.3003 26.4341 52.963 33.2897 33.5488 -1.05306 
42.0 37.0 18.0 13.0 11.0
241.0 238.0 222.0 239.0 238.0 213.0 232.0 220.0 238.0 239.0 229.0 240.0
242.0 242.0 242.0 243.0 243.0 240.0 248.0 218.0 243.0 244.0 231.0 242.0
246.0 242.0 246.0 247.0 242.0 243.0 239.0 236.0 239.0 241.0 237.0 239.0
241.0 243.0 245.0 245.0 245.0 245.0 245.0 244.0 244.0 245.0 244.0 243.0
244.0 244.0 249.0 250.0 249.0 249.0 251.0 250.0 248.0 249.0 249.0 247.0
21.1364 80.1737 18.8423 38.3814 27.5969 52.5926 33.6628 36.8683 -0.0326531 
46.0 40.0 23.0 13.0 11.0
241.0 238.0 222.0 239.0 237.0 209.0 231.0 216.0 238.0 239.0 228.0 240.0
242.0 242.0 243.0 243.0 243.0 238.0 248.0 214.0 242.0 244.0 229.0 243.0
246.0 241.0 244.0 248.0 244.0 243.0 240.0 232.0 239.0 240.0 234.0 240.0
242.0 244.0 245.0 245.0 245.0 245.0 245.0 245.0 244.0 245.0 245.0 244.0
244.0 244.0 248.0 249.0 249.0 248.0 249.0 250.0 247.0 248.0 249.0 245.0
21 80.8434 15.7654 37.8408 30.3101 56.2963 34.4091 44.3372 0.477551 
54.0 46.0 29.0 13.0 12.0
241.0 237.0 215.0 238.0 236.0 201.0 230.0 208.0 238.0 238.0 223.0 240.0
243.0 243.0 242.0 243.0 242.0 234.0 248.0 209.0 241.0 244.0 235.0 242.0
246.0 242.0 244.0 248.0 245.0 241.0 241.0 226.0 238.0 239.0 237.0 241.0
242.0 243.0 245.0 245.0 245.0 244.0 245.0 244.0 244.0 245.0 244.0 244.0
243.0 244.0 249.0 250.0 249.0 249.0 250.0 249.0 248.0 249.0 249.0 245.0
21 80.8434 15.3808 37.3003 30.3101 58.8889 34.7822 46.4119 0.477551 
56.0 48.0 31.0 13.0 11.0
241.0 237.0 212.0 238.0 237.0 199.0 231.0 207.0 238.0 239.0 221.0 239.0
242.0 243.0 241.0 243.0 241.0 233.0 248.0 208.0 241.0 244.0 237.0 242.0
245.0 243.0 244.0 248.0 245.0 239.0 241.0 224.0 237.0 239.0 238.0 240.0
242.0 243.0 245.0 245.0 245.0 245.0 245.0 244.0 244.0 245.0 245.0 243.0
244.0 244.0 248.0 250.0 248.0 249.0 249.0 249.0 248.0 248.0 250.0 246.0
21 81.0666 14.9962 36.7597 31.4729 59.2593 35.1554 48.4866 0.477551 
58.0 54.0 32.0 13.0 11.0
241.0 236.0 209.0 238.0 237.0 197.0 231.0 205.0 238.0 239.0 218.0 239.0
242.0 243.0 242.0 243.0 242.0 230.0 247.0 199.0 240.0 244.0 237.0 242.0
245.0 242.0 244.0 248.0 246.0 239.0 241.0 222.0 237.0 239.0 237.0 241.0
242.0 243.0 245.0 245.0 246.0 244.0 246.0 245.0 244.0 245.0 244.0 244.0
244.0 244.0 249.0 250.0 248.0 249.0 251.0 249.0 248.0 249.0 249.0 246.0
20.8637 81.1782 14.6115 37.3003 31.8605 59.2593 35.5285 49.3165 0.477551 
59.0 57.0 35.0 13.0 11.0
240.0 235.0 208.0 238.0 237.0 196.0 231.0 204.0 238.0 239.0 217.0 239.0
242.0 243.0 242.0 243.0 242.0 230.0 246.0 198.0 239.0 243.0 237.0 242.0
244.0 242.0 243.0 248.0 247.0 236.0 243.0 220.0 236.0 238.0 237.0 241.0
242.0 243.0 245.0 245.0 245.0 245.0 245.0 244.0 244.0 245.0 245.0 243.0
244.0 244.0 250.0 249.0 249.0 251.0 250.0 249.0 248.0 248.0 249.0 247.0
21 81.2898 14.2269 37.8408 32.2481 59.2593 35.9016 50.1463 0.477551 
60.0 60.0 38.0 13.0 11.0
241.0 236.0 207.0 237.0 236.0 194.0 230.0 201.0 238.0 239.0 216.0 238.0
243.0 242.0 242.0 242.0 242.0 228.0 246.0 193.0 239.0 243.0 238.0 242.0
245.0 242.0 242.0 248.0 247.0 235.0 242.0 217.0 236.0 238.0 237.0 241.0
242.0 243.0 245.0 245.0 245.0 244.0 245.0 244.0 244.0 245.0 245.0 244.0
244.0 245.0 250.0 250.0 249.0 249.0 250.0 250.0 248.0 249.0 249.0 247.0
21 81.4014 14.2269 37.3003 32.6357 59.2593 35.9016 50.9762 0.477551 
61.0 67.0 39.0 13.0 11.0
241.0 235.0 206.0 238.0 237.0 193.0 230.0 202.0 238.0 239.0 215.0 238.0
243.0 243.0 243.0 243.0 242.0 226.0 246.0 189.0 238.0 243.0 238.0 242.0
245.0 242.0 243.0 248.0 247.0 234.0 242.0 216.0 236.0 238.0 237.0 242.0
242.0 244.0 245.0 245.0 245.0 244.0 245.0 244.0 244.0 245.0 244.0 243.0
244.0 245.0 249.0 251.0 249.0 249.0 250.0 250.0 249.0 249.0 249.0 247.0
20.8637 81.1782 13.8423 37.3003 33.0233 59.6296 35.9016 51.8061 0.477551 
62.0 69.0 41.0 13.0 11.0
241.0 235.0 205.0 238.0 237.0 192.0 230.0 201.0 238.0 239.0 214.0 238.0
242.0 242.0 242.0 243.0 242.0 225.0 245.0 185.0 238.0 242.0 237.0 242.0
244.0 242.0 243.0 248.0 248.0 234.0 243.0 214.0 236.0 237.0 236.0 241.0
242.0 244.0 245.0 245.0 245.0 245.0 245.0 244.0 244.0 245.0 244.0 244.0
244.0 245.0 249.0 249.0 248.0 250.0 250.0 251.0 248.0 249.0 249.0 248.0
20.8637 80.955 14.2269 36.7597 32.6357 60.7407 36.2748 52.221 0.477551 
64.0 71.0 43.0 13.0 11.0
241.0 235.0 203.0 238.0 237.0 191.0 230.0 200.0 238.0 239.0 211.0 238.0
243.0 242.0 241.0 243.0 242.0 225.0 244.0 182.0 237.0 242.0 238.0 242.0
245.0 243.0 243.0 248.0 248.0 231.0 242.0 212.0 235.0 237.0 236.0 242.0
242.0 243.0 245.0 246.0 245.0 244.0 245.0 244.0 244.0 245.0 244.0 244.0
244.0 245.0 250.0 250.0 250.0 249.0 251.0 249.0 248.0 249.0 249.0 247.0
21 81.1782 13.8423 36.7597 33.4109 60.3704 36.2748 52.636 0.477551 
65.0 82.0 41.0 13.0 11.0
240.0 235.0 201.0 238.0 237.0 190.0 230.0 199.0 237.0 239.0 210.0 238.0
242.0 243.0 241.0 242.0 241.0 223.0 243.0 173.0 237.0 241.0 238.0 242.0
244.0 243.0 243.0 248.0 248.0 233.0 243.0 213.0 235.0 237.0 236.0 242.0
242.0 243.0 245.0 245.0 245.0 245.0 245.0 244.0 244.0 245.0 244.0 243.0
244.0 245.0 250.0 251.0 249.0 249.0 251.0 250.0 249.0 248.0 250.0 246.0
21.1364 81.1782 13.8423 37.8408 33.7984 60.3704 36.6479 53.0509 0.987755 
66.0 83.0 44.0 13.0 10.0
241.0 235.0 201.0 237.0 237.0 189.0 230.0 197.0 238.0 239.0 210.0 238.0
242.0 243.0 242.0 242.0 241.0 223.0 243.0 171.0 237.0 242.0 237.0 242.0
244.0 242.0 242.0 248.0 248.0 232.0 242.0 211.0 235.0 237.0 236.0 242.0
241.0 243.0 245.0 245.0 245.0 244.0 245.0 245.0 244.0 245.0 244.0 244.0
244.0 244.0 249.0 250.0 249.0 249.0 251.0 250.0 248.0 250.0 249.0 248.0
21.1364 81.1782 13.8423 37.8408 33.7984 60.3704 36.6479 53.0509 0.477551 
67.0 86.0 46.0 13.0 11.0
241.0 234.0 200.0 237.0 237.0 187.0 229.0 196.0 237.0 239.0 209.0 238.0
242.0 242.0 242.0 242.0 242.0 222.0 242.0 168.0 235.0 241.0 238.0 242.0
244.0 243.0 243.0 248.0 248.0 230.0 243.0 208.0 235.0 237.0 236.0 242.0
242.0 243.0 245.0 245.0 245.0 244.0 245.0 245.0 244.0 245.0 244.0 244.0
244.0 245.0 248.0 251.0 249.0 250.0 250.0 250.0 248.0 249.0 250.0 246.0
21.1364 81.0666 13.8423 37.3003 33.7984 60.3704 37.021 53.0509 0.987755 
68.0 88.0 48.0 13.0 11.0
240.0 234.0 199.0 238.0 237.0 187.0 230.0 195.0 237.0 239.0 208.0 238.0
242.0 243.0 242.0 243.0 241.0 223.0 242.0 167.0 236.0 241.0 238.0 242.0
244.0 243.0 243.0 248.0 248.0 230.0 243.0 208.0 235.0 237.0 235.0 242.0
242.0 244.0 245.0 245.0 245.0 244.0 245.0 245.0 244.0 245.0 245.0 243.0
245.0 245.0 249.0 250.0 249.0 249.0 249.0 250.0 247.0 250.0 250.0 246.0
