-10000
21.2728 79.5041 9.99615 0.00297297 40 66.6667 33.2897 46.4119 2.00816 
22.0 15.0 19.0 14.0 12.0
242.0 235.0 233.0 241.0 241.0 238.0 240.0 237.0 241.0 241.0 236.0 237.0
243.0 243.0 244.0 243.0 242.0 242.0 242.0 240.0 243.0 243.0 242.0 242.0
243.0 244.0 243.0 242.0 244.0 243.0 244.0 243.0 242.0 242.0 241.0 242.0
242.0 243.0 244.0 244.0 244.0 244.0 243.0 243.0 244.0 244.0 244.0 242.0
244.0 244.0 246.0 248.0 247.0 246.0 247.0 246.0 246.0 246.0 247.0 245.0
21.1364 79.3925 9.99615 0.00297297 40 67.037 32.9166 48.4866 2.00816 
22.0 15.0 23.0 14.0 12.0
242.0 235.0 233.0 241.0 241.0 238.0 241.0 237.0 241.0 241.0 235.0 237.0
243.0 243.0 244.0 243.0 242.0 242.0 242.0 240.0 243.0 243.0 242.0 242.0
242.0 243.0 238.0 240.0 241.0 237.0 240.0 231.0 239.0 239.0 236.0 242.0
241.0 243.0 244.0 244.0 244.0 244.0 244.0 243.0 244.0 244.0 244.0 243.0
244.0 244.0 247.0 247.0 247.0 247.0 247.0 247.0 246.0 246.0 246.0 244.0
21.1364 79.3925 9.99615 0.00297297 40 67.037 32.5434 50.1463 2.51837 
22.0 15.0 26.0 14.0 11.0
242.0 235.0 233.0 241.0 241.0 237.0 240.0 238.0 241.0 241.0 236.0 236.0
243.0 243.0 244.0 243.0 242.0 242.0 242.0 240.0 243.0 243.0 242.0 242.0
242.0 243.0 238.0 239.0 240.0 236.0 240.0 228.0 239.0 238.0 236.0 241.0
242.0 244.0 244.0 244.0 244.0 244.0 244.0 243.0 244.0 244.0 243.0 243.0
244.0 244.0 246.0 247.0 246.0 246.0 248.0 247.0 246.0 246.0 247.0 244.0
21.1364 79.2809 11.15 0.00297297 39.6124 67.037 31.7972 51.3912 2.51837 
25.0 15.0 28.0 13.0 11.0
242.0 228.0 231.0 240.0 241.0 237.0 240.0 237.0 241.0 241.0 233.0 232.0
243.0 243.0 244.0 243.0 242.0 242.0 242.0 240.0 243.0 243.0 242.0 242.0
242.0 243.0 238.0 239.0 240.0 235.0 240.0 227.0 238.0 239.0 235.0 241.0
242.0 244.0 244.0 244.0 244.0 244.0 243.0 243.0 244.0 244.0 244.0 242.0
243.0 244.0 247.0 248.0 246.0 247.0 246.0 247.0 246.0 246.0 247.0 244.0
21.1364 79.1693 12.3038 -0.537568 38.8372 66.6667 31.424 52.221 3.53878 
32.0 15.0 31.0 13.0 12.0
242.0 221.0 228.0 240.0 240.0 236.0 239.0 236.0 241.0 240.0 231.0 227.0
243.0 243.0 244.0 243.0 242.0 242.0 242.0 240.0 243.0 243.0 242.0 242.0
242.0 242.0 237.0 238.0 239.0 233.0 238.0 222.0 237.0 238.0 233.0 241.0
241.0 243.0 244.0 244.0 244.0 244.0 243.0 242.0 244.0 244.0 243.0 243.0
244.0 244.0 247.0 247.0 247.0 246.0 247.0 246.0 246.0 246.0 247.0 245.0
21.2728 78.9461 13.4577 -0.537568 38.4496 66.2963 32.1703 51.8061 4.55918 
39.0 15.0 36.0 13.0 11.0
242.0 216.0 226.0 239.0 240.0 235.0 239.0 235.0 241.0 240.0 229.0 224.0
243.0 243.0 244.0 243.0 242.0 242.0 242.0 240.0 243.0 243.0 242.0 242.0
242.0 242.0 236.0 238.0 238.0 231.0 237.0 219.0 236.0 237.0 233.0 241.0
242.0 243.0 244.0 244.0 244.0 244.0 243.0 243.0 244.0 244.0 244.0 243.0
244.0 244.0 247.0 247.0 247.0 247.0 247.0 246.0 246.0 247.0 247.0 245.0
21.2728 78.8345 14.6115 -0.537568 37.6744 65.5556 32.9166 51.8061 5.06939 
42.0 15.0 39.0 13.0 11.0
242.0 212.0 224.0 239.0 240.0 235.0 239.0 235.0 241.0 240.0 228.0 222.0
243.0 243.0 244.0 243.0 242.0 242.0 242.0 240.0 243.0 243.0 242.0 242.0
241.0 242.0 236.0 237.0 238.0 230.0 238.0 216.0 236.0 237.0 232.0 241.0
242.0 243.0 244.0 244.0 244.0 244.0 243.0 243.0 243.0 244.0 243.0 242.0
244.0 244.0 248.0 248.0 247.0 247.0 247.0 247.0 246.0 246.0 247.0 244.0
21.2728 78.7229 14.9962 -0.537568 37.2868 65.1852 33.6628 52.636 5.57959 
44.0 15.0 41.0 14.0 11.0
242.0 210.0 223.0 239.0 240.0 235.0 239.0 235.0 241.0 240.0 228.0 221.0
243.0 243.0 244.0 243.0 242.0 242.0 242.0 240.0 243.0 243.0 242.0 242.0
241.0 242.0 235.0 237.0 238.0 229.0 238.0 214.0 236.0 237.0 233.0 241.0
242.0 243.0 244.0 244.0 245.0 244.0 243.0 243.0 244.0 244.0 243.0 243.0
244.0 243.0 246.0 248.0 246.0 247.0 246.0 246.0 246.0 246.0 248.0 244.0
21.1364 78.6112 14.9962 -0.537568 37.2868 65.1852 34.4091 53.4659 5.06939 
46.0 15.0 43.0 13.0 12.0
242.0 210.0 223.0 239.0 240.0 234.0 239.0 234.0 240.0 240.0 228.0 221.0
243.0 243.0 244.0 243.0 242.0 242.0 242.0 240.0 243.0 243.0 242.0 242.0
242.0 242.0 235.0 237.0 238.0 228.0 237.0 212.0 235.0 237.0 233.0 242.0
242.0 243.0 244.0 244.0 244.0 244.0 244.0 243.0 243.0 244.0 243.0 243.0
243.0 244.0 246.0 248.0 247.0 247.0 248.0 246.0 246.0 247.0 248.0 245.0
21.1364 78.4996 15.7654 -0.537568 36.8992 64.8148 34.7822 54.7107 6.0898 
47.0 15.0 43.0 13.0 12.0
242.0 208.0 222.0 239.0 240.0 234.0 240.0 234.0 240.0 240.0 227.0 220.0
244.0 243.0 244.0 243.0 242.0 242.0 242.0 240.0 243.0 243.0 242.0 242.0
241.0 242.0 235.0 236.0 238.0 228.0 236.0 212.0 235.0 237.0 233.0 242.0
241.0 243.0 244.0 244.0 244.0 244.0 243.0 243.0 244.0 244.0 243.0 242.0
244.0 244.0 248.0 248.0 246.0 246.0 247.0 247.0 246.0 246.0 246.0 244.0
21.1364 78.388 16.5346 -0.537568 36.5116 64.8148 35.5285 54.7107 5.57959 
50.0 15.0 45.0 13.0 11.0
242.0 205.0 221.0 239.0 240.0 233.0 239.0 234.0 240.0 240.0 225.0 218.0
243.0 243.0 244.0 243.0 242.0 242.0 242.0 240.0 243.0 243.0 242.0 242.0
241.0 242.0 235.0 236.0 238.0 226.0 235.0 210.0 235.0 236.0 232.0 242.0
242.0 243.0 244.0 244.0 244.0 244.0 243.0 243.0 244.0 244.0 243.0 243.0
244.0 244.0 247.0 248.0 247.0 246.0 248.0 247.0 246.0 246.0 247.0 244.0
21.2728 78.388 17.3038 -0.537568 35.7364 64.0741 35.9016 54.7107 6.0898 
51.0 15.0 46.0 13.0 12.0
242.0 204.0 219.0 239.0 240.0 233.0 238.0 234.0 240.0 240.0 225.0 218.0
243.0 243.0 244.0 243.0 242.0 242.0 242.0 240.0 243.0 243.0 242.0 242.0
241.0 242.0 235.0 236.0 238.0 226.0 235.0 209.0 235.0 236.0 232.0 241.0
242.0 243.0 244.0 244.0 244.0 244.0 243.0 243.0 243.0 244.0 244.0 243.0
244.0 244.0 246.0 248.0 246.0 247.0 247.0 246.0 245.0 247.0 247.0 244.0
