-10000
21.1364 79.3925 9.99615 40.003 35.7364 27.4074 36.2748 29.3995 0.477551 
37.0 23.0 17.0 12.0 11.0
242.0 240.0 224.0 239.0 238.0 218.0 233.0 221.0 239.0 240.0 229.0 240.0
242.0 243.0 243.0 244.0 242.0 242.0 243.0 240.0 243.0 244.0 233.0 241.0
243.0 244.0 243.0 244.0 244.0 245.0 246.0 241.0 242.0 241.0 238.0 243.0
242.0 244.0 246.0 247.0 246.0 246.0 247.0 246.0 245.0 246.0 245.0 244.0
244.0 245.0 250.0 251.0 251.0 250.0 253.0 251.0 250.0 250.0 250.0 246.0
21.1364 79.5041 9.99615 40.5435 34.9612 31.8519 35.9016 33.1339 0.477551 
37.0 23.0 19.0 13.0 10.0
241.0 239.0 222.0 239.0 238.0 217.0 233.0 219.0 239.0 239.0 229.0 240.0
243.0 243.0 243.0 243.0 243.0 242.0 244.0 239.0 243.0 244.0 231.0 242.0
244.0 244.0 242.0 244.0 244.0 244.0 245.0 238.0 241.0 241.0 235.0 244.0
242.0 244.0 247.0 246.0 246.0 246.0 246.0 246.0 245.0 246.0 246.0 244.0
245.0 244.0 250.0 251.0 250.0 250.0 251.0 249.0 250.0 250.0 251.0 246.0
21.1364 79.5041 13.8423 40.003 32.2481 48.8889 35.5285 43.9223 0.987755 
41.0 25.0 26.0 13.0 10.0
242.0 238.0 221.0 239.0 238.0 212.0 232.0 213.0 239.0 239.0 227.0 240.0
243.0 243.0 242.0 243.0 243.0 240.0 244.0 228.0 244.0 244.0 232.0 243.0
244.0 243.0 242.0 245.0 244.0 240.0 244.0 229.0 240.0 240.0 235.0 243.0
243.0 244.0 246.0 247.0 246.0 246.0 247.0 245.0 245.0 246.0 246.0 244.0
244.0 245.0 250.0 251.0 251.0 250.0 252.0 251.0 250.0 250.0 250.0 246.0
21.1364 79.3925 14.2269 38.3814 31.0853 55.1852 35.1554 47.6567 0.987755 
49.0 35.0 33.0 13.0 10.0
241.0 238.0 216.0 239.0 238.0 205.0 231.0 207.0 238.0 239.0 223.0 239.0
242.0 243.0 243.0 243.0 243.0 238.0 246.0 219.0 243.0 244.0 234.0 242.0
244.0 243.0 240.0 245.0 244.0 236.0 244.0 221.0 240.0 239.0 235.0 243.0
242.0 244.0 246.0 246.0 246.0 246.0 247.0 246.0 246.0 246.0 245.0 244.0
244.0 245.0 250.0 251.0 250.0 250.0 252.0 251.0 250.0 251.0 251.0 246.0
21.1364 79.2809 14.6115 37.3003 31.0853 55.9259 34.7822 48.9015 0.987755 
53.0 38.0 39.0 12.0 11.0
241.0 237.0 212.0 238.0 237.0 200.0 231.0 203.0 238.0 239.0 220.0 239.0
243.0 244.0 242.0 243.0 243.0 237.0 246.0 216.0 243.0 244.0 235.0 242.0
244.0 243.0 239.0 245.0 244.0 233.0 244.0 216.0 240.0 239.0 236.0 243.0
242.0 244.0 246.0 247.0 246.0 246.0 246.0 246.0 246.0 246.0 246.0 244.0
245.0 245.0 250.0 252.0 249.0 250.0 251.0 251.0 250.0 251.0 251.0 246.0
21 79.2809 14.2269 36.7597 31.4729 58.1481 35.1554 50.5613 0.477551 
56.0 44.0 40.0 13.0 11.0
241.0 237.0 210.0 238.0 237.0 199.0 231.0 202.0 238.0 239.0 217.0 239.0
243.0 243.0 242.0 243.0 242.0 235.0 246.0 209.0 243.0 244.0 235.0 243.0
244.0 243.0 239.0 245.0 244.0 232.0 244.0 215.0 240.0 239.0 236.0 243.0
242.0 244.0 246.0 247.0 246.0 246.0 246.0 245.0 245.0 246.0 246.0 244.0
244.0 246.0 250.0 251.0 250.0 250.0 253.0 250.0 250.0 252.0 251.0 247.0
21 79.2809 14.2269 36.2192 31.4729 59.2593 35.5285 50.9762 -0.0326531 
57.0 49.0 43.0 12.0 11.0
241.0 236.0 207.0 238.0 237.0 198.0 231.0 201.0 238.0 239.0 215.0 238.0
242.0 243.0 242.0 243.0 243.0 234.0 247.0 206.0 243.0 244.0 236.0 242.0
244.0 243.0 239.0 245.0 244.0 229.0 244.0 212.0 239.0 239.0 236.0 242.0
243.0 244.0 247.0 247.0 246.0 246.0 246.0 245.0 245.0 246.0 246.0 244.0
244.0 245.0 250.0 251.0 250.0 250.0 251.0 250.0 249.0 251.0 251.0 246.0
21 79.5041 14.2269 36.2192 31.8605 59.6296 35.5285 52.221 -0.0326531 
58.0 54.0 44.0 12.0 10.0
241.0 236.0 206.0 238.0 237.0 197.0 231.0 200.0 238.0 239.0 213.0 238.0
243.0 243.0 243.0 243.0 243.0 233.0 246.0 199.0 242.0 243.0 235.0 243.0
244.0 243.0 239.0 246.0 245.0 229.0 244.0 211.0 239.0 239.0 236.0 243.0
243.0 244.0 247.0 246.0 246.0 246.0 246.0 246.0 245.0 246.0 246.0 244.0
244.0 245.0 250.0 252.0 250.0 250.0 251.0 251.0 250.0 251.0 250.0 247.0
21 79.7273 13.8423 35.6786 32.6357 59.2593 35.9016 53.4659 -0.0326531 
59.0 61.0 44.0 13.0 10.0
241.0 235.0 205.0 238.0 238.0 196.0 231.0 200.0 238.0 239.0 211.0 238.0
242.0 243.0 242.0 243.0 242.0 232.0 246.0 195.0 241.0 244.0 235.0 242.0
244.0 243.0 240.0 245.0 245.0 229.0 244.0 210.0 239.0 239.0 236.0 243.0
242.0 244.0 247.0 247.0 246.0 246.0 246.0 245.0 246.0 247.0 246.0 244.0
245.0 245.0 251.0 251.0 251.0 250.0 252.0 251.0 249.0 251.0 252.0 247.0
21 79.7273 14.2269 35.6786 32.6357 59.2593 35.9016 53.4659 -0.0326531 
61.0 63.0 48.0 12.0 11.0
241.0 235.0 203.0 238.0 237.0 194.0 231.0 198.0 239.0 239.0 209.0 238.0
243.0 243.0 243.0 243.0 242.0 231.0 246.0 192.0 242.0 244.0 236.0 243.0
244.0 243.0 239.0 245.0 246.0 226.0 244.0 207.0 238.0 238.0 236.0 242.0
243.0 244.0 246.0 246.0 246.0 246.0 246.0 246.0 246.0 246.0 246.0 244.0
244.0 245.0 250.0 252.0 251.0 250.0 252.0 250.0 250.0 250.0 250.0 246.0
20.8637 79.7273 13.8423 35.6786 33.4109 59.2593 36.2748 53.4659 -0.0326531 
62.0 71.0 47.0 12.0 11.0
241.0 235.0 202.0 238.0 237.0 192.0 230.0 198.0 238.0 239.0 208.0 238.0
242.0 243.0 242.0 243.0 242.0 229.0 246.0 183.0 241.0 244.0 235.0 243.0
244.0 243.0 240.0 245.0 246.0 228.0 244.0 208.0 238.0 238.0 236.0 243.0
243.0 244.0 246.0 246.0 246.0 246.0 246.0 245.0 245.0 246.0 246.0 244.0
244.0 245.0 249.0 250.0 250.0 250.0 252.0 250.0 250.0 251.0 251.0 246.0
20.8637 79.7273 13.8423 35.6786 33.4109 59.2593 36.2748 53.8808 -0.0326531 
63.0 73.0 49.0 12.0 11.0
241.0 235.0 201.0 238.0 238.0 192.0 231.0 198.0 238.0 239.0 207.0 237.0
242.0 243.0 242.0 243.0 242.0 229.0 245.0 182.0 241.0 243.0 235.0 242.0
244.0 243.0 240.0 246.0 246.0 227.0 244.0 206.0 238.0 238.0 236.0 243.0
242.0 244.0 246.0 246.0 247.0 246.0 246.0 245.0 245.0 246.0 245.0 244.0
244.0 246.0 251.0 251.0 250.0 250.0 252.0 250.0 250.0 251.0 251.0 246.0
20.8637 79.8389 13.8423 35.1381 33.4109 60 36.6479 53.8808 -0.542857 
64.0 77.0 50.0 12.0 10.0
241.0 234.0 200.0 238.0 238.0 191.0 230.0 196.0 238.0 239.0 206.0 237.0
242.0 243.0 242.0 243.0 243.0 228.0 245.0 178.0 241.0 243.0 235.0 242.0
244.0 243.0 239.0 246.0 246.0 225.0 244.0 204.0 237.0 238.0 235.0 243.0
242.0 244.0 246.0 246.0 246.0 246.0 247.0 246.0 245.0 246.0 246.0 244.0
245.0 245.0 250.0 251.0 250.0 250.0 252.0 251.0 249.0 251.0 250.0 247.0
20.8637 79.9505 13.8423 35.6786 33.7984 59.6296 36.6479 53.4659 -0.542857 
65.0 79.0 50.0 12.0 11.0
241.0 234.0 199.0 238.0 237.0 190.0 230.0 195.0 238.0 239.0 205.0 237.0
242.0 243.0 242.0 243.0 243.0 227.0 246.0 175.0 240.0 243.0 235.0 242.0
244.0 243.0 240.0 246.0 247.0 226.0 244.0 204.0 238.0 238.0 236.0 242.0
242.0 244.0 246.0 246.0 246.0 246.0 247.0 245.0 245.0 246.0 245.0 244.0
244.0 246.0 250.0 252.0 252.0 250.0 252.0 251.0 248.0 251.0 251.0 246.0
