-10000
20.0455 79.8389 17.6885 23.2462 30.6977 45.5556 38.1404 30.2293 82.1102 
40.0 18.0 46.0 12.0 13.0
242.0 235.0 215.0 239.0 239.0 220.0 236.0 222.0 240.0 240.0 219.0 238.0
243.0 243.0 243.0 243.0 243.0 239.0 245.0 236.0 244.0 244.0 241.0 242.0
244.0 240.0 231.0 238.0 232.0 231.0 233.0 211.0 234.0 235.0 209.0 239.0
243.0 244.0 244.0 243.0 244.0 244.0 243.0 243.0 243.0 243.0 244.0 243.0
244.0 244.0 243.0 244.0 243.0 242.0 243.0 243.0 244.0 242.0 242.0 243.0
19.5 79.8389 17.6885 23.7868 31.4729 47.037 38.8867 29.3995 82.6204 
42.0 19.0 49.0 12.0 13.0
242.0 235.0 213.0 239.0 239.0 218.0 236.0 221.0 240.0 240.0 218.0 238.0
244.0 243.0 243.0 244.0 243.0 239.0 246.0 235.0 244.0 244.0 242.0 244.0
244.0 241.0 230.0 237.0 232.0 229.0 233.0 207.0 233.0 235.0 205.0 238.0
243.0 244.0 244.0 243.0 243.0 243.0 244.0 243.0 243.0 243.0 243.0 243.0
244.0 243.0 243.0 244.0 243.0 242.0 243.0 242.0 243.0 242.0 243.0 243.0
19.3637 79.9505 16.9192 23.7868 33.7984 47.7778 39.2599 31.8891 82.6204 
45.0 22.0 53.0 12.0 14.0
242.0 234.0 210.0 239.0 239.0 216.0 237.0 219.0 239.0 240.0 214.0 237.0
244.0 243.0 243.0 242.0 244.0 238.0 247.0 233.0 244.0 244.0 242.0 243.0
244.0 240.0 230.0 237.0 231.0 228.0 233.0 201.0 233.0 234.0 207.0 239.0
243.0 244.0 244.0 244.0 243.0 243.0 244.0 243.0 243.0 243.0 243.0 243.0
243.0 243.0 243.0 244.0 243.0 242.0 243.0 242.0 244.0 242.0 243.0 244.0
19.7728 80.1737 16.15 23.2462 34.9612 48.8889 40.0061 33.5488 82.6204 
49.0 26.0 63.0 12.0 13.0
242.0 232.0 205.0 239.0 239.0 214.0 235.0 217.0 239.0 239.0 209.0 235.0
243.0 242.0 242.0 243.0 243.0 235.0 246.0 230.0 244.0 244.0 242.0 243.0
244.0 240.0 229.0 237.0 232.0 225.0 233.0 191.0 232.0 234.0 208.0 239.0
243.0 244.0 244.0 243.0 243.0 244.0 244.0 243.0 243.0 243.0 243.0 243.0
242.0 243.0 243.0 244.0 243.0 242.0 242.0 242.0 243.0 243.0 243.0 244.0
19.9091 80.0621 16.15 23.2462 34.9612 48.8889 40.0061 34.7937 82.6204 
52.0 30.0 69.0 12.0 13.0
242.0 230.0 201.0 238.0 239.0 213.0 235.0 216.0 239.0 239.0 206.0 235.0
243.0 242.0 243.0 243.0 243.0 234.0 247.0 225.0 244.0 244.0 242.0 243.0
244.0 241.0 229.0 238.0 233.0 223.0 233.0 185.0 233.0 234.0 207.0 240.0
243.0 244.0 244.0 243.0 243.0 244.0 243.0 243.0 243.0 243.0 243.0 243.0
243.0 243.0 243.0 244.0 243.0 243.0 243.0 243.0 243.0 242.0 243.0 244.0
19.7728 80.0621 16.15 22.7057 35.3488 49.2593 39.633 35.6235 82.6204 
55.0 30.0 75.0 12.0 13.0
242.0 229.0 200.0 238.0 239.0 212.0 236.0 215.0 239.0 239.0 203.0 233.0
243.0 243.0 243.0 243.0 243.0 234.0 247.0 224.0 244.0 244.0 242.0 242.0
244.0 241.0 229.0 238.0 233.0 220.0 232.0 179.0 232.0 233.0 207.0 241.0
243.0 244.0 243.0 243.0 243.0 243.0 243.0 243.0 244.0 243.0 243.0 243.0
243.0 243.0 243.0 244.0 243.0 242.0 243.0 242.0 243.0 244.0 244.0 244.0
19.7728 80.1737 15.7654 22.7057 35.7364 50 40.0061 36.4534 83.1306 
57.0 36.0 81.0 12.0 13.0
242.0 228.0 197.0 238.0 239.0 212.0 235.0 215.0 239.0 239.0 201.0 232.0
243.0 242.0 243.0 243.0 243.0 232.0 247.0 218.0 244.0 244.0 242.0 242.0
244.0 241.0 229.0 237.0 233.0 218.0 233.0 174.0 232.0 233.0 207.0 241.0
243.0 244.0 243.0 244.0 243.0 244.0 244.0 243.0 243.0 243.0 243.0 243.0
243.0 242.0 244.0 244.0 243.0 242.0 242.0 243.0 243.0 242.0 242.0 244.0
20.1819 80.397 15.7654 21.6246 35.7364 49.6296 40.3793 36.0385 82.6204 
59.0 36.0 86.0 12.0 13.0
242.0 227.0 196.0 239.0 239.0 211.0 235.0 215.0 239.0 239.0 199.0 232.0
243.0 243.0 243.0 243.0 243.0 232.0 247.0 218.0 244.0 244.0 242.0 243.0
243.0 240.0 227.0 237.0 232.0 217.0 233.0 169.0 231.0 232.0 206.0 241.0
243.0 243.0 243.0 243.0 244.0 243.0 244.0 243.0 243.0 243.0 243.0 243.0
244.0 243.0 243.0 244.0 243.0 243.0 242.0 243.0 243.0 241.0 243.0 243.0
20.1819 80.397 15.7654 22.1651 35.7364 50 40.3793 36.4534 83.1306 
60.0 37.0 87.0 12.0 14.0
242.0 226.0 194.0 238.0 239.0 210.0 235.0 214.0 239.0 238.0 199.0 231.0
243.0 243.0 243.0 243.0 243.0 231.0 247.0 217.0 244.0 244.0 242.0 243.0
243.0 240.0 228.0 237.0 232.0 216.0 232.0 167.0 231.0 233.0 205.0 240.0
243.0 244.0 243.0 244.0 243.0 243.0 244.0 243.0 243.0 243.0 243.0 243.0
242.0 243.0 244.0 243.0 243.0 242.0 243.0 242.0 243.0 242.0 243.0 244.0
20.1819 80.397 15.7654 21.6246 35.7364 50 40.3793 36.4534 83.6408 
61.0 37.0 90.0 12.0 13.0
242.0 225.0 194.0 238.0 239.0 209.0 235.0 214.0 239.0 239.0 197.0 231.0
243.0 243.0 242.0 243.0 243.0 232.0 247.0 218.0 244.0 244.0 241.0 242.0
243.0 240.0 227.0 237.0 232.0 215.0 232.0 164.0 231.0 233.0 205.0 241.0
243.0 244.0 243.0 243.0 244.0 243.0 243.0 243.0 243.0 243.0 243.0 243.0
244.0 243.0 243.0 244.0 242.0 243.0 242.0 242.0 243.0 242.0 242.0 243.0
19.7728 80.1737 15.7654 22.7057 35.7364 50 40.3793 36.8683 83.6408 
62.0 37.0 92.0 13.0 13.0
242.0 225.0 193.0 238.0 239.0 209.0 235.0 213.0 239.0 239.0 197.0 231.0
243.0 243.0 242.0 243.0 243.0 232.0 247.0 218.0 244.0 244.0 242.0 243.0
243.0 240.0 227.0 237.0 232.0 215.0 233.0 163.0 231.0 233.0 204.0 241.0
243.0 244.0 243.0 243.0 243.0 243.0 243.0 243.0 243.0 243.0 243.0 243.0
244.0 243.0 243.0 244.0 243.0 242.0 243.0 242.0 243.0 243.0 243.0 243.0
19.9091 80.1737 15.7654 22.7057 35.7364 50 40.0061 37.6982 83.1306 
63.0 37.0 97.0 12.0 13.0
242.0 225.0 192.0 238.0 239.0 209.0 235.0 212.0 239.0 239.0 197.0 231.0
243.0 243.0 243.0 243.0 244.0 231.0 247.0 219.0 244.0 244.0 241.0 242.0
243.0 241.0 227.0 237.0 232.0 213.0 233.0 158.0 231.0 232.0 204.0 241.0
243.0 244.0 244.0 243.0 243.0 244.0 244.0 243.0 243.0 243.0 243.0 243.0
243.0 242.0 243.0 244.0 243.0 242.0 243.0 242.0 244.0 242.0 243.0 243.0
