-10000
21 79.6157 13.4577 36.2192 33.0233 38.8889 34.4091 33.1339 -0.0326531 
38.0 22.0 16.0 13.0 11.0
241.0 237.0 221.0 239.0 239.0 217.0 234.0 222.0 239.0 239.0 227.0 240.0
243.0 243.0 243.0 244.0 242.0 241.0 243.0 239.0 244.0 244.0 235.0 243.0
244.0 244.0 244.0 244.0 243.0 244.0 243.0 243.0 242.0 242.0 238.0 242.0
242.0 243.0 245.0 245.0 246.0 244.0 245.0 245.0 244.0 245.0 244.0 243.0
244.0 244.0 249.0 250.0 248.0 249.0 251.0 249.0 248.0 249.0 249.0 247.0
21.1364 79.5041 16.5346 35.6786 31.4729 44.4444 34.036 37.2833 1.49796 
43.0 22.0 19.0 13.0 11.0
241.0 237.0 218.0 239.0 238.0 211.0 233.0 217.0 239.0 240.0 225.0 239.0
243.0 243.0 243.0 243.0 243.0 241.0 242.0 238.0 243.0 244.0 233.0 242.0
244.0 243.0 241.0 243.0 243.0 242.0 244.0 239.0 242.0 241.0 236.0 242.0
242.0 243.0 245.0 245.0 245.0 244.0 245.0 244.0 244.0 245.0 244.0 244.0
244.0 244.0 249.0 250.0 248.0 249.0 250.0 249.0 249.0 249.0 250.0 245.0
21.1364 79.5041 16.5346 37.8408 29.5349 52.963 33.6628 44.3372 2.00816 
47.0 26.0 22.0 13.0 11.0
242.0 237.0 214.0 238.0 237.0 207.0 232.0 212.0 238.0 239.0 222.0 239.0
243.0 243.0 243.0 243.0 242.0 240.0 245.0 228.0 244.0 244.0 230.0 242.0
243.0 243.0 240.0 244.0 243.0 241.0 244.0 233.0 241.0 240.0 234.0 243.0
242.0 244.0 245.0 245.0 245.0 245.0 245.0 244.0 244.0 245.0 245.0 243.0
244.0 245.0 250.0 251.0 249.0 250.0 250.0 250.0 248.0 249.0 249.0 247.0
20.8637 79.5041 16.15 38.3814 29.5349 55.1852 33.6628 46.4119 2.00816 
50.0 35.0 26.0 13.0 12.0
242.0 236.0 212.0 238.0 237.0 205.0 232.0 210.0 239.0 239.0 219.0 239.0
243.0 243.0 243.0 243.0 242.0 238.0 247.0 220.0 244.0 244.0 230.0 243.0
243.0 244.0 240.0 244.0 244.0 238.0 244.0 229.0 241.0 240.0 234.0 243.0
242.0 244.0 245.0 245.0 245.0 245.0 245.0 245.0 244.0 245.0 244.0 244.0
245.0 244.0 250.0 250.0 249.0 250.0 250.0 249.0 249.0 248.0 249.0 247.0
20.8637 79.5041 16.15 37.8408 29.5349 55.5556 33.6628 48.0717 1.49796 
52.0 38.0 30.0 13.0 11.0
241.0 236.0 211.0 238.0 237.0 202.0 232.0 208.0 238.0 239.0 218.0 239.0
243.0 243.0 242.0 244.0 242.0 237.0 247.0 215.0 243.0 244.0 229.0 242.0
243.0 244.0 239.0 244.0 244.0 235.0 244.0 224.0 240.0 240.0 234.0 243.0
242.0 244.0 245.0 246.0 245.0 245.0 245.0 245.0 244.0 245.0 244.0 244.0
244.0 245.0 249.0 251.0 248.0 250.0 250.0 250.0 249.0 249.0 250.0 247.0
20.7273 79.7273 15.7654 38.3814 29.9225 57.4074 33.6628 49.7314 0.987755 
53.0 47.0 34.0 13.0 11.0
241.0 235.0 208.0 238.0 237.0 201.0 232.0 206.0 238.0 239.0 216.0 238.0
243.0 243.0 242.0 243.0 243.0 235.0 247.0 207.0 243.0 244.0 229.0 242.0
244.0 243.0 239.0 245.0 244.0 233.0 244.0 222.0 240.0 239.0 234.0 243.0
242.0 244.0 244.0 245.0 245.0 245.0 245.0 245.0 244.0 245.0 245.0 243.0
244.0 245.0 248.0 250.0 250.0 249.0 250.0 250.0 247.0 249.0 250.0 246.0
20.8637 79.9505 15.3808 37.8408 30.3101 58.5185 34.036 50.5613 0.477551 
54.0 52.0 37.0 13.0 10.0
241.0 235.0 207.0 238.0 237.0 200.0 232.0 206.0 238.0 239.0 215.0 238.0
243.0 243.0 242.0 243.0 242.0 233.0 247.0 203.0 244.0 244.0 230.0 242.0
244.0 243.0 239.0 245.0 244.0 232.0 244.0 218.0 240.0 239.0 234.0 242.0
242.0 243.0 245.0 245.0 245.0 245.0 245.0 244.0 244.0 245.0 244.0 244.0
244.0 244.0 248.0 250.0 248.0 249.0 250.0 249.0 248.0 250.0 249.0 247.0
20.8637 80.1737 14.9962 37.8408 31.4729 58.5185 34.7822 50.9762 -0.0326531 
55.0 61.0 39.0 13.0 11.0
241.0 234.0 205.0 238.0 237.0 200.0 232.0 205.0 238.0 239.0 213.0 238.0
242.0 243.0 242.0 243.0 242.0 231.0 247.0 193.0 243.0 244.0 230.0 242.0
244.0 243.0 239.0 247.0 244.0 231.0 244.0 216.0 240.0 239.0 233.0 242.0
242.0 243.0 244.0 245.0 245.0 245.0 245.0 244.0 244.0 245.0 244.0 243.0
244.0 245.0 250.0 250.0 251.0 249.0 251.0 249.0 249.0 249.0 249.0 246.0
20.7273 80.1737 14.9962 37.8408 31.4729 58.8889 34.7822 51.3912 -0.0326531 
57.0 66.0 42.0 13.0 11.0
241.0 234.0 204.0 238.0 237.0 198.0 232.0 204.0 238.0 239.0 212.0 237.0
242.0 243.0 242.0 243.0 243.0 230.0 247.0 190.0 243.0 244.0 230.0 242.0
244.0 243.0 239.0 246.0 245.0 229.0 244.0 213.0 239.0 238.0 233.0 242.0
242.0 244.0 245.0 245.0 245.0 245.0 245.0 244.0 244.0 245.0 245.0 244.0
245.0 245.0 249.0 250.0 250.0 249.0 251.0 249.0 248.0 249.0 250.0 247.0
20.0455 80.1737 14.6115 37.3003 31.8605 59.6296 35.1554 53.4659 -0.0326531 
57.0 71.0 45.0 13.0 11.0
241.0 234.0 201.0 238.0 237.0 198.0 232.0 203.0 238.0 239.0 209.0 237.0
243.0 243.0 242.0 243.0 242.0 229.0 248.0 183.0 243.0 244.0 230.0 242.0
244.0 244.0 239.0 247.0 245.0 228.0 244.0 212.0 239.0 238.0 233.0 242.0
242.0 244.0 245.0 246.0 245.0 244.0 245.0 244.0 245.0 245.0 244.0 243.0
244.0 244.0 249.0 249.0 248.0 248.0 250.0 249.0 248.0 250.0 249.0 246.0
19.7728 80.397 14.6115 37.3003 32.6357 59.2593 35.5285 53.0509 -0.0326531 
58.0 79.0 44.0 13.0 11.0
241.0 233.0 200.0 238.0 237.0 197.0 232.0 203.0 238.0 239.0 208.0 237.0
242.0 243.0 242.0 243.0 242.0 227.0 247.0 176.0 242.0 243.0 229.0 242.0
244.0 243.0 240.0 247.0 245.0 228.0 244.0 210.0 239.0 238.0 234.0 242.0
242.0 244.0 246.0 245.0 246.0 245.0 245.0 245.0 244.0 245.0 244.0 244.0
244.0 244.0 250.0 251.0 248.0 248.0 250.0 250.0 248.0 249.0 250.0 247.0
19.7728 80.6202 14.2269 37.8408 32.6357 59.6296 35.9016 53.0509 -0.0326531 
59.0 81.0 46.0 13.0 11.0
241.0 233.0 199.0 237.0 237.0 196.0 231.0 202.0 238.0 239.0 207.0 237.0
243.0 243.0 242.0 243.0 242.0 226.0 247.0 173.0 242.0 244.0 229.0 242.0
244.0 243.0 239.0 247.0 246.0 227.0 244.0 208.0 239.0 238.0 234.0 242.0
242.0 243.0 245.0 245.0 245.0 244.0 246.0 245.0 244.0 245.0 244.0 244.0
244.0 244.0 249.0 249.0 248.0 247.0 250.0 249.0 248.0 249.0 249.0 246.0
20.8637 80.7318 14.2269 37.8408 33.0233 60 36.2748 52.636 -0.0326531 
60.0 87.0 49.0 13.0 11.0
241.0 233.0 199.0 237.0 238.0 195.0 231.0 200.0 238.0 239.0 207.0 237.0
242.0 243.0 242.0 243.0 242.0 225.0 247.0 168.0 242.0 243.0 228.0 242.0
245.0 243.0 239.0 248.0 246.0 225.0 244.0 206.0 238.0 237.0 232.0 242.0
242.0 243.0 245.0 245.0 245.0 244.0 245.0 244.0 244.0 245.0 244.0 244.0
244.0 244.0 248.0 250.0 249.0 249.0 250.0 249.0 249.0 249.0 248.0 246.0
21 80.8434 13.8423 37.8408 33.4109 60.3704 36.6479 53.0509 -0.0326531 
61.0 97.0 49.0 13.0 10.0
241.0 232.0 197.0 238.0 237.0 194.0 232.0 200.0 238.0 239.0 205.0 237.0
242.0 243.0 241.0 243.0 242.0 224.0 246.0 158.0 242.0 243.0 229.0 242.0
245.0 243.0 240.0 249.0 246.0 226.0 244.0 206.0 238.0 237.0 233.0 242.0
242.0 243.0 245.0 245.0 245.0 245.0 246.0 245.0 244.0 245.0 244.0 243.0
244.0 244.0 249.0 249.0 249.0 248.0 250.0 250.0 248.0 248.0 250.0 247.0
21 80.7318 13.8423 37.8408 33.4109 60.3704 36.6479 53.0509 -0.542857 
61.0 98.0 49.0 13.0 11.0
241.0 232.0 196.0 238.0 237.0 194.0 232.0 200.0 238.0 239.0 204.0 237.0
242.0 243.0 241.0 243.0 242.0 223.0 246.0 156.0 242.0 243.0 227.0 242.0
245.0 243.0 240.0 248.0 247.0 225.0 244.0 206.0 238.0 237.0 233.0 241.0
242.0 243.0 245.0 245.0 245.0 245.0 245.0 244.0 244.0 245.0 244.0 244.0
244.0 245.0 249.0 251.0 250.0 248.0 251.0 249.0 248.0 249.0 249.0 247.0
21 80.7318 13.8423 37.8408 33.7984 60.3704 36.6479 53.0509 -0.542857 
61.0 99.0 49.0 13.0 11.0
240.0 232.0 196.0 237.0 237.0 194.0 232.0 200.0 238.0 239.0 204.0 236.0
242.0 243.0 242.0 243.0 242.0 223.0 246.0 153.0 241.0 243.0 227.0 242.0
245.0 243.0 240.0 248.0 246.0 226.0 244.0 206.0 238.0 237.0 233.0 242.0
242.0 244.0 245.0 245.0 245.0 245.0 246.0 245.0 244.0 245.0 245.0 243.0
244.0 244.0 248.0 248.0 249.0 248.0 250.0 249.0 248.0 249.0 250.0 246.0
21 80.8434 13.8423 37.8408 33.7984 60 36.6479 53.0509 -0.542857 
61.0 102.0 49.0 13.0 12.0
241.0 232.0 196.0 237.0 237.0 194.0 231.0 200.0 238.0 239.0 204.0 236.0
242.0 242.0 242.0 243.0 242.0 222.0 247.0 153.0 241.0 242.0 225.0 242.0
245.0 243.0 240.0 248.0 246.0 225.0 244.0 207.0 238.0 237.0 233.0 241.0
242.0 243.0 245.0 245.0 245.0 245.0 245.0 245.0 244.0 245.0 245.0 244.0
243.0 244.0 248.0 250.0 248.0 249.0 250.0 250.0 248.0 248.0 249.0 246.0
