-10000
19.9091 80.2854 17.6885 21.6246 33.7984 46.6667 39.2599 29.8144 82.1102 
39.0 18.0 48.0 12.0 13.0
242.0 234.0 215.0 240.0 240.0 223.0 238.0 225.0 240.0 240.0 218.0 236.0
243.0 243.0 243.0 243.0 243.0 237.0 246.0 237.0 244.0 244.0 243.0 243.0
245.0 241.0 231.0 239.0 233.0 231.0 233.0 213.0 234.0 235.0 207.0 238.0
244.0 243.0 243.0 243.0 243.0 244.0 244.0 243.0 243.0 243.0 244.0 243.0
243.0 242.0 244.0 243.0 243.0 244.0 243.0 241.0 243.0 243.0 243.0 242.0
19.5 80.2854 18.0731 21.6246 33.7984 47.037 38.8867 30.2293 82.1102 
44.0 19.0 51.0 12.0 13.0
242.0 232.0 211.0 239.0 239.0 221.0 237.0 223.0 240.0 240.0 214.0 235.0
243.0 243.0 241.0 243.0 242.0 236.0 247.0 235.0 244.0 244.0 242.0 242.0
244.0 240.0 230.0 239.0 233.0 230.0 233.0 210.0 234.0 235.0 204.0 238.0
243.0 243.0 243.0 244.0 244.0 243.0 244.0 244.0 243.0 243.0 243.0 243.0
243.0 243.0 243.0 244.0 242.0 242.0 243.0 243.0 244.0 243.0 244.0 244.0
19.3637 80.2854 18.0731 21.0841 34.186 47.7778 38.8867 32.304 82.6204 
46.0 22.0 52.0 12.0 13.0
242.0 229.0 208.0 239.0 239.0 220.0 237.0 222.0 240.0 239.0 211.0 233.0
243.0 243.0 242.0 243.0 243.0 233.0 247.0 232.0 244.0 244.0 241.0 243.0
244.0 241.0 230.0 240.0 234.0 229.0 233.0 205.0 233.0 235.0 203.0 238.0
243.0 244.0 243.0 243.0 243.0 243.0 244.0 243.0 243.0 243.0 243.0 243.0
243.0 244.0 243.0 243.0 243.0 244.0 243.0 242.0 243.0 242.0 242.0 242.0
20.0455 80.6202 17.6885 20.5435 34.5736 48.5185 38.8867 34.7937 82.6204 
48.0 27.0 57.0 12.0 13.0
242.0 228.0 207.0 239.0 239.0 219.0 237.0 222.0 240.0 239.0 209.0 232.0
243.0 242.0 242.0 243.0 243.0 230.0 247.0 227.0 245.0 244.0 241.0 243.0
244.0 241.0 230.0 240.0 233.0 226.0 234.0 197.0 233.0 234.0 204.0 239.0
243.0 244.0 243.0 244.0 243.0 243.0 244.0 243.0 243.0 243.0 243.0 243.0
244.0 243.0 244.0 244.0 243.0 243.0 243.0 243.0 243.0 242.0 242.0 244.0
20.0455 80.6202 17.3038 20.003 34.5736 48.8889 38.8867 35.6235 82.6204 
51.0 29.0 63.0 12.0 13.0
242.0 225.0 204.0 238.0 239.0 218.0 236.0 221.0 240.0 239.0 206.0 231.0
242.0 243.0 241.0 243.0 243.0 228.0 247.0 225.0 244.0 244.0 241.0 243.0
245.0 242.0 229.0 240.0 233.0 225.0 233.0 192.0 233.0 235.0 204.0 240.0
243.0 244.0 244.0 243.0 243.0 243.0 244.0 243.0 243.0 243.0 243.0 243.0
242.0 243.0 244.0 243.0 242.0 242.0 243.0 242.0 243.0 242.0 243.0 244.0
19.7728 80.6202 16.9192 20.003 34.9612 49.6296 39.2599 36.4534 82.6204 
52.0 33.0 69.0 12.0 13.0
242.0 223.0 202.0 239.0 239.0 218.0 236.0 221.0 239.0 239.0 204.0 229.0
243.0 243.0 242.0 244.0 243.0 226.0 247.0 223.0 244.0 244.0 241.0 242.0
245.0 241.0 229.0 240.0 234.0 222.0 234.0 184.0 233.0 233.0 204.0 239.0
243.0 244.0 244.0 243.0 244.0 243.0 244.0 243.0 243.0 243.0 243.0 243.0
242.0 243.0 244.0 244.0 243.0 242.0 243.0 243.0 243.0 242.0 243.0 242.0
19.9091 80.7318 16.9192 20.5435 35.3488 50 39.2599 37.2833 82.6204 
53.0 35.0 74.0 12.0 13.0
242.0 223.0 202.0 239.0 239.0 218.0 236.0 222.0 239.0 239.0 203.0 229.0
243.0 242.0 242.0 242.0 243.0 227.0 247.0 220.0 244.0 244.0 240.0 243.0
244.0 241.0 228.0 240.0 233.0 221.0 233.0 180.0 232.0 233.0 204.0 240.0
243.0 243.0 244.0 244.0 244.0 244.0 243.0 243.0 243.0 242.0 243.0 244.0
244.0 241.0 243.0 244.0 243.0 243.0 242.0 243.0 243.0 242.0 243.0 243.0
20.1819 80.8434 16.9192 20.5435 35.3488 50 39.2599 37.2833 82.6204 
55.0 35.0 78.0 12.0 14.0
242.0 222.0 200.0 238.0 239.0 217.0 236.0 221.0 239.0 239.0 201.0 228.0
243.0 242.0 242.0 243.0 243.0 226.0 247.0 219.0 244.0 244.0 241.0 243.0
244.0 240.0 228.0 239.0 233.0 220.0 233.0 177.0 231.0 233.0 204.0 240.0
243.0 244.0 244.0 243.0 243.0 243.0 243.0 243.0 243.0 243.0 244.0 244.0
243.0 243.0 244.0 244.0 243.0 243.0 243.0 243.0 243.0 241.0 243.0 243.0
20.3182 80.8434 16.9192 21.6246 35.3488 50.3704 39.633 37.2833 82.6204 
56.0 35.0 80.0 12.0 13.0
242.0 221.0 198.0 239.0 239.0 216.0 236.0 219.0 240.0 239.0 200.0 228.0
243.0 243.0 241.0 244.0 243.0 226.0 247.0 220.0 244.0 244.0 242.0 243.0
244.0 241.0 228.0 239.0 233.0 219.0 233.0 174.0 231.0 231.0 201.0 240.0
243.0 244.0 244.0 244.0 244.0 243.0 244.0 243.0 243.0 243.0 243.0 243.0
243.0 242.0 244.0 244.0 243.0 243.0 243.0 242.0 243.0 242.0 243.0 243.0
20.3182 80.955 16.15 21.0841 36.124 50 40.0061 37.6982 83.1306 
58.0 41.0 83.0 12.0 12.0
242.0 220.0 197.0 238.0 239.0 216.0 237.0 219.0 240.0 239.0 198.0 227.0
243.0 242.0 240.0 243.0 243.0 222.0 247.0 214.0 244.0 244.0 240.0 243.0
244.0 240.0 227.0 240.0 233.0 219.0 233.0 172.0 231.0 232.0 203.0 240.0
243.0 243.0 244.0 243.0 243.0 244.0 243.0 243.0 244.0 243.0 243.0 243.0
243.0 243.0 244.0 244.0 242.0 243.0 243.0 242.0 243.0 243.0 242.0 244.0
19.9091 80.8434 16.15 21.0841 36.124 50 40.0061 38.1132 83.1306 
60.0 41.0 88.0 12.0 13.0
242.0 219.0 195.0 238.0 239.0 215.0 236.0 218.0 239.0 239.0 196.0 226.0
243.0 242.0 241.0 244.0 243.0 222.0 248.0 214.0 244.0 244.0 240.0 243.0
245.0 241.0 227.0 240.0 233.0 216.0 233.0 167.0 231.0 233.0 201.0 241.0
243.0 244.0 243.0 243.0 243.0 243.0 244.0 243.0 243.0 243.0 243.0 243.0
243.0 243.0 244.0 244.0 242.0 243.0 243.0 242.0 243.0 243.0 243.0 243.0
19.9091 80.8434 16.15 21.6246 36.124 50.3704 40.0061 38.1132 83.1306 
61.0 40.0 90.0 12.0 13.0
242.0 219.0 194.0 238.0 239.0 213.0 236.0 218.0 239.0 239.0 195.0 227.0
243.0 243.0 242.0 243.0 243.0 223.0 247.0 213.0 244.0 244.0 240.0 243.0
244.0 241.0 227.0 240.0 233.0 215.0 233.0 164.0 231.0 231.0 201.0 240.0
243.0 244.0 243.0 243.0 243.0 243.0 244.0 244.0 243.0 243.0 243.0 244.0
243.0 243.0 244.0 244.0 243.0 242.0 242.0 242.0 243.0 243.0 241.0 243.0
