-10000
19.6364 79.8389 13.0731 21.6246 34.186 47.7778 39.2599 31.4741 82.1102 
33.0 21.0 44.0 12.0 13.0
243.0 234.0 222.0 240.0 241.0 230.0 238.0 230.0 240.0 241.0 225.0 237.0
244.0 243.0 244.0 243.0 243.0 240.0 246.0 234.0 244.0 244.0 241.0 243.0
244.0 240.0 231.0 238.0 234.0 232.0 235.0 215.0 235.0 235.0 211.0 240.0
243.0 244.0 244.0 243.0 243.0 243.0 244.0 243.0 243.0 243.0 243.0 243.0
243.0 244.0 243.0 244.0 243.0 243.0 242.0 243.0 243.0 242.0 243.0 243.0
19.5 79.9505 16.9192 21.6246 34.186 48.1481 39.633 31.4741 82.6204 
38.0 22.0 47.0 12.0 13.0
242.0 233.0 215.0 239.0 240.0 224.0 237.0 226.0 240.0 240.0 218.0 236.0
243.0 244.0 244.0 244.0 244.0 241.0 247.0 233.0 244.0 244.0 241.0 243.0
244.0 241.0 230.0 239.0 233.0 231.0 234.0 213.0 235.0 235.0 208.0 239.0
243.0 244.0 244.0 243.0 244.0 243.0 244.0 243.0 244.0 243.0 244.0 243.0
243.0 242.0 244.0 244.0 243.0 242.0 244.0 242.0 244.0 242.0 243.0 243.0
19.5 80.0621 16.9192 21.6246 34.5736 48.5185 39.633 31.4741 83.1306 
44.0 25.0 51.0 12.0 13.0
242.0 229.0 210.0 239.0 240.0 222.0 237.0 224.0 240.0 240.0 212.0 234.0
243.0 244.0 244.0 244.0 244.0 239.0 247.0 228.0 244.0 244.0 239.0 243.0
244.0 241.0 229.0 238.0 233.0 229.0 234.0 209.0 234.0 235.0 203.0 239.0
243.0 244.0 243.0 243.0 243.0 244.0 243.0 243.0 243.0 243.0 243.0 243.0
244.0 243.0 243.0 244.0 242.0 242.0 244.0 243.0 243.0 244.0 243.0 244.0
20.0455 80.0621 16.9192 21.6246 34.9612 48.5185 40.0061 32.304 83.1306 
48.0 28.0 55.0 12.0 13.0
242.0 228.0 206.0 239.0 239.0 219.0 236.0 222.0 240.0 239.0 208.0 233.0
243.0 243.0 242.0 243.0 243.0 239.0 246.0 227.0 244.0 244.0 239.0 242.0
244.0 241.0 228.0 238.0 233.0 229.0 235.0 203.0 235.0 235.0 200.0 239.0
243.0 244.0 243.0 243.0 243.0 242.0 244.0 243.0 243.0 243.0 243.0 243.0
243.0 243.0 243.0 243.0 243.0 243.0 242.0 243.0 242.0 242.0 244.0 243.0
19.9091 80.0621 16.5346 21.6246 34.9612 49.2593 40.0061 33.1339 83.1306 
51.0 32.0 57.0 12.0 13.0
242.0 225.0 203.0 239.0 239.0 218.0 237.0 221.0 240.0 239.0 205.0 231.0
243.0 242.0 243.0 243.0 243.0 237.0 247.0 222.0 244.0 244.0 238.0 243.0
244.0 241.0 228.0 240.0 234.0 226.0 235.0 197.0 234.0 235.0 200.0 240.0
243.0 244.0 243.0 243.0 243.0 243.0 243.0 243.0 243.0 243.0 243.0 243.0
243.0 242.0 243.0 244.0 242.0 242.0 243.0 242.0 243.0 242.0 242.0 243.0
19.9091 80.1737 16.5346 21.0841 35.3488 49.6296 40.0061 34.7937 83.1306 
52.0 36.0 65.0 12.0 13.0
242.0 223.0 202.0 238.0 239.0 218.0 236.0 221.0 240.0 239.0 205.0 230.0
243.0 243.0 243.0 243.0 243.0 237.0 247.0 218.0 244.0 244.0 237.0 242.0
244.0 241.0 228.0 239.0 233.0 224.0 235.0 190.0 233.0 235.0 200.0 240.0
243.0 244.0 243.0 244.0 243.0 243.0 243.0 244.0 243.0 243.0 243.0 243.0
243.0 243.0 243.0 244.0 243.0 242.0 242.0 243.0 244.0 242.0 243.0 242.0
20.1819 80.2854 16.15 20.5435 35.3488 50.3704 40.0061 36.0385 83.1306 
54.0 38.0 70.0 12.0 13.0
242.0 222.0 200.0 238.0 239.0 218.0 237.0 221.0 240.0 239.0 203.0 229.0
243.0 243.0 243.0 243.0 243.0 236.0 247.0 216.0 244.0 244.0 236.0 243.0
244.0 241.0 228.0 240.0 234.0 221.0 234.0 184.0 234.0 234.0 201.0 240.0
243.0 244.0 244.0 244.0 243.0 243.0 243.0 243.0 244.0 243.0 243.0 244.0
244.0 243.0 243.0 244.0 242.0 242.0 243.0 242.0 244.0 242.0 243.0 243.0
20.4546 80.397 16.15 20.5435 35.7364 50.3704 40.0061 36.0385 83.1306 
56.0 42.0 73.0 12.0 13.0
242.0 220.0 199.0 238.0 239.0 216.0 236.0 221.0 240.0 239.0 201.0 228.0
243.0 243.0 244.0 243.0 243.0 234.0 248.0 213.0 244.0 244.0 236.0 242.0
244.0 241.0 227.0 239.0 233.0 220.0 234.0 181.0 233.0 235.0 199.0 240.0
243.0 243.0 244.0 243.0 244.0 243.0 243.0 243.0 243.0 243.0 243.0 243.0
244.0 243.0 243.0 244.0 243.0 242.0 243.0 242.0 243.0 242.0 243.0 243.0
20.3182 80.397 16.15 21.0841 35.7364 50.3704 40.3793 36.0385 83.1306 
57.0 42.0 78.0 12.0 13.0
242.0 220.0 198.0 238.0 239.0 217.0 236.0 220.0 239.0 239.0 200.0 228.0
243.0 242.0 243.0 243.0 243.0 235.0 247.0 213.0 244.0 244.0 236.0 243.0
244.0 241.0 227.0 239.0 233.0 218.0 234.0 177.0 233.0 234.0 197.0 240.0
243.0 244.0 244.0 243.0 243.0 243.0 243.0 243.0 243.0 244.0 243.0 243.0
243.0 243.0 243.0 244.0 244.0 243.0 243.0 243.0 244.0 242.0 242.0 243.0
20.0455 80.2854 16.15 21.0841 35.7364 50.3704 40.3793 36.0385 83.1306 
57.0 41.0 78.0 12.0 13.0
242.0 220.0 198.0 238.0 239.0 216.0 236.0 220.0 239.0 239.0 200.0 227.0
243.0 243.0 243.0 243.0 243.0 235.0 248.0 213.0 244.0 244.0 236.0 243.0
244.0 241.0 227.0 239.0 232.0 219.0 234.0 176.0 232.0 233.0 197.0 240.0
243.0 244.0 244.0 243.0 244.0 244.0 243.0 243.0 243.0 243.0 243.0 243.0
243.0 242.0 243.0 244.0 243.0 243.0 244.0 243.0 243.0 243.0 242.0 243.0
19.9091 80.2854 15.7654 22.1651 35.7364 50.3704 40.3793 36.4534 83.1306 
59.0 42.0 82.0 12.0 13.0
242.0 220.0 195.0 238.0 239.0 214.0 236.0 219.0 239.0 239.0 197.0 228.0
243.0 243.0 243.0 243.0 243.0 235.0 247.0 213.0 244.0 244.0 236.0 242.0
244.0 241.0 227.0 239.0 233.0 218.0 235.0 174.0 233.0 233.0 197.0 241.0
243.0 244.0 244.0 243.0 244.0 244.0 243.0 243.0 243.0 243.0 243.0 243.0
244.0 243.0 243.0 244.0 242.0 243.0 243.0 241.0 243.0 243.0 243.0 244.0
19.9091 80.2854 15.7654 22.1651 35.7364 50.7407 40.0061 36.8683 83.1306 
61.0 42.0 84.0 12.0 13.0
242.0 219.0 194.0 238.0 239.0 214.0 235.0 218.0 239.0 239.0 196.0 227.0
243.0 243.0 243.0 243.0 243.0 235.0 247.0 213.0 244.0 244.0 236.0 243.0
244.0 240.0 226.0 239.0 233.0 217.0 234.0 170.0 233.0 232.0 196.0 241.0
243.0 243.0 243.0 244.0 243.0 243.0 243.0 244.0 243.0 243.0 243.0 243.0
244.0 242.0 243.0 244.0 243.0 242.0 244.0 243.0 243.0 243.0 244.0 243.0
20.1819 80.2854 16.15 21.6246 35.7364 50.7407 40.0061 37.6982 83.1306 
62.0 43.0 90.0 12.0 13.0
242.0 218.0 193.0 238.0 239.0 213.0 236.0 217.0 239.0 239.0 195.0 226.0
244.0 242.0 244.0 243.0 243.0 234.0 247.0 212.0 244.0 244.0 235.0 243.0
244.0 241.0 225.0 239.0 234.0 215.0 235.0 164.0 232.0 232.0 196.0 241.0
243.0 244.0 244.0 243.0 243.0 243.0 244.0 243.0 243.0 243.0 243.0 243.0
244.0 242.0 243.0 244.0 243.0 242.0 243.0 241.0 243.0 243.0 243.0 243.0
