-10000
21.1364 81.0666 13.8423 31.8949 31.0853 55.5556 29.1852 50.5613 0.987755 
37.0 31.0 24.0 13.0 11.0
241.0 235.0 218.0 239.0 239.0 222.0 236.0 228.0 239.0 239.0 226.0 238.0
242.0 243.0 243.0 243.0 243.0 239.0 245.0 224.0 244.0 244.0 237.0 243.0
244.0 242.0 240.0 244.0 243.0 240.0 243.0 231.0 240.0 240.0 237.0 241.0
242.0 243.0 245.0 245.0 245.0 245.0 246.0 244.0 245.0 245.0 245.0 244.0
243.0 245.0 248.0 251.0 248.0 249.0 250.0 251.0 248.0 249.0 249.0 245.0
21.1364 81.0666 14.9962 31.3543 30.6977 57.037 29.5584 52.221 1.49796 
42.0 36.0 27.0 13.0 11.0
241.0 234.0 213.0 238.0 239.0 219.0 236.0 225.0 239.0 238.0 222.0 238.0
243.0 243.0 243.0 243.0 243.0 239.0 246.0 219.0 243.0 243.0 235.0 243.0
243.0 243.0 241.0 244.0 244.0 239.0 243.0 228.0 240.0 240.0 237.0 242.0
242.0 244.0 245.0 246.0 245.0 245.0 246.0 244.0 245.0 245.0 245.0 244.0
244.0 244.0 249.0 250.0 249.0 250.0 250.0 250.0 248.0 249.0 250.0 246.0
21 80.8434 15.3808 31.8949 30.6977 57.4074 29.9315 52.636 1.49796 
46.0 40.0 30.0 13.0 11.0
242.0 234.0 208.0 238.0 239.0 216.0 235.0 222.0 239.0 239.0 220.0 237.0
243.0 243.0 243.0 243.0 243.0 238.0 246.0 213.0 243.0 244.0 232.0 242.0
243.0 243.0 240.0 244.0 244.0 238.0 243.0 226.0 240.0 240.0 236.0 243.0
242.0 243.0 245.0 245.0 245.0 245.0 245.0 245.0 244.0 245.0 245.0 244.0
243.0 245.0 249.0 250.0 250.0 250.0 250.0 250.0 248.0 249.0 250.0 245.0
21 80.955 14.9962 32.4354 30.6977 57.7778 31.7972 53.0509 1.49796 
48.0 44.0 33.0 13.0 11.0
241.0 233.0 206.0 239.0 238.0 214.0 235.0 221.0 239.0 239.0 220.0 237.0
243.0 243.0 242.0 243.0 242.0 237.0 246.0 210.0 243.0 244.0 231.0 242.0
243.0 243.0 239.0 244.0 244.0 237.0 244.0 222.0 239.0 240.0 237.0 243.0
242.0 243.0 245.0 245.0 245.0 245.0 246.0 245.0 245.0 245.0 244.0 243.0
244.0 244.0 249.0 249.0 251.0 249.0 251.0 249.0 249.0 249.0 249.0 245.0
21 81.1782 14.6115 33.5165 31.0853 58.1481 32.9166 53.4659 1.49796 
51.0 53.0 35.0 13.0 11.0
241.0 233.0 204.0 239.0 238.0 212.0 235.0 220.0 238.0 239.0 219.0 237.0
243.0 243.0 243.0 243.0 242.0 235.0 246.0 201.0 244.0 244.0 230.0 242.0
243.0 243.0 239.0 244.0 244.0 235.0 244.0 220.0 239.0 239.0 236.0 243.0
242.0 243.0 245.0 246.0 245.0 245.0 246.0 245.0 245.0 245.0 245.0 244.0
244.0 244.0 250.0 249.0 249.0 249.0 251.0 249.0 249.0 249.0 250.0 246.0
21 81.4014 14.6115 34.5976 31.0853 58.8889 33.6628 54.2957 2.00816 
52.0 58.0 36.0 13.0 11.0
241.0 233.0 203.0 238.0 238.0 210.0 234.0 218.0 239.0 239.0 218.0 237.0
242.0 243.0 242.0 243.0 242.0 235.0 247.0 196.0 243.0 244.0 229.0 243.0
244.0 244.0 239.0 244.0 245.0 234.0 244.0 219.0 239.0 239.0 236.0 244.0
242.0 244.0 245.0 246.0 245.0 245.0 246.0 245.0 244.0 245.0 245.0 244.0
244.0 244.0 248.0 250.0 249.0 249.0 250.0 250.0 248.0 249.0 250.0 246.0
21 81.6246 13.8423 35.6786 31.8605 58.1481 34.4091 54.2957 1.49796 
54.0 68.0 37.0 13.0 10.0
241.0 233.0 201.0 238.0 238.0 207.0 234.0 216.0 238.0 239.0 217.0 238.0
243.0 243.0 242.0 244.0 242.0 233.0 247.0 186.0 243.0 244.0 226.0 242.0
243.0 243.0 239.0 244.0 245.0 234.0 244.0 218.0 239.0 239.0 236.0 243.0
242.0 244.0 245.0 245.0 245.0 245.0 246.0 245.0 245.0 246.0 245.0 244.0
245.0 244.0 249.0 250.0 249.0 250.0 250.0 250.0 248.0 249.0 249.0 247.0
20.8637 81.4014 13.8423 36.2192 31.8605 58.5185 34.7822 54.2957 0.987755 
55.0 70.0 41.0 12.0 12.0
241.0 232.0 200.0 238.0 238.0 205.0 234.0 216.0 238.0 239.0 216.0 237.0
242.0 243.0 242.0 243.0 242.0 232.0 247.0 185.0 243.0 244.0 227.0 242.0
244.0 243.0 239.0 245.0 245.0 231.0 244.0 215.0 238.0 239.0 236.0 243.0
242.0 244.0 245.0 245.0 245.0 245.0 245.0 245.0 245.0 245.0 245.0 244.0
244.0 245.0 248.0 250.0 248.0 249.0 250.0 250.0 248.0 250.0 250.0 246.0
20.8637 81.6246 13.8423 35.6786 32.6357 57.7778 35.1554 54.2957 0.987755 
56.0 79.0 41.0 13.0 11.0
241.0 231.0 198.0 238.0 238.0 204.0 233.0 215.0 238.0 239.0 215.0 237.0
242.0 243.0 242.0 243.0 242.0 231.0 246.0 175.0 242.0 244.0 224.0 242.0
244.0 243.0 240.0 245.0 245.0 232.0 244.0 214.0 239.0 239.0 236.0 242.0
242.0 243.0 245.0 246.0 245.0 245.0 246.0 245.0 245.0 245.0 245.0 244.0
244.0 244.0 249.0 250.0 249.0 249.0 251.0 249.0 249.0 248.0 250.0 246.0
21 81.6246 13.8423 35.6786 33.0233 58.1481 35.5285 54.7107 0.477551 
58.0 83.0 42.0 12.0 11.0
241.0 231.0 197.0 238.0 238.0 204.0 233.0 215.0 238.0 239.0 215.0 237.0
242.0 243.0 242.0 242.0 242.0 231.0 246.0 172.0 243.0 243.0 224.0 243.0
244.0 243.0 239.0 245.0 245.0 230.0 244.0 212.0 238.0 238.0 235.0 243.0
242.0 244.0 245.0 245.0 245.0 245.0 246.0 245.0 245.0 246.0 245.0 244.0
244.0 244.0 249.0 251.0 249.0 250.0 251.0 250.0 248.0 249.0 250.0 246.0
21.1364 81.7362 13.8423 36.2192 33.0233 58.1481 35.5285 54.7107 0.477551 
58.0 87.0 43.0 13.0 11.0
241.0 231.0 196.0 238.0 238.0 203.0 233.0 214.0 238.0 238.0 214.0 237.0
243.0 243.0 242.0 243.0 242.0 230.0 247.0 169.0 243.0 244.0 223.0 243.0
244.0 243.0 238.0 245.0 246.0 229.0 244.0 212.0 238.0 238.0 235.0 243.0
242.0 244.0 245.0 245.0 245.0 245.0 245.0 245.0 244.0 245.0 245.0 244.0
243.0 245.0 249.0 250.0 248.0 250.0 249.0 250.0 248.0 249.0 249.0 246.0
21 81.4014 13.8423 36.2192 33.0233 59.2593 35.9016 55.1256 0.477551 
59.0 90.0 45.0 14.0 11.0
241.0 230.0 195.0 238.0 238.0 202.0 233.0 214.0 238.0 239.0 214.0 237.0
242.0 243.0 242.0 243.0 242.0 229.0 246.0 164.0 242.0 243.0 222.0 243.0
244.0 243.0 239.0 245.0 245.0 228.0 244.0 211.0 238.0 238.0 235.0 243.0
242.0 244.0 245.0 245.0 245.0 246.0 246.0 244.0 244.0 245.0 245.0 244.0
244.0 244.0 249.0 251.0 248.0 249.0 250.0 249.0 248.0 249.0 250.0 247.0
21 81.2898 13.0731 36.7597 33.4109 59.6296 36.2748 54.7107 0.477551 
61.0 98.0 47.0 13.0 11.0
241.0 230.0 193.0 238.0 237.0 200.0 233.0 213.0 238.0 238.0 213.0 237.0
242.0 242.0 241.0 243.0 242.0 227.0 246.0 154.0 242.0 243.0 219.0 242.0
244.0 243.0 239.0 245.0 246.0 226.0 244.0 208.0 238.0 238.0 235.0 243.0
242.0 243.0 246.0 245.0 245.0 245.0 245.0 244.0 244.0 245.0 245.0 244.0
244.0 244.0 249.0 250.0 249.0 250.0 250.0 250.0 249.0 250.0 250.0 245.0
