-10000
21.4091 79.6157 10.3808 -0.537568 39.2248 68.5185 38.5136 48.4866 2.51837 
28.0 15.0 38.0 13.0 11.0
242.0 226.0 231.0 240.0 241.0 238.0 239.0 237.0 241.0 240.0 233.0 232.0
243.0 243.0 244.0 243.0 242.0 242.0 242.0 240.0 243.0 243.0 242.0 242.0
242.0 242.0 236.0 236.0 236.0 230.0 235.0 217.0 235.0 236.0 230.0 240.0
241.0 243.0 244.0 244.0 244.0 244.0 244.0 243.0 244.0 244.0 243.0 243.0
244.0 245.0 247.0 248.0 247.0 247.0 248.0 249.0 246.0 246.0 248.0 246.0
21.2728 79.1693 12.6885 -0.537568 38.062 67.7778 38.1404 47.6567 3.53878 
36.0 15.0 41.0 13.0 11.0
242.0 218.0 228.0 239.0 240.0 236.0 240.0 236.0 241.0 240.0 231.0 225.0
243.0 243.0 244.0 243.0 242.0 242.0 242.0 240.0 243.0 243.0 242.0 242.0
241.0 241.0 236.0 237.0 236.0 229.0 235.0 214.0 235.0 236.0 230.0 240.0
242.0 243.0 244.0 244.0 244.0 244.0 243.0 243.0 244.0 244.0 243.0 242.0
244.0 244.0 247.0 248.0 247.0 247.0 247.0 247.0 246.0 247.0 247.0 246.0
21.2728 79.0577 13.8423 -0.537568 37.2868 67.037 38.1404 48.4866 4.55918 
41.0 15.0 42.0 14.0 11.0
242.0 212.0 226.0 239.0 240.0 236.0 239.0 235.0 241.0 240.0 229.0 223.0
243.0 243.0 244.0 243.0 242.0 242.0 242.0 240.0 243.0 243.0 242.0 242.0
242.0 242.0 235.0 236.0 237.0 229.0 236.0 212.0 235.0 236.0 231.0 240.0
241.0 243.0 244.0 244.0 244.0 244.0 243.0 243.0 244.0 244.0 243.0 242.0
244.0 245.0 247.0 248.0 247.0 248.0 248.0 247.0 246.0 246.0 248.0 246.0
21.2728 79.1693 14.2269 -0.537568 37.2868 67.037 38.1404 49.3165 5.06939 
44.0 15.0 44.0 14.0 11.0
242.0 211.0 226.0 239.0 240.0 236.0 239.0 235.0 240.0 240.0 229.0 222.0
243.0 243.0 244.0 243.0 242.0 242.0 242.0 240.0 243.0 243.0 242.0 242.0
242.0 242.0 236.0 237.0 237.0 228.0 236.0 211.0 235.0 236.0 231.0 241.0
242.0 244.0 244.0 244.0 244.0 244.0 243.0 243.0 244.0 244.0 243.0 243.0
244.0 244.0 247.0 249.0 247.0 247.0 247.0 247.0 246.0 246.0 247.0 245.0
21.4091 79.2809 14.2269 -0.537568 37.6744 66.6667 38.1404 50.1463 5.06939 
46.0 15.0 45.0 13.0 11.0
242.0 209.0 226.0 239.0 240.0 235.0 239.0 236.0 241.0 240.0 228.0 221.0
243.0 243.0 244.0 243.0 242.0 242.0 242.0 240.0 243.0 243.0 242.0 242.0
242.0 242.0 235.0 236.0 237.0 227.0 236.0 209.0 235.0 237.0 231.0 241.0
241.0 244.0 244.0 243.0 244.0 244.0 244.0 243.0 243.0 244.0 243.0 243.0
244.0 244.0 248.0 248.0 247.0 248.0 247.0 246.0 245.0 246.0 247.0 246.0
21.4091 79.2809 15.3808 -0.537568 37.2868 66.2963 38.1404 52.221 5.57959 
51.0 15.0 47.0 14.0 11.0
242.0 204.0 223.0 239.0 240.0 235.0 239.0 235.0 241.0 240.0 227.0 218.0
243.0 243.0 244.0 243.0 242.0 242.0 242.0 240.0 243.0 243.0 242.0 242.0
241.0 242.0 235.0 236.0 237.0 225.0 236.0 207.0 235.0 236.0 232.0 241.0
241.0 243.0 244.0 244.0 244.0 244.0 243.0 243.0 243.0 244.0 244.0 243.0
244.0 246.0 247.0 248.0 247.0 247.0 247.0 248.0 246.0 247.0 248.0 246.0
21.2728 79.1693 15.3808 -0.537568 37.2868 65.9259 38.1404 53.8808 5.57959 
53.0 15.0 48.0 13.0 11.0
242.0 202.0 223.0 239.0 240.0 235.0 239.0 235.0 241.0 240.0 226.0 217.0
243.0 243.0 244.0 243.0 242.0 242.0 242.0 240.0 243.0 243.0 242.0 242.0
241.0 242.0 235.0 235.0 236.0 225.0 234.0 207.0 234.0 236.0 232.0 241.0
242.0 243.0 244.0 244.0 244.0 244.0 244.0 243.0 244.0 244.0 243.0 243.0
244.0 244.0 247.0 248.0 247.0 247.0 247.0 247.0 245.0 246.0 247.0 244.0
21.1364 79.2809 14.9962 -0.537568 37.6744 65.5556 38.1404 55.1256 5.57959 
55.0 15.0 48.0 13.0 11.0
241.0 200.0 223.0 239.0 240.0 235.0 239.0 235.0 240.0 240.0 227.0 216.0
243.0 243.0 244.0 243.0 242.0 242.0 242.0 240.0 243.0 243.0 242.0 242.0
241.0 242.0 235.0 235.0 236.0 225.0 234.0 207.0 234.0 236.0 232.0 242.0
241.0 243.0 244.0 244.0 244.0 244.0 243.0 243.0 244.0 244.0 243.0 242.0
244.0 244.0 247.0 249.0 247.0 247.0 248.0 247.0 245.0 246.0 247.0 246.0
21.1364 79.3925 14.9962 -0.537568 38.062 65.5556 38.1404 55.1256 5.57959 
57.0 15.0 46.0 14.0 11.0
241.0 198.0 222.0 239.0 239.0 234.0 239.0 235.0 240.0 240.0 226.0 215.0
243.0 243.0 244.0 243.0 242.0 242.0 242.0 240.0 243.0 243.0 242.0 242.0
241.0 242.0 236.0 235.0 237.0 225.0 234.0 209.0 234.0 236.0 233.0 241.0
241.0 243.0 244.0 244.0 244.0 244.0 243.0 243.0 243.0 244.0 243.0 242.0
244.0 244.0 246.0 248.0 247.0 247.0 248.0 248.0 245.0 246.0 248.0 246.0
21.2728 79.5041 15.3808 -0.537568 38.062 65.1852 38.1404 55.5405 5.57959 
58.0 15.0 47.0 14.0 11.0
241.0 196.0 221.0 239.0 240.0 234.0 239.0 235.0 240.0 239.0 226.0 214.0
243.0 243.0 244.0 243.0 242.0 242.0 242.0 240.0 243.0 243.0 242.0 242.0
241.0 242.0 235.0 235.0 236.0 225.0 234.0 209.0 234.0 236.0 233.0 241.0
242.0 243.0 244.0 244.0 244.0 244.0 243.0 243.0 244.0 244.0 243.0 242.0
244.0 245.0 247.0 248.0 248.0 247.0 247.0 247.0 247.0 247.0 247.0 246.0
21.2728 79.5041 15.3808 -0.537568 37.6744 64.8148 38.1404 55.5405 5.57959 
61.0 15.0 46.0 14.0 10.0
241.0 194.0 221.0 239.0 240.0 234.0 239.0 235.0 240.0 239.0 225.0 213.0
243.0 243.0 244.0 243.0 242.0 242.0 242.0 240.0 243.0 243.0 242.0 242.0
241.0 242.0 235.0 235.0 236.0 225.0 234.0 209.0 234.0 235.0 232.0 240.0
242.0 243.0 244.0 244.0 244.0 244.0 244.0 242.0 243.0 244.0 243.0 243.0
244.0 244.0 247.0 249.0 247.0 247.0 248.0 248.0 246.0 247.0 247.0 244.0
21.2728 79.5041 15.7654 -0.537568 37.6744 64.4444 38.1404 55.5405 5.57959 
61.0 15.0 47.0 14.0 11.0
241.0 194.0 220.0 239.0 240.0 234.0 239.0 235.0 240.0 239.0 225.0 213.0
243.0 243.0 244.0 243.0 242.0 242.0 242.0 240.0 243.0 243.0 242.0 242.0
240.0 242.0 235.0 234.0 236.0 225.0 234.0 208.0 234.0 235.0 232.0 241.0
241.0 243.0 244.0 244.0 244.0 244.0 243.0 243.0 243.0 244.0 243.0 242.0
244.0 244.0 247.0 249.0 247.0 248.0 248.0 248.0 245.0 247.0 247.0 246.0
