-10000
21.4091 80.0621 16.5346 37.3003 30.6977 26.2963 29.5584 42.2625 -2.07347 
39.0 16.0 31.0 13.0 11.0
241.0 238.0 221.0 238.0 238.0 216.0 234.0 223.0 239.0 239.0 228.0 240.0
243.0 243.0 243.0 244.0 243.0 242.0 243.0 241.0 243.0 243.0 240.0 239.0
245.0 243.0 239.0 249.0 244.0 241.0 244.0 228.0 240.0 239.0 225.0 241.0
243.0 244.0 245.0 245.0 245.0 244.0 245.0 245.0 244.0 245.0 245.0 244.0
244.0 245.0 249.0 250.0 249.0 250.0 250.0 250.0 247.0 250.0 250.0 248.0
21.2728 79.9505 18.4577 37.3003 32.2481 31.8519 32.1703 43.9223 -0.542857 
42.0 17.0 32.0 13.0 11.0
241.0 237.0 219.0 239.0 237.0 212.0 233.0 220.0 239.0 239.0 227.0 239.0
243.0 243.0 244.0 244.0 243.0 242.0 243.0 241.0 243.0 244.0 238.0 240.0
246.0 243.0 238.0 248.0 244.0 237.0 244.0 224.0 239.0 238.0 224.0 241.0
242.0 243.0 245.0 245.0 245.0 245.0 245.0 244.0 244.0 245.0 244.0 243.0
244.0 244.0 248.0 250.0 248.0 248.0 250.0 251.0 248.0 249.0 250.0 247.0
21.1364 79.9505 14.9962 35.6786 32.2481 49.6296 34.4091 50.5613 -0.0326531 
46.0 25.0 41.0 13.0 11.0
241.0 235.0 210.0 238.0 238.0 209.0 234.0 215.0 238.0 238.0 219.0 238.0
242.0 243.0 242.0 243.0 243.0 241.0 244.0 233.0 244.0 244.0 229.0 243.0
245.0 243.0 239.0 248.0 244.0 231.0 244.0 214.0 240.0 239.0 232.0 241.0
242.0 244.0 245.0 245.0 245.0 245.0 246.0 245.0 245.0 245.0 244.0 244.0
244.0 244.0 249.0 249.0 249.0 248.0 250.0 250.0 248.0 249.0 249.0 247.0
21 79.9505 13.8423 35.6786 32.2481 55.1852 35.1554 52.636 -0.0326531 
48.0 34.0 45.0 13.0 12.0
241.0 234.0 208.0 238.0 238.0 209.0 234.0 216.0 239.0 239.0 217.0 238.0
243.0 243.0 242.0 244.0 243.0 238.0 247.0 220.0 244.0 244.0 230.0 243.0
245.0 243.0 240.0 248.0 244.0 227.0 244.0 209.0 240.0 239.0 234.0 241.0
242.0 243.0 245.0 245.0 245.0 245.0 246.0 244.0 244.0 245.0 245.0 244.0
244.0 244.0 249.0 249.0 249.0 249.0 250.0 249.0 249.0 249.0 249.0 247.0
21 79.9505 13.8423 36.2192 32.2481 55.5556 35.1554 53.0509 -0.0326531 
50.0 39.0 48.0 13.0 11.0
241.0 234.0 204.0 238.0 238.0 207.0 233.0 214.0 239.0 239.0 215.0 237.0
243.0 243.0 242.0 244.0 243.0 238.0 248.0 214.0 244.0 244.0 227.0 242.0
245.0 242.0 239.0 247.0 244.0 226.0 244.0 208.0 240.0 238.0 233.0 241.0
242.0 243.0 245.0 246.0 245.0 245.0 245.0 244.0 244.0 245.0 245.0 243.0
244.0 245.0 248.0 249.0 248.0 249.0 250.0 249.0 248.0 250.0 250.0 246.0
21 80.1737 13.8423 36.7597 32.6357 55.9259 35.5285 53.4659 -0.0326531 
50.0 46.0 48.0 13.0 11.0
241.0 234.0 204.0 238.0 238.0 205.0 233.0 213.0 239.0 239.0 214.0 237.0
243.0 243.0 242.0 243.0 243.0 238.0 247.0 208.0 243.0 244.0 226.0 243.0
244.0 243.0 239.0 247.0 244.0 225.0 244.0 207.0 239.0 238.0 234.0 240.0
242.0 243.0 245.0 245.0 245.0 245.0 245.0 244.0 244.0 245.0 244.0 244.0
244.0 244.0 249.0 250.0 249.0 249.0 250.0 249.0 248.0 249.0 249.0 247.0
21 80.2854 13.4577 36.7597 32.2481 58.5185 35.5285 54.2957 -0.0326531 
53.0 54.0 49.0 13.0 11.0
241.0 234.0 202.0 238.0 238.0 205.0 233.0 212.0 238.0 238.0 213.0 237.0
243.0 243.0 242.0 243.0 243.0 236.0 248.0 199.0 243.0 244.0 226.0 242.0
245.0 243.0 240.0 247.0 244.0 224.0 244.0 206.0 240.0 239.0 234.0 241.0
242.0 243.0 245.0 245.0 245.0 245.0 245.0 244.0 244.0 245.0 245.0 244.0
245.0 244.0 249.0 250.0 249.0 248.0 251.0 249.0 248.0 248.0 250.0 246.0
21 80.5086 13.0731 37.3003 33.4109 58.1481 35.9016 55.5405 -0.0326531 
53.0 64.0 48.0 13.0 11.0
241.0 233.0 201.0 238.0 238.0 203.0 233.0 211.0 238.0 239.0 212.0 237.0
243.0 243.0 242.0 243.0 243.0 234.0 248.0 191.0 243.0 244.0 225.0 242.0
244.0 242.0 240.0 247.0 245.0 225.0 244.0 207.0 240.0 238.0 234.0 241.0
242.0 244.0 245.0 246.0 245.0 245.0 246.0 245.0 244.0 244.0 244.0 244.0
244.0 245.0 249.0 250.0 248.0 249.0 250.0 249.0 247.0 249.0 249.0 246.0
20.8637 80.5086 13.0731 37.3003 33.4109 58.8889 35.9016 55.5405 -0.0326531 
55.0 67.0 49.0 13.0 11.0
241.0 232.0 199.0 238.0 237.0 203.0 233.0 211.0 238.0 239.0 210.0 237.0
242.0 243.0 242.0 244.0 242.0 233.0 248.0 187.0 244.0 244.0 225.0 243.0
245.0 242.0 239.0 247.0 245.0 224.0 243.0 206.0 239.0 239.0 234.0 240.0
242.0 243.0 245.0 245.0 245.0 244.0 245.0 244.0 245.0 245.0 245.0 244.0
244.0 244.0 249.0 250.0 249.0 248.0 249.0 248.0 247.0 249.0 249.0 245.0
20.7273 80.397 13.0731 36.7597 33.4109 58.5185 35.9016 55.1256 -0.0326531 
57.0 70.0 50.0 13.0 11.0
241.0 232.0 198.0 238.0 237.0 202.0 233.0 209.0 238.0 239.0 210.0 236.0
243.0 243.0 242.0 243.0 242.0 232.0 248.0 183.0 243.0 244.0 224.0 242.0
245.0 242.0 239.0 247.0 245.0 223.0 243.0 205.0 239.0 239.0 235.0 240.0
242.0 243.0 245.0 245.0 245.0 245.0 245.0 244.0 245.0 245.0 245.0 244.0
244.0 244.0 249.0 249.0 249.0 250.0 250.0 250.0 249.0 249.0 249.0 247.0
20.7273 80.5086 13.0731 36.7597 33.7984 58.1481 35.9016 55.5405 -0.0326531 
57.0 79.0 48.0 13.0 11.0
241.0 231.0 197.0 238.0 238.0 201.0 233.0 209.0 238.0 239.0 209.0 236.0
242.0 243.0 242.0 244.0 243.0 232.0 249.0 177.0 242.0 244.0 221.0 242.0
244.0 243.0 240.0 247.0 245.0 224.0 243.0 206.0 239.0 238.0 235.0 241.0
242.0 243.0 245.0 246.0 245.0 245.0 245.0 244.0 245.0 245.0 244.0 243.0
245.0 245.0 250.0 251.0 248.0 250.0 250.0 249.0 249.0 249.0 250.0 246.0
20.8637 80.7318 13.0731 36.7597 33.7984 58.5185 36.2748 55.9555 0.477551 
58.0 80.0 49.0 13.0 10.0
241.0 231.0 197.0 238.0 237.0 201.0 233.0 209.0 238.0 239.0 208.0 236.0
242.0 243.0 242.0 243.0 242.0 230.0 248.0 175.0 244.0 244.0 220.0 242.0
245.0 243.0 240.0 247.0 245.0 224.0 244.0 206.0 239.0 237.0 235.0 240.0
242.0 244.0 245.0 245.0 245.0 245.0 245.0 244.0 244.0 245.0 245.0 243.0
244.0 245.0 249.0 250.0 249.0 250.0 251.0 250.0 249.0 249.0 250.0 248.0
20.8637 80.7318 13.0731 37.8408 33.7984 58.1481 36.2748 55.9555 0.477551 
59.0 83.0 49.0 13.0 10.0
241.0 231.0 196.0 238.0 237.0 198.0 232.0 207.0 238.0 239.0 208.0 236.0
242.0 243.0 242.0 243.0 243.0 231.0 248.0 171.0 243.0 244.0 220.0 242.0
245.0 243.0 239.0 247.0 246.0 223.0 243.0 206.0 238.0 238.0 235.0 241.0
242.0 244.0 245.0 245.0 245.0 245.0 245.0 245.0 245.0 245.0 244.0 244.0
244.0 246.0 250.0 250.0 249.0 249.0 251.0 249.0 248.0 250.0 249.0 247.0
20.8637 80.7318 13.4577 37.8408 33.7984 58.8889 36.2748 55.5405 0.477551 
60.0 87.0 51.0 13.0 11.0
241.0 231.0 195.0 238.0 237.0 197.0 232.0 206.0 238.0 239.0 207.0 237.0
243.0 243.0 241.0 243.0 242.0 230.0 248.0 167.0 243.0 244.0 220.0 242.0
245.0 242.0 239.0 247.0 245.0 224.0 242.0 205.0 239.0 238.0 235.0 240.0
242.0 243.0 245.0 245.0 245.0 245.0 245.0 245.0 244.0 245.0 245.0 243.0
244.0 245.0 251.0 250.0 250.0 250.0 252.0 250.0 248.0 249.0 251.0 247.0
