-10000
20.7273 80.1737 11.9192 40.5435 27.2093 54.4444 33.2897 32.719 -0.0326531 
35.0 26.0 15.0 13.0 11.0
241.0 237.0 220.0 239.0 238.0 221.0 235.0 228.0 239.0 239.0 228.0 239.0
243.0 243.0 243.0 243.0 242.0 241.0 244.0 228.0 243.0 244.0 229.0 243.0
244.0 243.0 245.0 244.0 243.0 244.0 242.0 243.0 243.0 243.0 240.0 241.0
242.0 244.0 245.0 246.0 246.0 246.0 246.0 245.0 245.0 245.0 245.0 244.0
244.0 244.0 249.0 251.0 249.0 250.0 251.0 250.0 249.0 250.0 249.0 246.0
20.8637 80.5086 11.5346 41.0841 27.5969 55.1852 32.1703 36.8683 0.477551 
36.0 28.0 17.0 13.0 11.0
241.0 237.0 219.0 239.0 239.0 220.0 235.0 226.0 239.0 239.0 229.0 239.0
243.0 243.0 243.0 243.0 243.0 240.0 245.0 225.0 243.0 243.0 227.0 242.0
244.0 243.0 242.0 244.0 243.0 244.0 244.0 242.0 242.0 242.0 238.0 242.0
242.0 244.0 246.0 246.0 246.0 245.0 246.0 245.0 245.0 245.0 245.0 244.0
244.0 244.0 249.0 251.0 250.0 249.0 250.0 249.0 249.0 249.0 250.0 247.0
20.8637 80.955 12.6885 41.6246 30.6977 59.2593 31.424 45.582 0.477551 
38.0 33.0 18.0 13.0 11.0
241.0 236.0 216.0 238.0 238.0 215.0 235.0 222.0 239.0 239.0 225.0 239.0
243.0 243.0 243.0 243.0 242.0 238.0 245.0 219.0 243.0 244.0 234.0 243.0
244.0 243.0 241.0 245.0 244.0 243.0 244.0 236.0 241.0 241.0 237.0 243.0
242.0 244.0 246.0 246.0 246.0 245.0 246.0 246.0 245.0 245.0 245.0 244.0
244.0 245.0 250.0 250.0 250.0 250.0 250.0 250.0 249.0 250.0 250.0 245.0
20.591 80.8434 13.4577 40.5435 30.3101 59.6296 31.7972 46.8268 0.987755 
43.0 39.0 22.0 13.0 11.0
241.0 235.0 210.0 239.0 238.0 211.0 234.0 219.0 239.0 239.0 222.0 238.0
243.0 243.0 242.0 243.0 242.0 237.0 245.0 216.0 243.0 244.0 233.0 242.0
243.0 244.0 241.0 244.0 244.0 241.0 244.0 233.0 239.0 240.0 236.0 244.0
242.0 244.0 245.0 246.0 246.0 245.0 246.0 245.0 245.0 245.0 246.0 244.0
244.0 245.0 250.0 250.0 250.0 250.0 251.0 249.0 249.0 250.0 251.0 246.0
20.4546 80.8434 13.8423 39.4624 30.3101 60 32.5434 48.0717 0.987755 
48.0 47.0 24.0 13.0 11.0
241.0 234.0 206.0 238.0 238.0 207.0 234.0 216.0 238.0 239.0 220.0 238.0
243.0 243.0 242.0 243.0 243.0 235.0 245.0 207.0 243.0 244.0 232.0 242.0
244.0 243.0 241.0 245.0 244.0 240.0 244.0 230.0 239.0 240.0 235.0 244.0
242.0 244.0 246.0 246.0 246.0 245.0 246.0 245.0 245.0 246.0 245.0 244.0
244.0 244.0 250.0 251.0 250.0 250.0 251.0 249.0 249.0 250.0 249.0 248.0
20.4546 81.0666 13.8423 38.9219 30.6977 60.3704 32.9166 49.7314 0.987755 
52.0 52.0 28.0 13.0 11.0
241.0 233.0 203.0 238.0 238.0 206.0 233.0 215.0 238.0 239.0 218.0 238.0
242.0 243.0 243.0 244.0 242.0 233.0 245.0 201.0 243.0 244.0 232.0 243.0
244.0 244.0 241.0 245.0 245.0 238.0 244.0 226.0 239.0 240.0 235.0 244.0
242.0 243.0 245.0 246.0 246.0 245.0 246.0 245.0 245.0 246.0 245.0 244.0
244.0 244.0 250.0 250.0 250.0 250.0 251.0 250.0 249.0 251.0 250.0 247.0
20.591 81.4014 13.8423 38.3814 31.8605 60 33.6628 50.1463 0.987755 
54.0 61.0 30.0 13.0 11.0
241.0 232.0 201.0 238.0 238.0 206.0 233.0 214.0 238.0 239.0 216.0 237.0
243.0 243.0 242.0 243.0 242.0 232.0 245.0 194.0 243.0 244.0 230.0 242.0
244.0 244.0 241.0 246.0 244.0 238.0 244.0 225.0 239.0 239.0 234.0 244.0
242.0 244.0 245.0 246.0 246.0 245.0 246.0 245.0 245.0 246.0 245.0 244.0
244.0 245.0 249.0 250.0 249.0 250.0 251.0 250.0 249.0 251.0 250.0 246.0
20.4546 81.4014 13.4577 38.3814 31.8605 60.7407 34.4091 50.5613 0.987755 
55.0 64.0 32.0 12.0 11.0
241.0 231.0 200.0 238.0 238.0 205.0 233.0 215.0 238.0 239.0 216.0 237.0
242.0 243.0 242.0 243.0 242.0 231.0 245.0 191.0 243.0 244.0 231.0 242.0
244.0 244.0 241.0 246.0 245.0 237.0 244.0 222.0 239.0 239.0 235.0 244.0
242.0 244.0 245.0 246.0 246.0 245.0 246.0 245.0 245.0 245.0 245.0 244.0
244.0 245.0 249.0 250.0 250.0 250.0 250.0 250.0 249.0 250.0 250.0 246.0
20.8637 81.6246 13.4577 37.8408 32.6357 60 35.1554 51.8061 0.477551 
57.0 73.0 36.0 13.0 11.0
241.0 231.0 198.0 238.0 238.0 204.0 234.0 214.0 238.0 238.0 214.0 237.0
242.0 244.0 243.0 243.0 242.0 228.0 245.0 180.0 244.0 243.0 230.0 242.0
244.0 244.0 242.0 248.0 247.0 236.0 245.0 218.0 238.0 238.0 233.0 244.0
242.0 244.0 245.0 246.0 246.0 245.0 246.0 245.0 245.0 245.0 246.0 244.0
244.0 245.0 248.0 251.0 250.0 249.0 251.0 250.0 249.0 250.0 250.0 245.0
21.1364 81.7362 13.4577 37.8408 32.6357 60.3704 35.9016 52.221 0.987755 
59.0 80.0 37.0 12.0 11.0
241.0 230.0 196.0 237.0 237.0 203.0 234.0 214.0 238.0 238.0 213.0 237.0
243.0 243.0 242.0 243.0 242.0 227.0 245.0 175.0 243.0 243.0 228.0 243.0
244.0 244.0 242.0 249.0 247.0 235.0 245.0 217.0 238.0 237.0 233.0 244.0
242.0 244.0 245.0 245.0 245.0 245.0 246.0 245.0 245.0 245.0 245.0 244.0
244.0 245.0 249.0 252.0 250.0 249.0 251.0 249.0 249.0 249.0 250.0 247.0
21.1364 81.7362 13.8423 37.8408 32.6357 60.3704 36.2748 52.221 0.987755 
59.0 83.0 39.0 13.0 11.0
241.0 230.0 195.0 237.0 238.0 203.0 233.0 213.0 238.0 238.0 213.0 237.0
242.0 243.0 242.0 243.0 242.0 228.0 244.0 172.0 242.0 243.0 227.0 242.0
244.0 244.0 242.0 249.0 246.0 235.0 246.0 216.0 237.0 237.0 233.0 244.0
242.0 244.0 246.0 246.0 246.0 245.0 246.0 245.0 245.0 245.0 245.0 244.0
244.0 244.0 250.0 250.0 249.0 251.0 251.0 250.0 249.0 249.0 250.0 247.0
21.2728 81.8479 13.4577 37.8408 33.0233 61.1111 36.2748 53.0509 0.987755 
60.0 87.0 39.0 13.0 11.0
241.0 229.0 194.0 238.0 238.0 202.0 233.0 213.0 238.0 239.0 211.0 236.0
243.0 243.0 242.0 243.0 243.0 226.0 244.0 164.0 243.0 242.0 226.0 242.0
244.0 244.0 243.0 249.0 247.0 233.0 245.0 215.0 238.0 237.0 233.0 244.0
242.0 244.0 246.0 246.0 246.0 245.0 246.0 245.0 245.0 246.0 245.0 244.0
244.0 245.0 251.0 250.0 249.0 249.0 251.0 250.0 250.0 249.0 251.0 246.0
21.2728 82.0711 13.8423 37.3003 33.4109 61.1111 36.6479 53.4659 0.987755 
63.0 97.0 41.0 13.0 11.0
241.0 228.0 192.0 237.0 237.0 202.0 233.0 213.0 238.0 239.0 210.0 235.0
242.0 243.0 243.0 243.0 242.0 226.0 244.0 157.0 242.0 243.0 223.0 242.0
244.0 244.0 242.0 248.0 247.0 232.0 246.0 213.0 238.0 237.0 233.0 244.0
242.0 244.0 245.0 246.0 246.0 245.0 246.0 245.0 245.0 246.0 245.0 244.0
244.0 244.0 251.0 251.0 251.0 248.0 250.0 249.0 250.0 250.0 251.0 246.0
21.1364 81.9595 13.4577 37.3003 33.7984 61.4815 36.6479 54.2957 0.477551 
63.0 101.0 43.0 12.0 11.0
241.0 227.0 192.0 237.0 238.0 202.0 233.0 213.0 238.0 239.0 210.0 235.0
242.0 243.0 242.0 243.0 242.0 226.0 244.0 154.0 242.0 243.0 223.0 242.0
244.0 244.0 242.0 249.0 247.0 231.0 245.0 212.0 238.0 237.0 233.0 244.0
243.0 244.0 245.0 247.0 246.0 245.0 246.0 245.0 245.0 245.0 246.0 244.0
244.0 244.0 249.0 251.0 250.0 250.0 250.0 249.0 249.0 250.0 250.0 246.0
21.1364 81.8479 13.4577 37.3003 33.7984 61.1111 36.6479 54.2957 0.477551 
64.0 103.0 43.0 13.0 11.0
241.0 227.0 191.0 237.0 237.0 202.0 233.0 213.0 238.0 239.0 209.0 235.0
242.0 243.0 242.0 243.0 242.0 226.0 244.0 152.0 242.0 243.0 222.0 243.0
244.0 244.0 242.0 248.0 247.0 230.0 246.0 210.0 238.0 237.0 232.0 244.0
242.0 244.0 246.0 246.0 246.0 245.0 246.0 245.0 245.0 245.0 245.0 244.0
243.0 245.0 250.0 251.0 250.0 250.0 252.0 249.0 249.0 250.0 250.0 246.0
21.2728 81.6246 13.4577 37.8408 33.7984 61.1111 36.6479 54.2957 0.477551 
64.0 103.0 45.0 13.0 11.0
241.0 227.0 191.0 237.0 238.0 201.0 233.0 212.0 238.0 239.0 209.0 236.0
243.0 243.0 243.0 243.0 242.0 226.0 244.0 151.0 242.0 243.0 221.0 243.0
244.0 244.0 242.0 248.0 247.0 230.0 246.0 211.0 237.0 237.0 232.0 244.0
242.0 244.0 245.0 246.0 245.0 245.0 246.0 245.0 245.0 246.0 245.0 244.0
245.0 244.0 249.0 250.0 250.0 249.0 251.0 250.0 248.0 250.0 250.0 247.0
21.2728 81.6246 13.0731 37.3003 33.7984 61.1111 36.6479 54.2957 0.477551 
64.0 104.0 47.0 13.0 11.0
241.0 227.0 190.0 237.0 237.0 202.0 233.0 212.0 238.0 239.0 209.0 235.0
243.0 243.0 242.0 244.0 242.0 226.0 244.0 151.0 242.0 243.0 221.0 242.0
244.0 244.0 242.0 249.0 246.0 228.0 245.0 207.0 238.0 237.0 232.0 244.0
242.0 244.0 245.0 246.0 246.0 245.0 246.0 245.0 244.0 246.0 245.0 244.0
244.0 245.0 250.0 250.0 249.0 250.0 252.0 250.0 249.0 250.0 250.0 247.0
21.2728 81.513 13.0731 37.3003 33.7984 61.4815 37.021 54.2957 0.477551 
64.0 103.0 48.0 13.0 11.0
241.0 227.0 190.0 237.0 238.0 201.0 234.0 212.0 238.0 239.0 208.0 235.0
243.0 242.0 243.0 244.0 242.0 227.0 244.0 150.0 242.0 243.0 220.0 243.0
244.0 244.0 242.0 248.0 246.0 227.0 245.0 207.0 238.0 237.0 231.0 244.0
242.0 244.0 245.0 246.0 246.0 245.0 246.0 245.0 245.0 245.0 245.0 244.0
244.0 245.0 250.0 250.0 250.0 249.0 251.0 251.0 249.0 249.0 250.0 246.0
