-10000
21.2728 80.5086 9.99615 40.5435 30.3101 54.8148 28.8121 49.3165 0.477551 
36.0 25.0 22.0 13.0 11.0
241.0 235.0 219.0 239.0 239.0 225.0 237.0 229.0 240.0 239.0 227.0 238.0
242.0 243.0 243.0 243.0 242.0 239.0 244.0 231.0 243.0 244.0 230.0 242.0
245.0 242.0 242.0 247.0 243.0 243.0 242.0 233.0 240.0 240.0 235.0 241.0
242.0 244.0 245.0 245.0 246.0 245.0 246.0 245.0 245.0 245.0 245.0 244.0
244.0 245.0 250.0 250.0 249.0 250.0 251.0 250.0 247.0 249.0 250.0 246.0
21.1364 79.9505 13.8423 39.4624 29.9225 56.6667 29.1852 51.8061 0.987755 
41.0 27.0 24.0 13.0 11.0
241.0 234.0 213.0 239.0 238.0 219.0 236.0 225.0 239.0 239.0 223.0 238.0
242.0 243.0 243.0 243.0 242.0 239.0 243.0 228.0 244.0 244.0 227.0 242.0
244.0 243.0 241.0 246.0 244.0 241.0 243.0 231.0 240.0 240.0 234.0 242.0
242.0 244.0 245.0 246.0 245.0 245.0 245.0 244.0 244.0 245.0 245.0 244.0
244.0 245.0 249.0 249.0 249.0 250.0 250.0 249.0 248.0 249.0 249.0 246.0
21.1364 79.9505 14.6115 37.8408 29.9225 56.6667 29.9315 52.221 0.987755 
46.0 31.0 26.0 13.0 11.0
241.0 232.0 208.0 238.0 238.0 217.0 236.0 223.0 239.0 238.0 220.0 237.0
243.0 243.0 242.0 243.0 242.0 238.0 243.0 224.0 244.0 244.0 224.0 243.0
244.0 243.0 241.0 247.0 244.0 241.0 242.0 229.0 240.0 240.0 233.0 243.0
242.0 244.0 245.0 246.0 246.0 246.0 246.0 245.0 245.0 246.0 245.0 244.0
244.0 244.0 250.0 250.0 250.0 249.0 250.0 251.0 249.0 249.0 250.0 246.0
21.1364 79.9505 14.9962 37.8408 29.9225 57.4074 31.7972 52.221 1.49796 
49.0 33.0 29.0 13.0 11.0
241.0 231.0 206.0 238.0 238.0 216.0 235.0 222.0 238.0 239.0 218.0 237.0
243.0 243.0 242.0 243.0 242.0 237.0 244.0 220.0 243.0 244.0 222.0 242.0
244.0 243.0 242.0 247.0 244.0 239.0 243.0 225.0 238.0 240.0 232.0 243.0
242.0 244.0 245.0 246.0 245.0 245.0 245.0 245.0 245.0 245.0 245.0 244.0
244.0 244.0 248.0 251.0 249.0 250.0 250.0 250.0 249.0 250.0 250.0 246.0
21.2728 80.1737 14.6115 37.8408 30.3101 57.7778 32.5434 52.636 1.49796 
51.0 39.0 31.0 13.0 11.0
241.0 230.0 204.0 238.0 238.0 214.0 235.0 221.0 238.0 239.0 218.0 237.0
243.0 243.0 241.0 243.0 242.0 236.0 244.0 215.0 244.0 244.0 219.0 243.0
244.0 243.0 240.0 247.0 244.0 239.0 244.0 224.0 239.0 239.0 232.0 243.0
242.0 243.0 245.0 246.0 245.0 245.0 245.0 245.0 245.0 245.0 245.0 244.0
244.0 245.0 248.0 250.0 250.0 250.0 251.0 250.0 249.0 250.0 249.0 247.0
21.2728 80.2854 14.6115 37.8408 30.6977 58.5185 33.6628 53.0509 1.49796 
53.0 47.0 34.0 13.0 11.0
241.0 230.0 202.0 238.0 238.0 213.0 235.0 222.0 239.0 239.0 217.0 236.0
242.0 243.0 241.0 243.0 242.0 237.0 244.0 208.0 243.0 244.0 218.0 243.0
245.0 244.0 241.0 248.0 245.0 237.0 244.0 221.0 238.0 238.0 233.0 243.0
242.0 244.0 245.0 246.0 246.0 245.0 245.0 244.0 244.0 245.0 245.0 243.0
244.0 245.0 249.0 250.0 249.0 249.0 251.0 249.0 248.0 249.0 250.0 247.0
21.1364 80.5086 14.2269 37.8408 31.4729 58.5185 34.7822 53.4659 0.987755 
54.0 54.0 36.0 13.0 11.0
242.0 228.0 201.0 238.0 238.0 213.0 235.0 220.0 239.0 239.0 217.0 236.0
242.0 243.0 241.0 243.0 242.0 234.0 244.0 201.0 243.0 243.0 215.0 242.0
244.0 243.0 240.0 249.0 246.0 236.0 244.0 218.0 238.0 238.0 232.0 242.0
242.0 243.0 245.0 246.0 245.0 245.0 246.0 245.0 244.0 245.0 245.0 244.0
244.0 244.0 250.0 250.0 249.0 249.0 250.0 251.0 248.0 249.0 249.0 246.0
21 80.5086 14.2269 37.8408 31.4729 59.2593 35.1554 53.4659 0.987755 
55.0 57.0 38.0 13.0 11.0
242.0 228.0 200.0 238.0 239.0 213.0 235.0 221.0 239.0 239.0 215.0 235.0
243.0 243.0 241.0 243.0 242.0 234.0 245.0 198.0 243.0 244.0 216.0 242.0
245.0 243.0 240.0 249.0 245.0 235.0 244.0 216.0 237.0 238.0 232.0 242.0
243.0 243.0 246.0 246.0 246.0 245.0 246.0 244.0 244.0 245.0 245.0 244.0
244.0 245.0 250.0 251.0 249.0 251.0 251.0 250.0 248.0 250.0 250.0 246.0
20.8637 80.6202 14.2269 37.8408 32.2481 58.1481 35.5285 53.4659 0.987755 
57.0 66.0 39.0 12.0 12.0
241.0 226.0 198.0 238.0 238.0 212.0 235.0 220.0 239.0 239.0 214.0 235.0
242.0 243.0 241.0 243.0 242.0 232.0 245.0 189.0 244.0 243.0 210.0 243.0
245.0 243.0 240.0 249.0 245.0 235.0 244.0 216.0 238.0 238.0 232.0 242.0
242.0 244.0 245.0 246.0 245.0 245.0 246.0 245.0 244.0 245.0 245.0 244.0
244.0 245.0 249.0 251.0 250.0 249.0 250.0 249.0 248.0 249.0 251.0 246.0
21 80.8434 14.2269 37.8408 32.2481 58.5185 35.9016 53.4659 0.987755 
58.0 68.0 40.0 14.0 12.0
242.0 226.0 197.0 238.0 238.0 211.0 235.0 219.0 238.0 238.0 213.0 235.0
243.0 243.0 240.0 242.0 242.0 232.0 245.0 187.0 244.0 243.0 209.0 243.0
245.0 244.0 240.0 249.0 246.0 233.0 244.0 214.0 237.0 238.0 232.0 242.0
242.0 244.0 245.0 245.0 246.0 245.0 247.0 245.0 244.0 245.0 245.0 244.0
244.0 245.0 247.0 250.0 250.0 250.0 251.0 249.0 248.0 249.0 251.0 247.0
21 80.8434 14.2269 37.8408 32.6357 58.5185 35.9016 53.8808 0.987755 
59.0 71.0 41.0 13.0 11.0
241.0 225.0 196.0 238.0 238.0 210.0 235.0 219.0 238.0 239.0 213.0 235.0
242.0 243.0 240.0 243.0 242.0 232.0 245.0 184.0 243.0 244.0 208.0 242.0
245.0 243.0 240.0 250.0 245.0 233.0 244.0 213.0 237.0 237.0 231.0 242.0
243.0 244.0 245.0 245.0 245.0 245.0 245.0 245.0 245.0 245.0 245.0 244.0
244.0 245.0 249.0 249.0 249.0 250.0 251.0 249.0 249.0 251.0 250.0 246.0
21 80.8434 13.8423 37.8408 32.6357 59.6296 36.2748 54.7107 0.987755 
59.0 77.0 42.0 13.0 12.0
241.0 224.0 195.0 238.0 238.0 211.0 235.0 220.0 239.0 239.0 212.0 234.0
242.0 242.0 240.0 243.0 242.0 230.0 246.0 176.0 243.0 242.0 209.0 243.0
246.0 243.0 240.0 250.0 246.0 232.0 244.0 211.0 237.0 238.0 232.0 242.0
243.0 244.0 245.0 246.0 246.0 245.0 245.0 245.0 244.0 245.0 245.0 244.0
244.0 245.0 249.0 249.0 250.0 249.0 251.0 250.0 248.0 251.0 249.0 246.0
20.7273 80.955 13.4577 37.8408 33.4109 60.3704 36.6479 54.7107 0.477551 
62.0 86.0 45.0 13.0 11.0
241.0 222.0 194.0 238.0 238.0 210.0 235.0 219.0 238.0 239.0 211.0 233.0
242.0 242.0 240.0 243.0 242.0 228.0 245.0 168.0 243.0 242.0 207.0 243.0
246.0 243.0 241.0 251.0 246.0 230.0 244.0 209.0 237.0 238.0 231.0 241.0
242.0 244.0 245.0 246.0 245.0 245.0 245.0 245.0 245.0 245.0 245.0 244.0
244.0 245.0 249.0 251.0 249.0 249.0 250.0 250.0 248.0 250.0 250.0 246.0
20.7273 80.8434 13.0731 37.8408 33.4109 60.3704 37.021 55.1256 0.477551 
61.0 90.0 47.0 13.0 11.0
241.0 221.0 193.0 238.0 238.0 211.0 235.0 220.0 238.0 239.0 210.0 232.0
243.0 243.0 240.0 243.0 242.0 228.0 245.0 165.0 243.0 242.0 207.0 243.0
246.0 242.0 241.0 251.0 246.0 229.0 244.0 208.0 237.0 237.0 232.0 241.0
242.0 244.0 245.0 245.0 245.0 245.0 246.0 245.0 245.0 246.0 245.0 244.0
244.0 244.0 249.0 250.0 249.0 249.0 250.0 250.0 248.0 250.0 249.0 246.0
20.7273 80.955 13.0731 37.8408 33.7984 60.7407 37.021 55.5405 0.477551 
62.0 91.0 49.0 13.0 11.0
242.0 221.0 193.0 238.0 238.0 211.0 235.0 219.0 238.0 239.0 210.0 232.0
242.0 243.0 240.0 242.0 242.0 228.0 246.0 165.0 243.0 242.0 207.0 243.0
246.0 243.0 241.0 250.0 246.0 227.0 244.0 207.0 237.0 237.0 231.0 241.0
242.0 244.0 245.0 246.0 245.0 245.0 245.0 245.0 245.0 245.0 245.0 244.0
244.0 245.0 250.0 250.0 249.0 250.0 251.0 249.0 248.0 249.0 250.0 247.0
20.8637 81.0666 13.0731 37.8408 33.7984 60.3704 37.021 55.5405 0.477551 
62.0 91.0 48.0 12.0 11.0
241.0 221.0 193.0 238.0 238.0 211.0 235.0 219.0 238.0 239.0 210.0 232.0
242.0 243.0 240.0 243.0 242.0 228.0 245.0 163.0 243.0 242.0 206.0 243.0
245.0 242.0 240.0 250.0 247.0 228.0 244.0 206.0 237.0 237.0 231.0 241.0
242.0 244.0 245.0 246.0 245.0 245.0 246.0 245.0 245.0 245.0 245.0 244.0
244.0 245.0 250.0 250.0 250.0 250.0 251.0 250.0 248.0 249.0 250.0 247.0
20.8637 80.955 13.0731 37.8408 33.7984 60.7407 37.021 55.9555 0.477551 
63.0 95.0 48.0 13.0 11.0
241.0 220.0 193.0 238.0 238.0 211.0 235.0 218.0 238.0 239.0 210.0 232.0
242.0 243.0 240.0 242.0 241.0 227.0 245.0 159.0 243.0 242.0 204.0 243.0
246.0 243.0 240.0 250.0 247.0 228.0 244.0 207.0 236.0 238.0 232.0 241.0
242.0 244.0 246.0 245.0 246.0 245.0 245.0 245.0 244.0 245.0 245.0 244.0
245.0 244.0 250.0 250.0 249.0 250.0 250.0 250.0 248.0 249.0 250.0 246.0
