-10000
21 80.955 13.4577 38.9219 27.2093 55.5556 34.036 32.304 -0.542857 
37.0 30.0 15.0 13.0 11.0
241.0 237.0 219.0 239.0 238.0 218.0 235.0 223.0 239.0 239.0 227.0 240.0
242.0 243.0 242.0 244.0 243.0 240.0 246.0 228.0 243.0 244.0 225.0 242.0
245.0 243.0 245.0 246.0 243.0 244.0 241.0 241.0 240.0 241.0 240.0 240.0
242.0 243.0 244.0 245.0 245.0 244.0 244.0 244.0 244.0 245.0 244.0 243.0
244.0 244.0 250.0 250.0 248.0 248.0 250.0 249.0 249.0 249.0 249.0 245.0
21 81.513 12.6885 40.003 29.5349 56.2963 35.5285 36.4534 0.477551 
38.0 31.0 20.0 13.0 11.0
241.0 237.0 218.0 238.0 238.0 217.0 234.0 222.0 239.0 239.0 226.0 239.0
243.0 243.0 243.0 243.0 242.0 239.0 246.0 224.0 243.0 244.0 225.0 242.0
246.0 243.0 244.0 247.0 244.0 244.0 241.0 237.0 240.0 241.0 235.0 240.0
242.0 243.0 245.0 245.0 245.0 244.0 245.0 244.0 244.0 245.0 245.0 243.0
244.0 245.0 249.0 249.0 249.0 249.0 251.0 249.0 247.0 249.0 248.0 246.0
21 81.7362 13.8423 40.003 31.0853 60.3704 35.5285 43.5073 -0.0326531 
42.0 36.0 25.0 13.0 11.0
241.0 236.0 214.0 238.0 238.0 212.0 233.0 216.0 239.0 239.0 222.0 239.0
243.0 242.0 242.0 243.0 243.0 235.0 246.0 217.0 244.0 243.0 230.0 242.0
245.0 243.0 243.0 248.0 244.0 240.0 243.0 230.0 239.0 240.0 235.0 241.0
242.0 244.0 245.0 245.0 245.0 244.0 245.0 244.0 244.0 245.0 244.0 244.0
244.0 245.0 247.0 249.0 249.0 249.0 250.0 249.0 247.0 250.0 249.0 246.0
21 81.4014 13.8423 39.4624 31.0853 61.1111 35.9016 45.1671 -0.0326531 
46.0 42.0 28.0 13.0 10.0
241.0 235.0 209.0 238.0 238.0 208.0 233.0 212.0 238.0 239.0 218.0 238.0
242.0 243.0 242.0 243.0 242.0 233.0 246.0 212.0 244.0 244.0 230.0 242.0
245.0 243.0 243.0 248.0 245.0 239.0 242.0 226.0 238.0 239.0 234.0 241.0
242.0 244.0 245.0 245.0 245.0 244.0 244.0 244.0 244.0 245.0 244.0 243.0
244.0 244.0 249.0 250.0 248.0 248.0 249.0 250.0 247.0 249.0 249.0 245.0
20.8637 81.0666 14.2269 38.3814 31.4729 60.3704 35.9016 46.8268 -0.0326531 
50.0 48.0 31.0 13.0 11.0
241.0 234.0 205.0 238.0 238.0 206.0 233.0 209.0 239.0 239.0 213.0 237.0
242.0 242.0 242.0 243.0 242.0 230.0 246.0 205.0 243.0 243.0 230.0 242.0
245.0 243.0 242.0 248.0 245.0 237.0 243.0 223.0 238.0 238.0 233.0 241.0
242.0 243.0 245.0 244.0 245.0 244.0 245.0 244.0 244.0 245.0 245.0 243.0
244.0 245.0 250.0 250.0 249.0 249.0 250.0 250.0 248.0 249.0 250.0 245.0
20.8637 81.1782 14.2269 37.3003 31.8605 61.1111 35.9016 48.0717 -0.542857 
52.0 53.0 36.0 13.0 10.0
241.0 233.0 203.0 238.0 237.0 205.0 233.0 209.0 238.0 239.0 212.0 238.0
242.0 243.0 242.0 243.0 242.0 229.0 247.0 203.0 242.0 243.0 230.0 242.0
245.0 243.0 242.0 249.0 245.0 234.0 244.0 219.0 237.0 238.0 232.0 242.0
242.0 243.0 245.0 245.0 245.0 244.0 245.0 244.0 244.0 245.0 244.0 243.0
244.0 245.0 248.0 250.0 249.0 248.0 250.0 249.0 248.0 249.0 249.0 245.0
21 81.1782 14.2269 36.7597 32.2481 61.1111 35.9016 48.9015 -0.542857 
54.0 54.0 39.0 14.0 11.0
240.0 233.0 201.0 238.0 237.0 204.0 233.0 208.0 238.0 239.0 210.0 237.0
242.0 243.0 241.0 243.0 242.0 227.0 246.0 199.0 243.0 243.0 231.0 242.0
245.0 243.0 242.0 250.0 245.0 233.0 244.0 216.0 237.0 238.0 232.0 241.0
241.0 243.0 244.0 245.0 245.0 244.0 245.0 244.0 244.0 245.0 244.0 243.0
243.0 245.0 249.0 251.0 248.0 250.0 250.0 250.0 248.0 248.0 248.0 246.0
21.1364 81.513 13.8423 36.7597 32.6357 61.4815 36.2748 49.7314 -0.542857 
55.0 62.0 41.0 13.0 11.0
240.0 232.0 199.0 237.0 238.0 204.0 233.0 208.0 238.0 239.0 209.0 237.0
242.0 242.0 241.0 243.0 242.0 224.0 245.0 192.0 243.0 242.0 230.0 242.0
246.0 243.0 242.0 250.0 246.0 232.0 244.0 214.0 236.0 237.0 232.0 241.0
242.0 243.0 246.0 245.0 245.0 245.0 245.0 244.0 244.0 245.0 244.0 243.0
244.0 245.0 248.0 250.0 248.0 249.0 251.0 249.0 248.0 249.0 250.0 244.0
21.1364 81.513 13.8423 36.7597 33.0233 61.8519 36.2748 50.5613 -0.542857 
57.0 65.0 44.0 13.0 11.0
241.0 231.0 198.0 237.0 237.0 203.0 233.0 207.0 238.0 239.0 207.0 237.0
242.0 243.0 241.0 242.0 242.0 224.0 246.0 190.0 243.0 242.0 230.0 243.0
245.0 243.0 242.0 250.0 247.0 230.0 244.0 210.0 237.0 237.0 231.0 242.0
242.0 243.0 245.0 245.0 245.0 244.0 245.0 244.0 244.0 244.0 244.0 243.0
243.0 245.0 248.0 249.0 248.0 249.0 249.0 250.0 247.0 249.0 249.0 245.0
21 80.955 13.8423 36.7597 32.6357 62.2222 36.2748 51.3912 -0.542857 
59.0 70.0 47.0 13.0 11.0
241.0 231.0 196.0 237.0 237.0 202.0 233.0 205.0 238.0 239.0 205.0 236.0
242.0 243.0 242.0 243.0 242.0 223.0 245.0 186.0 242.0 241.0 230.0 242.0
245.0 243.0 242.0 250.0 247.0 229.0 244.0 208.0 236.0 237.0 231.0 241.0
242.0 243.0 245.0 245.0 245.0 244.0 245.0 244.0 244.0 245.0 244.0 243.0
244.0 245.0 248.0 249.0 249.0 249.0 249.0 248.0 248.0 249.0 249.0 246.0
21 81.0666 13.8423 36.7597 33.4109 61.8519 36.6479 51.8061 -0.542857 
59.0 79.0 47.0 13.0 11.0
240.0 230.0 196.0 237.0 237.0 201.0 233.0 204.0 238.0 239.0 203.0 236.0
242.0 243.0 242.0 242.0 241.0 220.0 245.0 176.0 242.0 241.0 230.0 243.0
245.0 243.0 243.0 250.0 247.0 230.0 244.0 208.0 236.0 236.0 231.0 242.0
242.0 243.0 245.0 245.0 245.0 244.0 245.0 244.0 244.0 245.0 244.0 243.0
243.0 244.0 249.0 249.0 248.0 249.0 250.0 249.0 248.0 248.0 250.0 245.0
21 81.1782 13.8423 36.2192 33.4109 62.5926 36.6479 52.221 -0.542857 
60.0 80.0 49.0 13.0 11.0
240.0 229.0 194.0 237.0 237.0 201.0 233.0 203.0 238.0 239.0 203.0 236.0
242.0 243.0 241.0 243.0 242.0 219.0 244.0 173.0 242.0 241.0 230.0 243.0
245.0 243.0 243.0 250.0 247.0 228.0 244.0 206.0 235.0 236.0 231.0 241.0
242.0 243.0 245.0 245.0 245.0 245.0 245.0 244.0 244.0 245.0 244.0 243.0
244.0 244.0 249.0 249.0 249.0 248.0 250.0 248.0 248.0 249.0 248.0 245.0
21 81.0666 13.4577 36.7597 33.7984 62.5926 37.021 52.221 -0.542857 
61.0 84.0 53.0 13.0 11.0
240.0 229.0 194.0 237.0 237.0 200.0 232.0 203.0 238.0 239.0 201.0 235.0
242.0 243.0 241.0 242.0 242.0 219.0 244.0 171.0 242.0 241.0 230.0 242.0
245.0 243.0 243.0 250.0 247.0 226.0 244.0 202.0 235.0 236.0 230.0 241.0
242.0 244.0 245.0 245.0 245.0 244.0 244.0 244.0 244.0 244.0 244.0 244.0
243.0 244.0 249.0 250.0 249.0 247.0 250.0 249.0 248.0 248.0 249.0 245.0
