-10000
21.1364 81.0666 13.4577 39.4624 27.2093 59.2593 31.7972 45.582 -2.07347 
40.0 35.0 28.0 13.0 11.0
242.0 237.0 218.0 239.0 238.0 215.0 234.0 220.0 239.0 239.0 226.0 239.0
242.0 243.0 242.0 243.0 242.0 239.0 245.0 221.0 243.0 244.0 230.0 242.0
245.0 242.0 242.0 247.0 245.0 240.0 242.0 228.0 238.0 239.0 236.0 239.0
242.0 244.0 244.0 245.0 245.0 244.0 245.0 244.0 244.0 245.0 244.0 243.0
244.0 245.0 249.0 250.0 248.0 249.0 251.0 249.0 248.0 249.0 249.0 245.0
21.1364 80.955 16.9192 38.9219 27.9845 59.2593 32.1703 46.4119 -0.542857 
45.0 36.0 28.0 13.0 11.0
241.0 237.0 215.0 238.0 238.0 209.0 232.0 213.0 239.0 239.0 224.0 239.0
242.0 243.0 243.0 243.0 242.0 238.0 246.0 218.0 243.0 244.0 229.0 242.0
245.0 242.0 242.0 247.0 244.0 239.0 242.0 226.0 238.0 239.0 235.0 240.0
242.0 243.0 245.0 245.0 245.0 244.0 245.0 244.0 244.0 245.0 244.0 244.0
245.0 244.0 250.0 250.0 249.0 249.0 250.0 251.0 248.0 250.0 249.0 247.0
21.1364 81.0666 16.9192 37.8408 28.7597 58.5185 32.5434 47.2418 -0.542857 
48.0 39.0 31.0 13.0 11.0
241.0 236.0 213.0 238.0 237.0 206.0 232.0 210.0 238.0 239.0 222.0 239.0
242.0 243.0 242.0 243.0 242.0 238.0 246.0 215.0 243.0 244.0 226.0 242.0
244.0 243.0 242.0 247.0 245.0 239.0 243.0 223.0 238.0 238.0 234.0 241.0
242.0 243.0 244.0 245.0 245.0 244.0 245.0 244.0 244.0 245.0 244.0 243.0
244.0 244.0 249.0 249.0 250.0 249.0 250.0 249.0 248.0 249.0 250.0 246.0
21 81.1782 16.9192 37.3003 29.1473 58.5185 32.9166 48.0717 -0.542857 
50.0 44.0 36.0 13.0 11.0
241.0 236.0 208.0 238.0 238.0 204.0 232.0 208.0 238.0 239.0 218.0 239.0
242.0 243.0 243.0 243.0 241.0 236.0 246.0 212.0 242.0 244.0 227.0 242.0
245.0 242.0 241.0 248.0 245.0 235.0 243.0 218.0 237.0 238.0 233.0 241.0
242.0 244.0 245.0 245.0 245.0 244.0 245.0 244.0 244.0 245.0 244.0 244.0
244.0 244.0 249.0 250.0 248.0 249.0 249.0 250.0 248.0 249.0 249.0 246.0
20.7273 81.0666 16.15 36.7597 30.6977 59.2593 34.036 49.3165 -0.542857 
52.0 48.0 39.0 13.0 11.0
242.0 235.0 206.0 237.0 237.0 202.0 232.0 207.0 238.0 239.0 215.0 238.0
242.0 242.0 242.0 243.0 242.0 234.0 246.0 205.0 242.0 243.0 227.0 243.0
245.0 242.0 241.0 249.0 246.0 233.0 243.0 217.0 238.0 237.0 234.0 241.0
242.0 243.0 246.0 245.0 245.0 244.0 245.0 244.0 244.0 245.0 245.0 244.0
243.0 244.0 248.0 249.0 248.0 249.0 250.0 249.0 249.0 250.0 249.0 245.0
20.591 81.1782 15.7654 36.7597 30.6977 59.2593 34.036 49.7314 -0.542857 
53.0 52.0 41.0 13.0 11.0
241.0 234.0 204.0 238.0 237.0 202.0 232.0 206.0 238.0 239.0 215.0 238.0
242.0 243.0 242.0 243.0 242.0 232.0 246.0 203.0 242.0 242.0 227.0 242.0
245.0 242.0 241.0 249.0 246.0 231.0 244.0 214.0 236.0 237.0 234.0 241.0
242.0 243.0 245.0 245.0 245.0 244.0 245.0 244.0 244.0 245.0 244.0 243.0
244.0 244.0 249.0 249.0 249.0 250.0 249.0 250.0 248.0 250.0 249.0 246.0
20.3182 81.1782 15.3808 35.6786 31.4729 60.3704 34.4091 51.3912 -0.542857 
54.0 55.0 42.0 13.0 11.0
241.0 234.0 202.0 238.0 237.0 201.0 232.0 206.0 238.0 239.0 212.0 238.0
242.0 242.0 241.0 242.0 241.0 230.0 245.0 199.0 242.0 243.0 229.0 242.0
245.0 242.0 241.0 249.0 246.0 230.0 243.0 212.0 236.0 237.0 234.0 241.0
242.0 243.0 244.0 245.0 245.0 244.0 245.0 244.0 244.0 245.0 244.0 243.0
243.0 245.0 249.0 250.0 249.0 249.0 250.0 249.0 247.0 250.0 249.0 246.0
21 81.513 14.9962 36.2192 32.2481 60.3704 34.7822 51.8061 -0.542857 
54.0 60.0 43.0 13.0 11.0
241.0 233.0 201.0 237.0 238.0 200.0 232.0 205.0 238.0 239.0 211.0 238.0
242.0 243.0 242.0 243.0 241.0 226.0 245.0 196.0 241.0 241.0 230.0 242.0
245.0 243.0 242.0 250.0 247.0 231.0 243.0 212.0 237.0 237.0 234.0 241.0
242.0 243.0 245.0 245.0 245.0 245.0 245.0 244.0 244.0 245.0 244.0 243.0
244.0 244.0 248.0 249.0 249.0 249.0 250.0 249.0 248.0 249.0 248.0 246.0
21 81.513 14.6115 36.7597 32.2481 60.3704 35.5285 51.8061 -0.0326531 
56.0 62.0 46.0 13.0 11.0
241.0 233.0 200.0 238.0 237.0 198.0 232.0 203.0 238.0 239.0 210.0 237.0
242.0 243.0 241.0 242.0 242.0 225.0 245.0 193.0 241.0 241.0 231.0 243.0
245.0 242.0 242.0 249.0 247.0 230.0 244.0 208.0 236.0 237.0 233.0 241.0
242.0 243.0 245.0 245.0 245.0 245.0 245.0 244.0 244.0 245.0 244.0 244.0
244.0 244.0 249.0 250.0 249.0 248.0 250.0 249.0 248.0 249.0 249.0 246.0
20.8637 81.0666 14.6115 36.2192 32.2481 60.3704 35.5285 51.3912 -0.0326531 
58.0 63.0 50.0 13.0 11.0
241.0 233.0 198.0 237.0 237.0 197.0 231.0 201.0 238.0 239.0 209.0 237.0
242.0 243.0 242.0 242.0 241.0 224.0 245.0 191.0 241.0 241.0 230.0 243.0
244.0 243.0 241.0 249.0 247.0 227.0 244.0 204.0 235.0 236.0 233.0 241.0
242.0 244.0 245.0 245.0 245.0 244.0 246.0 244.0 244.0 244.0 244.0 243.0
244.0 244.0 249.0 250.0 248.0 249.0 250.0 249.0 248.0 248.0 249.0 245.0
21 81.1782 14.2269 36.2192 33.4109 60.3704 36.2748 52.221 -0.0326531 
59.0 72.0 49.0 13.0 11.0
241.0 232.0 197.0 237.0 237.0 196.0 232.0 201.0 238.0 239.0 206.0 237.0
242.0 242.0 241.0 243.0 241.0 220.0 245.0 183.0 240.0 241.0 230.0 242.0
245.0 243.0 242.0 250.0 248.0 229.0 244.0 205.0 235.0 236.0 233.0 241.0
242.0 243.0 244.0 245.0 245.0 245.0 245.0 244.0 244.0 245.0 244.0 244.0
244.0 244.0 250.0 249.0 249.0 248.0 250.0 249.0 249.0 249.0 249.0 246.0
21 81.2898 14.2269 36.7597 33.4109 60.3704 36.2748 52.636 -0.0326531 
59.0 73.0 52.0 13.0 11.0
240.0 232.0 196.0 237.0 237.0 195.0 232.0 201.0 238.0 239.0 205.0 237.0
242.0 243.0 241.0 242.0 241.0 219.0 244.0 179.0 240.0 240.0 230.0 243.0
245.0 243.0 242.0 250.0 248.0 229.0 244.0 204.0 235.0 236.0 233.0 241.0
242.0 243.0 245.0 245.0 245.0 245.0 246.0 244.0 244.0 245.0 244.0 244.0
244.0 246.0 250.0 250.0 249.0 250.0 251.0 250.0 249.0 249.0 250.0 247.0
21.1364 81.1782 14.2269 37.3003 33.4109 60.7407 36.2748 52.636 0.477551 
61.0 78.0 51.0 13.0 11.0
240.0 232.0 196.0 237.0 237.0 194.0 231.0 199.0 237.0 239.0 205.0 237.0
242.0 243.0 242.0 242.0 241.0 218.0 244.0 177.0 240.0 240.0 229.0 242.0
245.0 243.0 242.0 250.0 248.0 228.0 244.0 203.0 235.0 236.0 233.0 241.0
242.0 243.0 245.0 246.0 245.0 245.0 245.0 245.0 244.0 245.0 244.0 243.0
244.0 245.0 249.0 251.0 249.0 250.0 251.0 250.0 248.0 249.0 251.0 246.0
21.1364 81.0666 14.2269 37.8408 33.4109 60.7407 36.2748 52.221 -0.0326531 
62.0 80.0 53.0 13.0 10.0
240.0 232.0 196.0 238.0 236.0 193.0 231.0 198.0 238.0 239.0 204.0 237.0
242.0 243.0 241.0 242.0 241.0 217.0 244.0 175.0 240.0 240.0 230.0 242.0
245.0 243.0 242.0 249.0 248.0 228.0 244.0 202.0 235.0 236.0 232.0 241.0
242.0 244.0 245.0 244.0 245.0 245.0 245.0 244.0 244.0 244.0 244.0 243.0
245.0 245.0 250.0 250.0 249.0 248.0 251.0 250.0 249.0 249.0 250.0 246.0
21 81.0666 14.2269 37.8408 33.4109 60.7407 36.2748 52.221 -0.0326531 
62.0 83.0 52.0 13.0 11.0
240.0 232.0 195.0 237.0 237.0 192.0 231.0 198.0 238.0 239.0 204.0 237.0
242.0 243.0 241.0 242.0 241.0 217.0 244.0 173.0 240.0 240.0 229.0 242.0
245.0 243.0 242.0 251.0 248.0 228.0 244.0 203.0 235.0 236.0 233.0 241.0
242.0 243.0 245.0 245.0 245.0 245.0 245.0 245.0 244.0 245.0 244.0 243.0
245.0 245.0 250.0 251.0 249.0 250.0 251.0 250.0 249.0 250.0 250.0 246.0
21 80.955 14.2269 37.3003 33.7984 60.7407 36.2748 52.636 0.477551 
63.0 83.0 52.0 13.0 11.0
240.0 232.0 195.0 237.0 236.0 193.0 231.0 198.0 238.0 239.0 204.0 237.0
242.0 243.0 241.0 243.0 241.0 215.0 244.0 169.0 240.0 240.0 230.0 242.0
245.0 243.0 242.0 250.0 247.0 229.0 244.0 204.0 234.0 236.0 232.0 241.0
242.0 244.0 245.0 245.0 244.0 245.0 245.0 244.0 244.0 245.0 244.0 244.0
244.0 245.0 250.0 251.0 248.0 250.0 250.0 249.0 249.0 249.0 250.0 247.0
21 81.0666 13.8423 37.3003 33.7984 60.7407 36.2748 52.221 -0.0326531 
63.0 86.0 52.0 13.0 11.0
240.0 232.0 194.0 237.0 237.0 192.0 231.0 198.0 238.0 239.0 204.0 237.0
242.0 243.0 241.0 243.0 241.0 216.0 245.0 169.0 240.0 240.0 229.0 243.0
245.0 243.0 243.0 250.0 247.0 229.0 244.0 203.0 235.0 236.0 233.0 241.0
242.0 244.0 245.0 245.0 245.0 245.0 245.0 244.0 244.0 245.0 244.0 243.0
244.0 244.0 248.0 249.0 248.0 249.0 251.0 249.0 247.0 250.0 249.0 247.0
