-10000
21.1364 79.5041 10.7654 0.00297297 40 67.037 21.7225 49.3165 3.02857 
28.0 15.0 11.0 13.0 11.0
242.0 228.0 231.0 240.0 241.0 237.0 240.0 237.0 241.0 241.0 234.0 232.0
243.0 243.0 244.0 243.0 242.0 242.0 242.0 240.0 243.0 243.0 242.0 242.0
244.0 244.0 246.0 246.0 248.0 248.0 248.0 247.0 246.0 245.0 245.0 244.0
242.0 244.0 244.0 244.0 244.0 244.0 243.0 243.0 244.0 244.0 243.0 243.0
244.0 244.0 247.0 248.0 246.0 246.0 247.0 247.0 246.0 246.0 247.0 244.0
21.4091 79.2809 12.6885 -0.537568 38.8372 66.2963 22.0957 49.7314 5.06939 
37.0 15.0 11.0 13.0 11.0
242.0 217.0 228.0 240.0 240.0 236.0 239.0 236.0 241.0 240.0 230.0 225.0
243.0 243.0 244.0 243.0 242.0 242.0 242.0 240.0 243.0 243.0 242.0 242.0
244.0 244.0 245.0 246.0 247.0 247.0 248.0 248.0 246.0 245.0 245.0 244.0
242.0 243.0 244.0 244.0 244.0 244.0 244.0 243.0 243.0 244.0 243.0 243.0
244.0 244.0 246.0 247.0 247.0 246.0 247.0 247.0 246.0 246.0 247.0 244.0
21.4091 78.9461 14.2269 -0.537568 38.062 64.8148 22.4688 51.3912 5.57959 
41.0 15.0 11.0 13.0 12.0
242.0 214.0 225.0 240.0 240.0 235.0 240.0 235.0 241.0 240.0 229.0 223.0
243.0 243.0 244.0 243.0 242.0 242.0 242.0 240.0 243.0 243.0 242.0 242.0
244.0 244.0 246.0 245.0 247.0 247.0 247.0 248.0 245.0 244.0 245.0 244.0
242.0 243.0 244.0 244.0 244.0 244.0 244.0 243.0 244.0 244.0 243.0 243.0
244.0 244.0 247.0 247.0 247.0 246.0 247.0 247.0 246.0 246.0 247.0 244.0
21.2728 78.4996 14.9962 -0.537568 37.2868 64.0741 26.9464 51.3912 5.57959 
44.0 15.0 22.0 13.0 11.0
242.0 211.0 224.0 239.0 240.0 234.0 239.0 235.0 241.0 240.0 228.0 222.0
243.0 243.0 244.0 243.0 242.0 242.0 242.0 240.0 243.0 243.0 242.0 242.0
242.0 242.0 236.0 238.0 239.0 235.0 239.0 227.0 238.0 238.0 232.0 241.0
242.0 243.0 244.0 244.0 244.0 244.0 244.0 244.0 244.0 244.0 243.0 244.0
243.0 244.0 247.0 249.0 247.0 247.0 248.0 247.0 246.0 246.0 248.0 244.0
21.2728 78.4996 14.9962 -0.537568 37.2868 64.4444 31.424 49.7314 5.57959 
45.0 15.0 37.0 14.0 11.0
242.0 209.0 223.0 239.0 240.0 234.0 239.0 235.0 240.0 240.0 229.0 221.0
243.0 243.0 244.0 243.0 242.0 242.0 242.0 240.0 243.0 243.0 242.0 242.0
242.0 241.0 235.0 237.0 237.0 231.0 236.0 216.0 236.0 236.0 230.0 240.0
242.0 243.0 244.0 244.0 244.0 244.0 243.0 243.0 244.0 244.0 243.0 242.0
243.0 244.0 247.0 248.0 246.0 247.0 247.0 247.0 245.0 247.0 247.0 245.0
21.2728 78.388 15.3808 -0.537568 37.2868 64.0741 34.036 50.5613 5.57959 
47.0 15.0 41.0 13.0 11.0
242.0 207.0 223.0 239.0 240.0 234.0 239.0 234.0 241.0 240.0 227.0 220.0
244.0 243.0 244.0 243.0 242.0 242.0 242.0 240.0 243.0 243.0 242.0 242.0
242.0 242.0 235.0 237.0 238.0 230.0 238.0 214.0 237.0 238.0 231.0 241.0
241.0 244.0 244.0 244.0 244.0 244.0 244.0 243.0 244.0 244.0 243.0 242.0
243.0 244.0 247.0 248.0 248.0 246.0 248.0 246.0 245.0 247.0 247.0 244.0
21.2728 78.4996 15.3808 -0.537568 37.2868 64.0741 34.7822 50.9762 5.57959 
49.0 15.0 43.0 14.0 11.0
242.0 207.0 223.0 239.0 240.0 233.0 239.0 234.0 240.0 240.0 227.0 219.0
243.0 243.0 244.0 243.0 242.0 242.0 242.0 240.0 243.0 243.0 242.0 242.0
241.0 242.0 235.0 237.0 238.0 229.0 238.0 212.0 237.0 237.0 232.0 242.0
242.0 243.0 244.0 244.0 244.0 244.0 244.0 243.0 244.0 244.0 244.0 242.0
244.0 244.0 247.0 248.0 246.0 247.0 247.0 247.0 245.0 246.0 246.0 244.0
21.4091 78.4996 16.5346 -0.537568 36.5116 64.0741 35.5285 52.636 5.57959 
51.0 15.0 45.0 13.0 11.0
242.0 203.0 221.0 239.0 240.0 233.0 239.0 234.0 240.0 240.0 226.0 218.0
244.0 243.0 244.0 243.0 242.0 242.0 242.0 240.0 243.0 243.0 242.0 242.0
241.0 242.0 235.0 237.0 238.0 228.0 237.0 210.0 236.0 237.0 233.0 242.0
241.0 243.0 244.0 244.0 244.0 244.0 244.0 243.0 244.0 244.0 243.0 243.0
244.0 244.0 246.0 248.0 246.0 247.0 247.0 246.0 246.0 247.0 247.0 244.0
21.4091 78.388 16.5346 -0.537568 36.5116 64.0741 35.9016 53.8808 5.57959 
53.0 15.0 45.0 13.0 11.0
242.0 203.0 221.0 239.0 240.0 233.0 239.0 234.0 240.0 240.0 226.0 217.0
243.0 243.0 244.0 243.0 242.0 242.0 242.0 240.0 243.0 243.0 242.0 242.0
241.0 242.0 235.0 236.0 238.0 226.0 237.0 210.0 236.0 237.0 232.0 241.0
241.0 244.0 244.0 244.0 244.0 244.0 243.0 243.0 244.0 244.0 243.0 243.0
244.0 244.0 246.0 248.0 247.0 247.0 247.0 248.0 245.0 246.0 247.0 244.0
21.4091 78.388 16.5346 -0.537568 36.5116 64.0741 36.6479 54.2957 5.57959 
53.0 15.0 46.0 13.0 12.0
242.0 202.0 221.0 239.0 240.0 233.0 239.0 234.0 241.0 240.0 226.0 217.0
243.0 243.0 244.0 243.0 242.0 242.0 242.0 240.0 243.0 243.0 242.0 242.0
241.0 242.0 235.0 236.0 238.0 226.0 235.0 209.0 235.0 237.0 233.0 242.0
241.0 243.0 245.0 244.0 244.0 244.0 244.0 243.0 244.0 244.0 243.0 243.0
244.0 244.0 246.0 248.0 246.0 247.0 246.0 247.0 246.0 246.0 246.0 244.0
21.2728 78.2764 16.5346 -0.537568 36.124 64.0741 36.6479 55.1256 5.57959 
53.0 15.0 46.0 14.0 12.0
242.0 202.0 220.0 239.0 240.0 233.0 239.0 234.0 240.0 240.0 226.0 217.0
243.0 243.0 244.0 243.0 242.0 242.0 242.0 240.0 243.0 243.0 242.0 242.0
241.0 243.0 235.0 236.0 238.0 226.0 235.0 209.0 235.0 236.0 232.0 242.0
242.0 244.0 244.0 244.0 244.0 244.0 243.0 243.0 244.0 244.0 243.0 243.0
244.0 244.0 247.0 247.0 247.0 247.0 247.0 246.0 247.0 247.0 248.0 244.0
21.2728 78.2764 16.5346 -0.537568 36.5116 64.0741 36.6479 55.5405 5.57959 
54.0 15.0 46.0 14.0 12.0
242.0 201.0 220.0 239.0 240.0 233.0 239.0 234.0 240.0 240.0 225.0 216.0
243.0 243.0 244.0 243.0 242.0 242.0 242.0 240.0 243.0 243.0 242.0 242.0
241.0 242.0 235.0 235.0 238.0 226.0 235.0 209.0 236.0 236.0 233.0 242.0
242.0 244.0 244.0 244.0 244.0 244.0 243.0 243.0 244.0 244.0 243.0 243.0
244.0 244.0 247.0 247.0 246.0 247.0 247.0 247.0 246.0 247.0 247.0 244.0
