-10000
21.2728 79.6157 9.22692 0.00297297 41.1628 67.037 39.2599 47.6567 2.00816 
31.0 15.0 38.0 14.0 12.0
242.0 223.0 231.0 240.0 241.0 239.0 240.0 238.0 241.0 240.0 235.0 230.0
243.0 243.0 244.0 243.0 242.0 242.0 242.0 240.0 243.0 243.0 242.0 242.0
243.0 241.0 237.0 239.0 239.0 231.0 238.0 217.0 237.0 238.0 232.0 241.0
242.0 243.0 244.0 244.0 244.0 244.0 243.0 243.0 244.0 244.0 243.0 243.0
244.0 244.0 247.0 247.0 246.0 246.0 247.0 247.0 245.0 246.0 247.0 244.0
21.2728 79.1693 11.15 -0.537568 40 65.9259 39.2599 47.2418 3.02857 
40.0 15.0 40.0 13.0 11.0
242.0 214.0 228.0 240.0 241.0 237.0 240.0 236.0 241.0 240.0 231.0 223.0
243.0 243.0 244.0 243.0 242.0 242.0 242.0 240.0 243.0 243.0 242.0 242.0
242.0 242.0 236.0 239.0 239.0 230.0 239.0 214.0 237.0 238.0 231.0 240.0
242.0 243.0 244.0 244.0 244.0 244.0 243.0 243.0 244.0 244.0 244.0 243.0
244.0 244.0 247.0 248.0 247.0 247.0 248.0 246.0 246.0 246.0 247.0 244.0
21.2728 79.0577 12.6885 -0.537568 39.2248 65.5556 39.2599 47.6567 4.55918 
45.0 15.0 42.0 14.0 11.0
242.0 209.0 227.0 240.0 240.0 236.0 240.0 236.0 241.0 240.0 231.0 220.0
243.0 243.0 244.0 243.0 242.0 242.0 242.0 240.0 243.0 243.0 242.0 242.0
243.0 242.0 237.0 240.0 240.0 230.0 239.0 212.0 237.0 238.0 232.0 242.0
241.0 243.0 244.0 244.0 244.0 244.0 243.0 243.0 244.0 244.0 244.0 242.0
244.0 244.0 247.0 247.0 247.0 247.0 248.0 247.0 246.0 247.0 247.0 245.0
21.2728 78.9461 12.6885 -0.537568 38.8372 65.5556 39.2599 48.4866 4.55918 
47.0 15.0 43.0 13.0 11.0
242.0 208.0 226.0 239.0 240.0 236.0 239.0 236.0 241.0 240.0 230.0 219.0
243.0 243.0 244.0 243.0 242.0 242.0 242.0 240.0 243.0 243.0 242.0 242.0
242.0 242.0 238.0 240.0 240.0 230.0 239.0 212.0 237.0 238.0 233.0 242.0
242.0 243.0 244.0 244.0 244.0 244.0 244.0 242.0 244.0 244.0 243.0 243.0
244.0 243.0 247.0 248.0 247.0 247.0 248.0 247.0 246.0 246.0 247.0 245.0
21.2728 79.0577 13.8423 -0.537568 38.4496 64.8148 38.8867 48.9015 5.06939 
50.0 15.0 46.0 13.0 12.0
242.0 205.0 225.0 239.0 240.0 236.0 239.0 236.0 241.0 240.0 230.0 218.0
244.0 243.0 244.0 243.0 242.0 242.0 242.0 240.0 243.0 243.0 242.0 242.0
242.0 242.0 237.0 239.0 241.0 228.0 240.0 209.0 237.0 238.0 232.0 242.0
242.0 243.0 244.0 244.0 244.0 244.0 243.0 243.0 244.0 244.0 244.0 243.0
244.0 244.0 248.0 248.0 247.0 247.0 247.0 247.0 245.0 246.0 247.0 244.0
21.4091 78.8345 14.9962 -0.537568 37.2868 64.4444 38.8867 49.7314 5.06939 
53.0 15.0 49.0 13.0 12.0
242.0 202.0 224.0 240.0 240.0 235.0 239.0 236.0 241.0 240.0 228.0 216.0
243.0 243.0 244.0 243.0 242.0 242.0 242.0 240.0 243.0 243.0 242.0 242.0
241.0 243.0 236.0 239.0 241.0 226.0 240.0 206.0 237.0 238.0 232.0 243.0
242.0 244.0 244.0 244.0 244.0 244.0 244.0 243.0 244.0 244.0 244.0 243.0
244.0 244.0 248.0 248.0 247.0 246.0 247.0 246.0 247.0 246.0 247.0 244.0
21.4091 78.8345 15.3808 -0.537568 37.2868 64.4444 38.8867 50.9762 5.57959 
54.0 15.0 51.0 13.0 11.0
242.0 201.0 223.0 239.0 240.0 236.0 239.0 235.0 240.0 240.0 227.0 215.0
243.0 243.0 244.0 243.0 242.0 242.0 242.0 240.0 243.0 243.0 242.0 242.0
242.0 243.0 236.0 238.0 240.0 225.0 238.0 204.0 236.0 238.0 232.0 243.0
242.0 243.0 244.0 244.0 244.0 244.0 243.0 243.0 244.0 244.0 244.0 243.0
244.0 244.0 247.0 247.0 247.0 247.0 247.0 248.0 245.0 247.0 246.0 244.0
21.2728 78.7229 15.3808 -0.537568 37.2868 64.4444 38.8867 52.221 5.06939 
54.0 15.0 51.0 13.0 11.0
242.0 200.0 223.0 239.0 240.0 235.0 239.0 235.0 241.0 240.0 227.0 215.0
243.0 243.0 244.0 243.0 242.0 242.0 242.0 240.0 243.0 243.0 242.0 242.0
241.0 243.0 236.0 237.0 240.0 224.0 238.0 203.0 236.0 237.0 231.0 243.0
242.0 243.0 244.0 244.0 244.0 244.0 243.0 243.0 244.0 244.0 244.0 243.0
244.0 244.0 247.0 247.0 247.0 246.0 247.0 247.0 246.0 246.0 247.0 245.0
21.2728 78.6112 15.3808 -0.537568 37.2868 64.4444 38.8867 53.4659 5.57959 
55.0 15.0 52.0 13.0 11.0
242.0 199.0 223.0 239.0 240.0 235.0 239.0 235.0 240.0 240.0 228.0 215.0
243.0 243.0 244.0 243.0 242.0 242.0 242.0 240.0 243.0 243.0 242.0 242.0
241.0 243.0 235.0 237.0 239.0 224.0 237.0 203.0 235.0 237.0 232.0 243.0
242.0 244.0 244.0 244.0 244.0 244.0 243.0 243.0 244.0 244.0 243.0 243.0
243.0 244.0 247.0 247.0 246.0 246.0 247.0 247.0 246.0 247.0 247.0 245.0
21.2728 78.7229 15.3808 -0.537568 37.2868 64.8148 38.8867 54.2957 5.57959 
56.0 15.0 52.0 13.0 12.0
242.0 198.0 223.0 239.0 240.0 235.0 239.0 235.0 241.0 240.0 227.0 214.0
244.0 243.0 244.0 243.0 242.0 242.0 242.0 240.0 243.0 243.0 242.0 242.0
241.0 243.0 235.0 237.0 239.0 223.0 236.0 203.0 236.0 237.0 232.0 243.0
242.0 244.0 244.0 244.0 244.0 244.0 244.0 243.0 244.0 244.0 244.0 243.0
244.0 244.0 246.0 248.0 246.0 247.0 247.0 247.0 246.0 246.0 247.0 245.0
21.1364 78.8345 16.15 -0.537568 36.8992 64.4444 38.1404 54.7107 5.57959 
59.0 15.0 54.0 14.0 11.0
242.0 195.0 222.0 239.0 240.0 234.0 239.0 236.0 240.0 240.0 226.0 212.0
243.0 243.0 244.0 243.0 242.0 242.0 242.0 240.0 243.0 243.0 242.0 242.0
241.0 243.0 235.0 236.0 239.0 222.0 236.0 200.0 234.0 236.0 232.0 243.0
241.0 243.0 244.0 244.0 244.0 244.0 244.0 243.0 244.0 244.0 243.0 243.0
243.0 244.0 246.0 248.0 246.0 247.0 246.0 247.0 246.0 247.0 247.0 245.0
21.2728 78.9461 16.5346 -0.537568 36.5116 64.4444 38.1404 54.7107 5.57959 
60.0 15.0 59.0 13.0 11.0
242.0 195.0 221.0 239.0 240.0 234.0 239.0 234.0 240.0 240.0 226.0 211.0
243.0 243.0 244.0 243.0 242.0 242.0 242.0 240.0 243.0 243.0 242.0 242.0
241.0 242.0 235.0 237.0 238.0 220.0 235.0 196.0 234.0 236.0 232.0 243.0
242.0 244.0 244.0 244.0 244.0 244.0 244.0 243.0 244.0 244.0 244.0 243.0
244.0 244.0 247.0 247.0 247.0 247.0 247.0 248.0 245.0 246.0 248.0 244.0
