-10000
21.1364 79.9505 14.6115 48.1111 33.7984 62.2222 31.7972 51.8061 5.06939 
32.0 17.0 21.0 13.0 11.0
242.0 239.0 226.0 240.0 238.0 222.0 234.0 223.0 239.0 240.0 231.0 240.0
242.0 243.0 243.0 243.0 242.0 241.0 243.0 238.0 241.0 242.0 242.0 242.0
242.0 243.0 239.0 239.0 240.0 240.0 240.0 234.0 239.0 239.0 238.0 242.0
242.0 243.0 244.0 245.0 244.0 244.0 244.0 244.0 244.0 244.0 244.0 243.0
244.0 244.0 249.0 249.0 249.0 249.0 249.0 249.0 248.0 248.0 249.0 245.0
21 80.0621 16.15 49.1922 36.124 62.2222 33.6628 53.0509 5.06939 
34.0 17.0 21.0 14.0 11.0
242.0 239.0 225.0 239.0 238.0 221.0 234.0 221.0 239.0 240.0 232.0 240.0
243.0 243.0 244.0 243.0 243.0 242.0 243.0 237.0 243.0 243.0 242.0 243.0
242.0 243.0 239.0 239.0 241.0 239.0 240.0 234.0 239.0 239.0 237.0 242.0
242.0 243.0 244.0 245.0 245.0 244.0 245.0 244.0 244.0 244.0 244.0 243.0
244.0 245.0 248.0 249.0 248.0 249.0 249.0 249.0 247.0 248.0 248.0 245.0
20.8637 79.8389 19.9962 49.7327 37.2868 62.5926 34.7822 53.8808 4.55918 
36.0 18.0 21.0 13.0 11.0
242.0 239.0 225.0 239.0 238.0 219.0 233.0 219.0 238.0 239.0 231.0 240.0
243.0 243.0 244.0 244.0 242.0 243.0 242.0 237.0 242.0 243.0 243.0 243.0
242.0 242.0 239.0 239.0 241.0 239.0 241.0 234.0 239.0 239.0 237.0 242.0
242.0 244.0 244.0 244.0 245.0 244.0 245.0 244.0 244.0 244.0 244.0 243.0
244.0 244.0 248.0 249.0 249.0 249.0 250.0 248.0 247.0 249.0 250.0 246.0
20.8637 79.8389 21.5346 50.2732 38.062 62.963 35.5285 54.7107 4.55918 
37.0 18.0 21.0 13.0 11.0
242.0 239.0 225.0 239.0 238.0 218.0 232.0 218.0 238.0 240.0 231.0 240.0
242.0 244.0 244.0 243.0 242.0 242.0 242.0 237.0 241.0 242.0 242.0 242.0
241.0 242.0 239.0 239.0 242.0 239.0 239.0 235.0 239.0 239.0 237.0 242.0
242.0 243.0 244.0 244.0 245.0 244.0 244.0 244.0 244.0 244.0 244.0 244.0
244.0 245.0 248.0 250.0 248.0 249.0 249.0 249.0 248.0 249.0 249.0 245.0
20.8637 79.8389 21.9192 50.2732 38.8372 63.7037 35.9016 55.5405 4.55918 
38.0 18.0 20.0 13.0 11.0
242.0 239.0 225.0 239.0 238.0 217.0 232.0 217.0 239.0 240.0 232.0 240.0
242.0 242.0 243.0 243.0 242.0 241.0 241.0 237.0 242.0 243.0 242.0 242.0
241.0 243.0 239.0 239.0 242.0 239.0 240.0 235.0 239.0 239.0 238.0 242.0
242.0 243.0 244.0 244.0 244.0 244.0 244.0 244.0 244.0 244.0 244.0 243.0
244.0 245.0 248.0 249.0 248.0 248.0 249.0 249.0 247.0 249.0 249.0 245.0
21 79.9505 21.9192 50.8138 39.2248 63.7037 35.9016 55.5405 4.55918 
38.0 18.0 20.0 13.0 11.0
242.0 240.0 225.0 239.0 238.0 217.0 232.0 217.0 238.0 239.0 232.0 240.0
243.0 242.0 243.0 243.0 242.0 241.0 241.0 236.0 242.0 243.0 242.0 242.0
242.0 243.0 238.0 239.0 242.0 239.0 240.0 235.0 239.0 239.0 237.0 242.0
242.0 244.0 244.0 245.0 244.0 244.0 246.0 244.0 244.0 244.0 244.0 244.0
244.0 244.0 248.0 250.0 248.0 248.0 249.0 248.0 249.0 248.0 249.0 245.0
21 80.0621 21.9192 50.8138 39.6124 63.7037 36.2748 55.9555 4.55918 
38.0 18.0 20.0 13.0 11.0
242.0 239.0 225.0 239.0 238.0 217.0 232.0 217.0 238.0 239.0 232.0 241.0
242.0 242.0 242.0 243.0 241.0 241.0 240.0 236.0 242.0 243.0 242.0 242.0
241.0 243.0 239.0 240.0 242.0 240.0 240.0 236.0 239.0 239.0 238.0 242.0
242.0 244.0 245.0 245.0 245.0 244.0 244.0 244.0 244.0 245.0 244.0 243.0
244.0 244.0 248.0 250.0 248.0 248.0 249.0 249.0 248.0 249.0 248.0 245.0
21 80.1737 21.9192 51.3543 40 64.4444 36.6479 56.3704 4.04898 
38.0 19.0 20.0 13.0 11.0
242.0 239.0 225.0 239.0 237.0 217.0 232.0 217.0 238.0 239.0 232.0 241.0
242.0 243.0 242.0 242.0 242.0 240.0 239.0 237.0 241.0 242.0 242.0 242.0
242.0 242.0 238.0 239.0 243.0 240.0 240.0 235.0 239.0 239.0 238.0 242.0
242.0 243.0 244.0 245.0 244.0 244.0 245.0 244.0 244.0 244.0 244.0 243.0
244.0 245.0 248.0 249.0 248.0 249.0 249.0 249.0 248.0 249.0 248.0 244.0
21 80.1737 21.9192 50.8138 40 64.4444 36.6479 55.5405 4.04898 
38.0 18.0 20.0 13.0 11.0
242.0 239.0 225.0 239.0 238.0 217.0 232.0 217.0 238.0 239.0 231.0 240.0
241.0 242.0 243.0 243.0 241.0 241.0 239.0 236.0 241.0 243.0 242.0 242.0
242.0 243.0 239.0 239.0 242.0 240.0 240.0 235.0 239.0 239.0 238.0 241.0
242.0 243.0 245.0 245.0 245.0 244.0 244.0 244.0 244.0 245.0 244.0 243.0
244.0 244.0 248.0 249.0 249.0 248.0 249.0 249.0 247.0 248.0 249.0 244.0
20.8637 80.0621 21.9192 50.8138 40 64.8148 36.6479 55.9555 4.04898 
38.0 19.0 19.0 13.0 11.0
242.0 239.0 225.0 239.0 238.0 217.0 232.0 217.0 238.0 239.0 231.0 240.0
242.0 242.0 243.0 243.0 242.0 240.0 240.0 237.0 241.0 243.0 242.0 242.0
242.0 243.0 239.0 240.0 242.0 240.0 240.0 235.0 239.0 239.0 238.0 242.0
242.0 243.0 245.0 245.0 244.0 244.0 244.0 244.0 244.0 245.0 244.0 243.0
243.0 244.0 249.0 248.0 248.0 249.0 249.0 249.0 248.0 248.0 249.0 245.0
