-10000
20.8637 79.8389 14.2269 48.6516 33.0233 59.6296 31.424 49.7314 5.57959 
33.0 18.0 21.0 13.0 11.0
242.0 239.0 226.0 239.0 238.0 222.0 234.0 223.0 239.0 240.0 231.0 240.0
242.0 242.0 243.0 243.0 241.0 242.0 243.0 237.0 242.0 242.0 242.0 242.0
242.0 242.0 239.0 239.0 240.0 240.0 240.0 234.0 239.0 239.0 238.0 241.0
242.0 244.0 245.0 244.0 244.0 244.0 245.0 244.0 244.0 244.0 244.0 243.0
244.0 245.0 247.0 250.0 249.0 248.0 249.0 249.0 247.0 249.0 249.0 245.0
20.591 79.8389 14.2269 49.7327 34.9612 60.3704 33.6628 50.5613 5.57959 
34.0 17.0 21.0 13.0 11.0
242.0 240.0 226.0 239.0 238.0 221.0 234.0 222.0 239.0 240.0 231.0 240.0
242.0 243.0 243.0 243.0 242.0 242.0 243.0 238.0 242.0 243.0 242.0 242.0
242.0 242.0 239.0 239.0 241.0 239.0 240.0 234.0 239.0 239.0 237.0 242.0
242.0 243.0 245.0 245.0 245.0 245.0 245.0 244.0 244.0 245.0 244.0 244.0
244.0 245.0 248.0 248.0 249.0 250.0 249.0 249.0 246.0 250.0 249.0 246.0
20.1819 79.7273 18.8423 51.3543 36.124 61.4815 34.7822 52.221 5.06939 
36.0 18.0 21.0 13.0 11.0
242.0 239.0 225.0 239.0 238.0 218.0 233.0 219.0 239.0 239.0 232.0 241.0
243.0 243.0 244.0 243.0 243.0 242.0 243.0 237.0 243.0 243.0 242.0 243.0
242.0 243.0 238.0 239.0 242.0 239.0 241.0 234.0 239.0 239.0 237.0 242.0
242.0 243.0 245.0 245.0 245.0 244.0 245.0 244.0 244.0 244.0 244.0 243.0
244.0 244.0 249.0 249.0 248.0 249.0 249.0 248.0 249.0 249.0 249.0 244.0
20.0455 79.7273 20.7654 51.3543 37.2868 62.5926 35.5285 53.4659 5.06939 
38.0 17.0 20.0 13.0 11.0
242.0 240.0 226.0 239.0 238.0 217.0 232.0 218.0 238.0 240.0 232.0 241.0
243.0 244.0 244.0 243.0 242.0 242.0 243.0 237.0 242.0 243.0 242.0 243.0
242.0 243.0 238.0 239.0 242.0 239.0 240.0 234.0 238.0 239.0 238.0 242.0
242.0 243.0 245.0 244.0 244.0 244.0 245.0 244.0 244.0 244.0 244.0 244.0
244.0 244.0 248.0 250.0 248.0 247.0 250.0 248.0 248.0 248.0 248.0 246.0
20.4546 79.9505 20.7654 51.8949 38.4496 62.963 35.9016 54.7107 5.06939 
38.0 18.0 19.0 13.0 11.0
242.0 239.0 225.0 239.0 238.0 217.0 232.0 217.0 238.0 239.0 232.0 241.0
242.0 243.0 243.0 243.0 242.0 242.0 241.0 237.0 241.0 243.0 242.0 242.0
241.0 243.0 238.0 239.0 242.0 238.0 240.0 235.0 239.0 239.0 237.0 242.0
242.0 243.0 245.0 245.0 245.0 244.0 245.0 244.0 244.0 244.0 244.0 243.0
244.0 244.0 248.0 249.0 248.0 247.0 249.0 250.0 248.0 250.0 248.0 247.0
20.3182 79.9505 20.7654 51.8949 38.8372 63.3333 37.021 55.5405 4.55918 
38.0 19.0 20.0 13.0 11.0
242.0 239.0 225.0 240.0 237.0 217.0 232.0 218.0 238.0 240.0 232.0 240.0
242.0 243.0 242.0 243.0 242.0 241.0 241.0 237.0 242.0 243.0 242.0 242.0
242.0 243.0 238.0 239.0 243.0 239.0 240.0 234.0 239.0 239.0 238.0 242.0
242.0 244.0 244.0 244.0 245.0 244.0 245.0 244.0 244.0 244.0 244.0 243.0
244.0 244.0 248.0 249.0 248.0 248.0 250.0 248.0 248.0 249.0 248.0 246.0
20.3182 79.9505 20.7654 51.8949 38.8372 63.7037 37.021 55.1256 4.55918 
38.0 18.0 21.0 13.0 11.0
242.0 239.0 225.0 239.0 238.0 217.0 232.0 217.0 238.0 239.0 232.0 241.0
242.0 242.0 243.0 242.0 242.0 241.0 241.0 237.0 242.0 243.0 242.0 242.0
241.0 243.0 238.0 239.0 243.0 238.0 240.0 234.0 239.0 239.0 238.0 242.0
242.0 243.0 245.0 245.0 245.0 244.0 245.0 244.0 244.0 245.0 244.0 244.0
244.0 244.0 248.0 249.0 248.0 248.0 250.0 248.0 248.0 248.0 248.0 246.0
20.1819 79.9505 20.7654 51.8949 39.2248 64.4444 37.3942 55.5405 4.55918 
38.0 19.0 20.0 13.0 11.0
242.0 240.0 225.0 239.0 237.0 217.0 232.0 218.0 238.0 239.0 232.0 240.0
242.0 242.0 242.0 243.0 241.0 241.0 240.0 237.0 241.0 243.0 242.0 242.0
242.0 243.0 238.0 240.0 243.0 240.0 240.0 235.0 239.0 239.0 238.0 242.0
242.0 244.0 245.0 245.0 244.0 244.0 245.0 244.0 244.0 244.0 245.0 244.0
244.0 244.0 249.0 250.0 248.0 248.0 249.0 248.0 247.0 249.0 248.0 244.0
20.8637 79.9505 20.7654 52.4354 40 64.8148 37.3942 55.9555 4.04898 
38.0 18.0 20.0 13.0 11.0
242.0 239.0 225.0 239.0 238.0 217.0 233.0 217.0 238.0 239.0 232.0 240.0
242.0 242.0 243.0 243.0 242.0 240.0 239.0 237.0 241.0 243.0 242.0 242.0
242.0 243.0 238.0 239.0 243.0 240.0 240.0 235.0 239.0 239.0 238.0 242.0
242.0 243.0 245.0 245.0 244.0 244.0 245.0 244.0 244.0 244.0 244.0 244.0
244.0 244.0 249.0 249.0 248.0 248.0 249.0 250.0 248.0 248.0 249.0 245.0
21 79.9505 20.7654 51.8949 40 64.8148 37.3942 55.9555 4.04898 
38.0 18.0 20.0 13.0 12.0
242.0 239.0 225.0 239.0 238.0 217.0 232.0 217.0 238.0 240.0 232.0 240.0
242.0 243.0 243.0 243.0 242.0 241.0 239.0 237.0 242.0 243.0 243.0 242.0
242.0 242.0 238.0 239.0 243.0 240.0 241.0 235.0 239.0 238.0 238.0 242.0
242.0 244.0 244.0 245.0 245.0 244.0 245.0 244.0 244.0 245.0 244.0 244.0
244.0 245.0 248.0 248.0 248.0 248.0 251.0 249.0 247.0 249.0 249.0 245.0
