-10000
20.7273 79.9505 14.6115 46.4895 33.7984 60.7407 31.424 50.9762 5.06939 
33.0 17.0 21.0 13.0 11.0
242.0 238.0 225.0 239.0 238.0 222.0 234.0 222.0 239.0 239.0 231.0 240.0
242.0 243.0 244.0 243.0 243.0 243.0 244.0 238.0 243.0 242.0 242.0 243.0
242.0 242.0 239.0 239.0 241.0 239.0 240.0 234.0 238.0 239.0 237.0 242.0
242.0 244.0 245.0 245.0 244.0 244.0 245.0 244.0 244.0 245.0 244.0 243.0
244.0 244.0 247.0 249.0 248.0 249.0 249.0 249.0 248.0 249.0 248.0 245.0
20.591 80.0621 14.6115 48.1111 36.124 61.4815 32.5434 53.4659 5.06939 
34.0 18.0 21.0 13.0 11.0
242.0 239.0 225.0 239.0 238.0 221.0 234.0 221.0 239.0 240.0 231.0 240.0
242.0 244.0 243.0 243.0 242.0 242.0 243.0 237.0 242.0 243.0 243.0 243.0
242.0 243.0 239.0 239.0 241.0 239.0 241.0 234.0 238.0 238.0 237.0 242.0
242.0 243.0 245.0 245.0 244.0 244.0 245.0 244.0 244.0 244.0 244.0 243.0
244.0 244.0 248.0 249.0 248.0 247.0 250.0 250.0 247.0 248.0 247.0 247.0
19.9091 79.8389 19.9962 49.7327 36.8992 61.8519 34.036 53.8808 5.06939 
36.0 18.0 21.0 13.0 11.0
242.0 239.0 224.0 239.0 238.0 219.0 233.0 219.0 239.0 239.0 231.0 240.0
242.0 243.0 243.0 243.0 243.0 242.0 243.0 238.0 242.0 243.0 242.0 242.0
242.0 242.0 238.0 238.0 242.0 238.0 240.0 235.0 238.0 239.0 237.0 242.0
242.0 243.0 245.0 245.0 244.0 244.0 245.0 244.0 244.0 244.0 244.0 243.0
243.0 245.0 248.0 250.0 248.0 248.0 249.0 249.0 247.0 249.0 249.0 245.0
19.7728 79.8389 21.9192 50.2732 38.062 62.963 35.1554 55.1256 4.55918 
38.0 18.0 20.0 13.0 11.0
241.0 239.0 225.0 239.0 238.0 217.0 232.0 217.0 238.0 239.0 232.0 240.0
243.0 243.0 242.0 243.0 242.0 241.0 242.0 237.0 242.0 243.0 242.0 242.0
242.0 243.0 238.0 239.0 242.0 238.0 240.0 234.0 239.0 239.0 237.0 242.0
242.0 243.0 245.0 245.0 245.0 244.0 245.0 244.0 244.0 244.0 244.0 244.0
244.0 245.0 248.0 250.0 248.0 248.0 248.0 249.0 248.0 249.0 248.0 244.0
19.9091 79.9505 22.6885 50.8138 38.8372 63.3333 35.5285 55.9555 4.55918 
38.0 18.0 20.0 13.0 11.0
242.0 239.0 225.0 239.0 238.0 217.0 232.0 217.0 238.0 239.0 232.0 241.0
242.0 242.0 243.0 243.0 242.0 242.0 241.0 236.0 242.0 243.0 242.0 242.0
242.0 242.0 239.0 239.0 241.0 239.0 240.0 235.0 239.0 239.0 237.0 242.0
242.0 244.0 244.0 244.0 245.0 244.0 245.0 244.0 244.0 244.0 244.0 243.0
244.0 245.0 249.0 249.0 249.0 248.0 250.0 249.0 248.0 248.0 249.0 245.0
20.3182 79.9505 22.6885 50.2732 38.4496 63.7037 35.5285 55.9555 4.55918 
38.0 19.0 20.0 13.0 11.0
242.0 239.0 225.0 239.0 237.0 217.0 232.0 217.0 238.0 239.0 232.0 240.0
242.0 243.0 243.0 243.0 242.0 241.0 241.0 236.0 242.0 243.0 243.0 242.0
242.0 242.0 238.0 239.0 242.0 239.0 240.0 234.0 238.0 239.0 238.0 242.0
242.0 244.0 244.0 245.0 245.0 244.0 245.0 245.0 244.0 244.0 244.0 243.0
244.0 246.0 249.0 250.0 248.0 249.0 250.0 248.0 248.0 248.0 250.0 245.0
20.7273 80.0621 22.6885 50.8138 38.8372 64.0741 35.5285 56.3704 4.55918 
38.0 18.0 20.0 13.0 11.0
242.0 239.0 225.0 239.0 238.0 217.0 232.0 218.0 238.0 239.0 232.0 241.0
242.0 243.0 243.0 243.0 241.0 241.0 240.0 236.0 241.0 243.0 242.0 242.0
242.0 242.0 238.0 239.0 243.0 239.0 240.0 235.0 238.0 239.0 238.0 242.0
242.0 244.0 244.0 244.0 245.0 244.0 245.0 244.0 244.0 244.0 244.0 243.0
244.0 244.0 248.0 249.0 248.0 249.0 249.0 249.0 247.0 248.0 249.0 246.0
20.8637 80.1737 22.6885 51.3543 39.6124 64.4444 35.9016 56.3704 4.04898 
38.0 19.0 20.0 13.0 11.0
242.0 239.0 225.0 239.0 238.0 216.0 232.0 217.0 238.0 240.0 232.0 240.0
242.0 243.0 243.0 243.0 242.0 241.0 240.0 236.0 241.0 243.0 242.0 242.0
242.0 243.0 239.0 239.0 242.0 240.0 241.0 235.0 239.0 239.0 237.0 242.0
242.0 244.0 245.0 245.0 244.0 244.0 244.0 244.0 244.0 244.0 244.0 243.0
244.0 244.0 248.0 248.0 248.0 249.0 249.0 248.0 248.0 248.0 249.0 246.0
20.7273 80.0621 22.6885 50.8138 39.6124 64.4444 35.9016 56.3704 4.04898 
38.0 19.0 20.0 13.0 11.0
241.0 239.0 225.0 239.0 238.0 217.0 232.0 217.0 238.0 240.0 232.0 241.0
242.0 243.0 242.0 243.0 242.0 240.0 240.0 237.0 241.0 243.0 242.0 243.0
242.0 242.0 239.0 239.0 242.0 239.0 240.0 235.0 239.0 238.0 238.0 242.0
242.0 244.0 244.0 245.0 244.0 245.0 245.0 244.0 244.0 244.0 244.0 243.0
243.0 245.0 248.0 250.0 248.0 248.0 250.0 249.0 247.0 249.0 249.0 246.0
21.1364 80.0621 22.6885 50.8138 39.6124 65.1852 35.9016 56.7854 4.04898 
38.0 19.0 20.0 13.0 11.0
242.0 240.0 225.0 239.0 238.0 217.0 232.0 217.0 238.0 239.0 232.0 241.0
242.0 243.0 243.0 243.0 242.0 240.0 240.0 236.0 242.0 244.0 243.0 242.0
242.0 242.0 239.0 239.0 243.0 240.0 240.0 235.0 238.0 239.0 238.0 242.0
242.0 243.0 244.0 244.0 245.0 244.0 244.0 244.0 244.0 245.0 244.0 244.0
244.0 246.0 247.0 249.0 248.0 249.0 248.0 247.0 248.0 248.0 249.0 246.0
