-10000
20.4546 79.6157 17.6885 44.3273 35.3488 61.4815 32.9166 51.3912 5.06939 
33.0 17.0 22.0 13.0 12.0
242.0 238.0 224.0 239.0 238.0 222.0 235.0 222.0 239.0 239.0 230.0 240.0
242.0 243.0 244.0 244.0 242.0 242.0 244.0 238.0 242.0 243.0 243.0 243.0
242.0 243.0 239.0 239.0 240.0 239.0 240.0 233.0 238.0 239.0 238.0 242.0
242.0 243.0 245.0 245.0 244.0 244.0 245.0 244.0 244.0 245.0 244.0 243.0
244.0 244.0 248.0 249.0 249.0 248.0 249.0 250.0 247.0 248.0 250.0 246.0
20.3182 79.7273 21.15 44.8678 36.8992 61.4815 34.036 53.0509 5.06939 
35.0 17.0 21.0 13.0 11.0
242.0 238.0 223.0 239.0 238.0 220.0 234.0 220.0 239.0 240.0 230.0 240.0
243.0 243.0 243.0 243.0 242.0 242.0 243.0 238.0 242.0 243.0 243.0 243.0
242.0 242.0 238.0 239.0 241.0 238.0 241.0 234.0 239.0 239.0 237.0 242.0
242.0 243.0 244.0 245.0 245.0 244.0 245.0 244.0 244.0 244.0 244.0 243.0
244.0 244.0 248.0 248.0 249.0 249.0 250.0 247.0 248.0 249.0 248.0 245.0
20.591 79.8389 21.5346 45.9489 37.6744 62.5926 35.1554 54.2957 5.06939 
36.0 17.0 20.0 13.0 11.0
242.0 239.0 223.0 239.0 238.0 220.0 233.0 219.0 239.0 239.0 230.0 240.0
243.0 243.0 244.0 243.0 243.0 242.0 243.0 238.0 242.0 243.0 242.0 243.0
242.0 243.0 238.0 239.0 242.0 239.0 240.0 235.0 239.0 239.0 237.0 242.0
242.0 244.0 245.0 244.0 244.0 244.0 245.0 244.0 244.0 244.0 244.0 243.0
244.0 245.0 248.0 250.0 249.0 247.0 250.0 249.0 248.0 248.0 249.0 245.0
20.4546 79.9505 21.5346 47.03 38.8372 63.3333 35.5285 55.5405 4.55918 
36.0 18.0 20.0 13.0 11.0
242.0 239.0 224.0 239.0 238.0 219.0 233.0 219.0 239.0 239.0 230.0 240.0
242.0 243.0 244.0 243.0 242.0 241.0 241.0 237.0 241.0 243.0 242.0 242.0
242.0 243.0 238.0 239.0 242.0 240.0 240.0 235.0 239.0 239.0 237.0 242.0
242.0 243.0 244.0 244.0 244.0 244.0 245.0 244.0 244.0 244.0 244.0 243.0
244.0 244.0 248.0 250.0 248.0 248.0 250.0 248.0 247.0 248.0 250.0 245.0
20.4546 79.8389 21.5346 48.1111 39.2248 63.3333 35.9016 55.5405 4.55918 
37.0 19.0 20.0 13.0 11.0
242.0 239.0 224.0 239.0 238.0 218.0 233.0 218.0 238.0 240.0 231.0 240.0
242.0 243.0 243.0 243.0 242.0 241.0 240.0 236.0 242.0 243.0 242.0 242.0
242.0 243.0 239.0 239.0 242.0 239.0 240.0 235.0 239.0 239.0 238.0 242.0
242.0 244.0 245.0 245.0 245.0 244.0 245.0 244.0 244.0 244.0 244.0 243.0
244.0 244.0 249.0 248.0 248.0 249.0 249.0 249.0 247.0 249.0 249.0 246.0
19.7728 79.8389 21.5346 49.1922 39.6124 63.7037 35.9016 55.9555 4.04898 
38.0 18.0 19.0 13.0 11.0
242.0 239.0 224.0 239.0 238.0 217.0 233.0 218.0 239.0 239.0 231.0 240.0
242.0 243.0 243.0 243.0 242.0 241.0 240.0 236.0 242.0 243.0 242.0 242.0
242.0 243.0 238.0 240.0 242.0 240.0 241.0 235.0 238.0 239.0 238.0 242.0
242.0 243.0 244.0 245.0 244.0 244.0 244.0 245.0 244.0 244.0 244.0 243.0
244.0 244.0 248.0 249.0 249.0 249.0 249.0 250.0 248.0 249.0 249.0 247.0
20.591 79.9505 21.9192 49.7327 39.6124 64.4444 35.9016 55.9555 4.04898 
38.0 19.0 20.0 13.0 11.0
242.0 239.0 224.0 239.0 238.0 218.0 233.0 217.0 238.0 239.0 231.0 241.0
242.0 242.0 243.0 243.0 242.0 241.0 239.0 236.0 241.0 243.0 242.0 242.0
242.0 242.0 239.0 239.0 243.0 240.0 240.0 235.0 239.0 239.0 238.0 242.0
242.0 244.0 244.0 244.0 245.0 244.0 245.0 244.0 244.0 244.0 244.0 243.0
243.0 244.0 249.0 249.0 248.0 249.0 249.0 248.0 247.0 247.0 250.0 245.0
20.8637 79.9505 21.9192 49.7327 40 64.8148 35.9016 55.9555 3.53878 
38.0 19.0 20.0 13.0 11.0
242.0 239.0 224.0 239.0 238.0 217.0 232.0 217.0 238.0 239.0 232.0 241.0
242.0 243.0 243.0 242.0 242.0 241.0 239.0 236.0 241.0 243.0 242.0 242.0
242.0 243.0 239.0 239.0 242.0 240.0 241.0 235.0 238.0 239.0 238.0 242.0
242.0 243.0 245.0 244.0 244.0 244.0 244.0 244.0 244.0 245.0 244.0 243.0
244.0 245.0 248.0 249.0 248.0 248.0 249.0 247.0 248.0 248.0 249.0 245.0
