-10000
21.1364 79.8389 14.2269 45.9489 33.7984 61.1111 31.424 50.9762 5.06939 
32.0 17.0 21.0 13.0 11.0
243.0 240.0 226.0 240.0 239.0 224.0 235.0 224.0 240.0 241.0 232.0 242.0
242.0 243.0 243.0 243.0 242.0 242.0 244.0 237.0 243.0 242.0 242.0 242.0
242.0 242.0 239.0 239.0 240.0 239.0 240.0 233.0 239.0 239.0 238.0 241.0
242.0 244.0 245.0 245.0 245.0 244.0 245.0 244.0 244.0 244.0 245.0 244.0
244.0 244.0 248.0 249.0 248.0 248.0 250.0 249.0 247.0 248.0 249.0 245.0
21 79.8389 13.8423 47.5705 35.7364 61.4815 34.036 52.636 5.06939 
33.0 18.0 22.0 13.0 11.0
242.0 238.0 224.0 239.0 238.0 222.0 235.0 222.0 239.0 240.0 230.0 240.0
243.0 244.0 243.0 243.0 243.0 242.0 243.0 238.0 242.0 243.0 243.0 243.0
242.0 242.0 239.0 240.0 242.0 239.0 240.0 234.0 239.0 239.0 238.0 241.0
242.0 243.0 244.0 245.0 245.0 244.0 245.0 244.0 244.0 245.0 244.0 244.0
244.0 244.0 248.0 249.0 248.0 248.0 249.0 249.0 248.0 249.0 248.0 244.0
20.8637 79.8389 17.3038 48.6516 36.5116 62.5926 35.1554 53.8808 4.55918 
35.0 17.0 21.0 13.0 11.0
242.0 239.0 224.0 239.0 238.0 220.0 233.0 220.0 239.0 240.0 231.0 240.0
243.0 244.0 244.0 243.0 242.0 242.0 243.0 238.0 242.0 243.0 243.0 243.0
242.0 242.0 239.0 239.0 241.0 238.0 240.0 234.0 239.0 238.0 237.0 242.0
242.0 243.0 244.0 245.0 244.0 244.0 245.0 244.0 244.0 245.0 244.0 244.0
244.0 244.0 248.0 249.0 249.0 249.0 249.0 249.0 248.0 248.0 249.0 245.0
21 79.8389 21.15 50.2732 37.6744 63.3333 35.5285 55.1256 4.55918 
37.0 17.0 21.0 13.0 11.0
242.0 239.0 225.0 239.0 238.0 218.0 233.0 217.0 238.0 239.0 231.0 240.0
242.0 243.0 243.0 243.0 243.0 242.0 242.0 238.0 242.0 243.0 243.0 243.0
242.0 243.0 238.0 239.0 242.0 239.0 240.0 234.0 239.0 239.0 237.0 242.0
242.0 243.0 245.0 244.0 244.0 244.0 245.0 244.0 244.0 245.0 244.0 243.0
244.0 244.0 247.0 249.0 249.0 248.0 249.0 248.0 246.0 250.0 250.0 245.0
21 79.9505 22.3038 50.2732 38.8372 63.7037 36.2748 55.9555 4.55918 
38.0 18.0 21.0 13.0 11.0
242.0 239.0 226.0 239.0 238.0 217.0 232.0 217.0 238.0 239.0 231.0 241.0
242.0 242.0 243.0 243.0 242.0 241.0 240.0 237.0 242.0 243.0 242.0 242.0
242.0 242.0 238.0 239.0 243.0 240.0 240.0 235.0 239.0 239.0 237.0 242.0
242.0 243.0 245.0 244.0 244.0 244.0 244.0 244.0 244.0 244.0 244.0 243.0
244.0 244.0 248.0 250.0 249.0 248.0 250.0 248.0 248.0 247.0 249.0 246.0
21 79.9505 22.3038 50.2732 39.2248 63.7037 36.6479 55.5405 4.04898 
38.0 18.0 20.0 13.0 11.0
242.0 239.0 224.0 239.0 238.0 217.0 233.0 217.0 238.0 239.0 232.0 240.0
242.0 243.0 243.0 243.0 242.0 242.0 240.0 237.0 242.0 243.0 242.0 242.0
242.0 243.0 238.0 239.0 242.0 240.0 240.0 235.0 239.0 239.0 238.0 242.0
242.0 243.0 244.0 244.0 245.0 244.0 245.0 244.0 244.0 245.0 244.0 243.0
244.0 244.0 249.0 249.0 249.0 248.0 249.0 249.0 248.0 248.0 248.0 245.0
21 79.9505 22.3038 50.8138 39.6124 64.4444 36.6479 55.9555 4.55918 
38.0 18.0 20.0 13.0 11.0
242.0 240.0 224.0 239.0 238.0 217.0 232.0 218.0 238.0 239.0 232.0 240.0
242.0 243.0 243.0 243.0 242.0 241.0 240.0 237.0 241.0 243.0 242.0 242.0
242.0 243.0 239.0 239.0 242.0 239.0 239.0 235.0 239.0 239.0 237.0 242.0
242.0 244.0 244.0 245.0 245.0 244.0 244.0 244.0 244.0 244.0 244.0 243.0
244.0 244.0 249.0 249.0 249.0 249.0 249.0 248.0 247.0 249.0 249.0 246.0
20.8637 79.8389 22.3038 50.8138 40 64.4444 36.6479 55.9555 4.04898 
38.0 19.0 20.0 13.0 11.0
242.0 239.0 224.0 239.0 238.0 216.0 232.0 217.0 238.0 239.0 232.0 240.0
242.0 243.0 242.0 243.0 242.0 241.0 239.0 237.0 241.0 243.0 243.0 242.0
242.0 242.0 238.0 239.0 242.0 240.0 240.0 235.0 239.0 239.0 238.0 242.0
242.0 244.0 244.0 245.0 244.0 244.0 245.0 244.0 244.0 244.0 244.0 244.0
244.0 244.0 250.0 248.0 248.0 248.0 249.0 249.0 247.0 248.0 249.0 245.0
20.8637 79.9505 22.3038 50.8138 40 64.4444 36.6479 56.3704 4.04898 
39.0 18.0 19.0 13.0 12.0
242.0 239.0 224.0 239.0 238.0 217.0 232.0 217.0 239.0 240.0 231.0 240.0
242.0 243.0 243.0 243.0 242.0 240.0 239.0 237.0 241.0 243.0 242.0 242.0
242.0 243.0 239.0 239.0 242.0 240.0 240.0 235.0 238.0 238.0 237.0 242.0
242.0 243.0 245.0 245.0 245.0 244.0 245.0 244.0 244.0 245.0 244.0 243.0
244.0 245.0 248.0 250.0 248.0 248.0 250.0 248.0 248.0 248.0 249.0 246.0
20.8637 79.9505 22.3038 50.8138 40 64.8148 37.021 56.3704 4.04898 
38.0 18.0 20.0 13.0 11.0
242.0 239.0 224.0 239.0 237.0 217.0 232.0 217.0 238.0 239.0 232.0 240.0
242.0 242.0 243.0 243.0 242.0 241.0 239.0 236.0 242.0 243.0 242.0 242.0
242.0 243.0 238.0 240.0 243.0 239.0 240.0 235.0 238.0 239.0 238.0 242.0
242.0 244.0 244.0 244.0 244.0 244.0 245.0 244.0 244.0 245.0 244.0 244.0
244.0 245.0 248.0 248.0 248.0 249.0 248.0 249.0 247.0 249.0 249.0 245.0
