-10000
20.7273 79.8389 14.9962 45.9489 33.4109 59.2593 31.0509 50.1463 5.57959 
32.0 17.0 21.0 13.0 11.0
242.0 239.0 226.0 239.0 238.0 223.0 235.0 224.0 239.0 239.0 231.0 240.0
242.0 243.0 244.0 243.0 243.0 242.0 244.0 238.0 242.0 243.0 243.0 243.0
242.0 243.0 239.0 239.0 241.0 239.0 240.0 234.0 239.0 239.0 238.0 241.0
242.0 243.0 245.0 245.0 244.0 244.0 244.0 244.0 244.0 244.0 245.0 244.0
244.0 244.0 249.0 248.0 249.0 249.0 249.0 249.0 247.0 249.0 249.0 245.0
20.7273 80.0621 14.6115 47.03 35.7364 60.3704 33.2897 52.221 5.57959 
33.0 17.0 21.0 13.0 11.0
242.0 239.0 225.0 240.0 239.0 222.0 235.0 222.0 239.0 240.0 231.0 240.0
243.0 243.0 243.0 243.0 242.0 242.0 243.0 237.0 242.0 243.0 243.0 243.0
242.0 243.0 239.0 239.0 241.0 239.0 240.0 234.0 239.0 239.0 237.0 242.0
242.0 243.0 244.0 244.0 244.0 244.0 245.0 244.0 244.0 244.0 244.0 243.0
244.0 245.0 248.0 249.0 249.0 248.0 250.0 249.0 247.0 249.0 248.0 245.0
20.591 79.9505 18.0731 48.6516 36.5116 62.2222 34.036 53.8808 5.06939 
35.0 18.0 21.0 13.0 11.0
242.0 239.0 224.0 240.0 238.0 220.0 233.0 220.0 239.0 239.0 231.0 240.0
243.0 243.0 244.0 243.0 243.0 242.0 243.0 237.0 242.0 243.0 242.0 242.0
242.0 242.0 238.0 239.0 241.0 240.0 240.0 234.0 239.0 239.0 237.0 242.0
242.0 244.0 245.0 245.0 244.0 245.0 245.0 244.0 244.0 244.0 244.0 243.0
245.0 244.0 248.0 249.0 248.0 249.0 250.0 249.0 246.0 249.0 249.0 246.0
20.0455 79.8389 21.5346 49.7327 37.6744 62.5926 34.7822 54.2957 5.06939 
37.0 18.0 20.0 13.0 11.0
242.0 239.0 224.0 239.0 238.0 218.0 232.0 218.0 238.0 239.0 231.0 241.0
242.0 243.0 243.0 243.0 242.0 242.0 242.0 236.0 241.0 243.0 242.0 243.0
241.0 242.0 238.0 240.0 242.0 239.0 240.0 234.0 239.0 239.0 237.0 242.0
242.0 244.0 245.0 245.0 245.0 244.0 245.0 244.0 244.0 245.0 244.0 243.0
244.0 245.0 249.0 249.0 249.0 248.0 249.0 249.0 247.0 248.0 248.0 245.0
19.9091 79.8389 22.6885 50.2732 38.4496 63.3333 35.5285 55.5405 4.55918 
38.0 19.0 20.0 13.0 11.0
242.0 239.0 225.0 239.0 238.0 217.0 232.0 217.0 238.0 239.0 232.0 240.0
242.0 242.0 243.0 243.0 242.0 241.0 241.0 236.0 241.0 243.0 243.0 242.0
242.0 242.0 238.0 240.0 242.0 239.0 240.0 235.0 239.0 239.0 238.0 242.0
242.0 244.0 245.0 244.0 245.0 244.0 244.0 244.0 244.0 244.0 244.0 243.0
244.0 244.0 247.0 249.0 248.0 248.0 249.0 249.0 247.0 248.0 248.0 245.0
20.0455 79.9505 23.0731 50.2732 38.8372 63.3333 35.5285 55.5405 4.55918 
38.0 19.0 20.0 13.0 11.0
242.0 239.0 225.0 239.0 237.0 217.0 232.0 217.0 238.0 239.0 231.0 240.0
242.0 243.0 242.0 242.0 242.0 241.0 241.0 237.0 241.0 242.0 242.0 242.0
242.0 242.0 238.0 239.0 242.0 240.0 240.0 235.0 239.0 239.0 237.0 242.0
242.0 243.0 244.0 245.0 244.0 245.0 244.0 244.0 244.0 244.0 244.0 243.0
244.0 244.0 249.0 249.0 249.0 249.0 249.0 250.0 248.0 249.0 249.0 246.0
20.0455 80.0621 23.0731 50.8138 39.2248 63.7037 35.9016 56.3704 4.55918 
39.0 19.0 19.0 13.0 11.0
242.0 239.0 225.0 239.0 238.0 217.0 232.0 217.0 238.0 239.0 232.0 241.0
243.0 243.0 243.0 243.0 242.0 241.0 240.0 236.0 241.0 243.0 242.0 242.0
242.0 242.0 238.0 239.0 243.0 240.0 240.0 235.0 238.0 239.0 238.0 242.0
242.0 243.0 244.0 245.0 244.0 244.0 245.0 244.0 244.0 244.0 244.0 243.0
243.0 244.0 248.0 250.0 248.0 249.0 249.0 249.0 248.0 249.0 249.0 246.0
20.4546 80.1737 23.0731 50.8138 39.6124 64.0741 35.9016 55.9555 4.04898 
38.0 19.0 19.0 13.0 11.0
241.0 239.0 225.0 239.0 238.0 217.0 232.0 217.0 238.0 239.0 232.0 240.0
242.0 242.0 243.0 243.0 242.0 240.0 239.0 236.0 241.0 243.0 242.0 242.0
242.0 243.0 238.0 239.0 242.0 240.0 240.0 235.0 239.0 239.0 238.0 242.0
242.0 243.0 244.0 245.0 245.0 244.0 244.0 244.0 244.0 244.0 244.0 243.0
244.0 244.0 248.0 250.0 247.0 249.0 250.0 248.0 248.0 249.0 249.0 246.0
20.7273 80.1737 23.0731 50.8138 39.6124 64.0741 35.9016 55.9555 4.04898 
38.0 20.0 20.0 13.0 11.0
242.0 240.0 225.0 239.0 238.0 217.0 232.0 217.0 239.0 240.0 232.0 241.0
242.0 242.0 243.0 242.0 241.0 241.0 239.0 236.0 241.0 243.0 241.0 242.0
242.0 243.0 238.0 239.0 243.0 239.0 240.0 235.0 238.0 239.0 238.0 242.0
242.0 243.0 244.0 245.0 245.0 244.0 245.0 244.0 244.0 244.0 244.0 243.0
244.0 245.0 247.0 249.0 248.0 248.0 250.0 248.0 248.0 249.0 249.0 245.0
20.7273 80.0621 23.0731 50.8138 40 64.4444 35.9016 56.3704 4.04898 
39.0 19.0 20.0 13.0 11.0
242.0 239.0 225.0 239.0 238.0 217.0 232.0 217.0 238.0 240.0 232.0 240.0
242.0 243.0 243.0 243.0 242.0 241.0 239.0 236.0 240.0 243.0 242.0 242.0
242.0 243.0 239.0 240.0 243.0 239.0 240.0 234.0 238.0 239.0 237.0 242.0
242.0 244.0 245.0 244.0 245.0 244.0 244.0 244.0 244.0 244.0 244.0 243.0
245.0 245.0 250.0 249.0 248.0 248.0 249.0 249.0 247.0 249.0 249.0 247.0
