-10000
20.591 79.9505 16.9192 44.8678 33.4109 62.2222 35.9016 49.7314 5.06939 
33.0 17.0 22.0 13.0 11.0
242.0 238.0 224.0 239.0 238.0 222.0 234.0 222.0 239.0 240.0 231.0 240.0
242.0 243.0 244.0 243.0 242.0 242.0 243.0 238.0 242.0 243.0 242.0 242.0
242.0 242.0 238.0 239.0 241.0 239.0 241.0 233.0 239.0 239.0 237.0 242.0
242.0 244.0 245.0 245.0 245.0 245.0 245.0 244.0 244.0 244.0 244.0 243.0
244.0 245.0 248.0 249.0 249.0 248.0 249.0 250.0 248.0 248.0 248.0 245.0
20.3182 79.8389 21.15 44.8678 34.9612 62.5926 36.6479 50.9762 5.06939 
35.0 18.0 21.0 13.0 11.0
242.0 239.0 224.0 239.0 238.0 220.0 234.0 219.0 239.0 240.0 231.0 240.0
242.0 242.0 243.0 243.0 242.0 242.0 242.0 238.0 242.0 243.0 243.0 242.0
241.0 243.0 238.0 239.0 242.0 239.0 241.0 234.0 239.0 239.0 237.0 243.0
242.0 243.0 245.0 244.0 244.0 244.0 245.0 244.0 244.0 244.0 244.0 244.0
244.0 245.0 249.0 248.0 249.0 249.0 249.0 249.0 248.0 249.0 249.0 244.0
20.0455 79.7273 21.9192 45.9489 36.5116 62.963 37.021 52.636 4.55918 
36.0 17.0 21.0 13.0 11.0
242.0 239.0 224.0 239.0 238.0 219.0 234.0 219.0 238.0 239.0 231.0 240.0
243.0 243.0 244.0 243.0 242.0 243.0 242.0 238.0 242.0 243.0 243.0 243.0
242.0 243.0 238.0 239.0 243.0 238.0 241.0 234.0 239.0 239.0 238.0 242.0
242.0 243.0 245.0 245.0 244.0 244.0 244.0 244.0 244.0 244.0 244.0 243.0
244.0 244.0 248.0 249.0 248.0 248.0 249.0 250.0 247.0 248.0 249.0 245.0
20.7273 79.8389 21.9192 47.5705 37.2868 64.0741 37.3942 53.8808 4.55918 
37.0 17.0 21.0 13.0 11.0
242.0 239.0 224.0 239.0 238.0 219.0 233.0 218.0 238.0 239.0 230.0 240.0
242.0 243.0 244.0 243.0 242.0 242.0 242.0 238.0 242.0 243.0 242.0 242.0
242.0 243.0 238.0 240.0 244.0 238.0 241.0 235.0 239.0 239.0 238.0 242.0
242.0 243.0 244.0 244.0 245.0 244.0 245.0 245.0 244.0 244.0 244.0 243.0
244.0 244.0 248.0 250.0 249.0 249.0 250.0 248.0 247.0 248.0 249.0 245.0
21.1364 79.9505 21.9192 49.1922 38.062 64.4444 37.7673 55.1256 4.04898 
37.0 18.0 21.0 13.0 11.0
242.0 239.0 225.0 239.0 238.0 218.0 233.0 218.0 238.0 239.0 231.0 240.0
242.0 243.0 243.0 242.0 243.0 241.0 240.0 237.0 241.0 243.0 243.0 242.0
242.0 243.0 238.0 239.0 244.0 239.0 241.0 234.0 239.0 239.0 238.0 243.0
242.0 244.0 245.0 244.0 245.0 244.0 244.0 244.0 244.0 244.0 244.0 243.0
244.0 244.0 249.0 250.0 248.0 248.0 250.0 249.0 248.0 249.0 249.0 245.0
21.1364 80.0621 21.9192 50.2732 38.8372 64.4444 37.7673 55.5405 4.04898 
38.0 18.0 20.0 13.0 11.0
242.0 239.0 225.0 239.0 238.0 217.0 232.0 217.0 238.0 239.0 231.0 241.0
242.0 243.0 243.0 243.0 242.0 241.0 240.0 237.0 241.0 243.0 242.0 242.0
242.0 243.0 238.0 240.0 243.0 239.0 241.0 235.0 239.0 239.0 238.0 242.0
242.0 244.0 244.0 245.0 245.0 244.0 245.0 244.0 244.0 244.0 244.0 243.0
244.0 245.0 248.0 249.0 249.0 248.0 249.0 249.0 248.0 249.0 248.0 245.0
21.1364 80.0621 21.9192 50.2732 39.2248 64.4444 37.7673 55.5405 3.53878 
38.0 18.0 19.0 13.0 11.0
242.0 239.0 224.0 239.0 238.0 217.0 232.0 217.0 238.0 240.0 231.0 240.0
242.0 243.0 242.0 243.0 242.0 241.0 239.0 236.0 241.0 243.0 242.0 242.0
242.0 243.0 238.0 239.0 244.0 239.0 241.0 235.0 239.0 239.0 238.0 242.0
242.0 244.0 245.0 245.0 244.0 244.0 244.0 244.0 244.0 245.0 244.0 244.0
244.0 245.0 248.0 249.0 249.0 249.0 249.0 249.0 247.0 249.0 249.0 245.0
21.1364 80.0621 21.9192 50.8138 39.6124 64.8148 38.1404 55.9555 3.53878 
38.0 19.0 20.0 13.0 11.0
242.0 239.0 225.0 239.0 238.0 217.0 232.0 217.0 238.0 239.0 232.0 241.0
242.0 243.0 243.0 243.0 242.0 241.0 238.0 237.0 241.0 243.0 242.0 242.0
242.0 243.0 238.0 240.0 244.0 240.0 240.0 235.0 239.0 239.0 238.0 242.0
242.0 243.0 245.0 245.0 245.0 244.0 244.0 244.0 244.0 245.0 244.0 243.0
244.0 244.0 248.0 249.0 248.0 248.0 250.0 248.0 247.0 248.0 249.0 245.0
21 80.0621 21.9192 50.2732 39.6124 65.1852 38.1404 55.9555 3.53878 
38.0 18.0 20.0 13.0 11.0
242.0 239.0 224.0 239.0 238.0 217.0 232.0 217.0 238.0 239.0 231.0 240.0
243.0 243.0 243.0 243.0 241.0 241.0 238.0 237.0 241.0 243.0 243.0 242.0
242.0 243.0 238.0 239.0 244.0 239.0 241.0 235.0 238.0 239.0 237.0 242.0
242.0 244.0 244.0 244.0 244.0 244.0 245.0 244.0 244.0 244.0 244.0 244.0
244.0 244.0 248.0 250.0 248.0 248.0 249.0 249.0 248.0 248.0 249.0 245.0
