-10000
20.8637 79.8389 16.5346 44.8678 36.124 62.963 34.7822 51.3912 5.06939 
33.0 17.0 22.0 13.0 11.0
242.0 238.0 224.0 239.0 239.0 222.0 234.0 222.0 239.0 240.0 230.0 240.0
243.0 243.0 243.0 243.0 243.0 242.0 243.0 238.0 242.0 243.0 243.0 243.0
242.0 242.0 238.0 239.0 241.0 239.0 240.0 234.0 239.0 239.0 237.0 242.0
242.0 244.0 245.0 245.0 245.0 244.0 244.0 244.0 244.0 245.0 244.0 243.0
244.0 244.0 248.0 249.0 248.0 249.0 250.0 248.0 248.0 249.0 250.0 244.0
20.8637 79.8389 20.7654 44.8678 37.2868 62.963 35.5285 51.8061 4.55918 
35.0 17.0 22.0 13.0 11.0
242.0 239.0 224.0 239.0 238.0 220.0 234.0 220.0 239.0 239.0 230.0 240.0
242.0 243.0 244.0 243.0 242.0 241.0 243.0 238.0 242.0 243.0 242.0 243.0
242.0 243.0 239.0 239.0 241.0 238.0 240.0 233.0 239.0 238.0 237.0 242.0
242.0 244.0 244.0 245.0 244.0 244.0 245.0 244.0 245.0 244.0 245.0 243.0
244.0 244.0 248.0 250.0 248.0 248.0 250.0 249.0 247.0 248.0 249.0 246.0
21 79.9505 21.9192 45.9489 38.8372 63.3333 35.9016 53.4659 4.55918 
36.0 17.0 21.0 13.0 11.0
242.0 239.0 223.0 239.0 238.0 219.0 233.0 219.0 239.0 239.0 230.0 240.0
242.0 243.0 243.0 243.0 242.0 241.0 241.0 237.0 242.0 243.0 241.0 242.0
242.0 242.0 239.0 240.0 241.0 239.0 240.0 234.0 239.0 239.0 237.0 242.0
242.0 243.0 244.0 244.0 244.0 244.0 245.0 245.0 244.0 244.0 244.0 244.0
243.0 245.0 248.0 250.0 248.0 248.0 249.0 248.0 247.0 249.0 249.0 246.0
21 80.0621 21.9192 46.4895 39.2248 64.8148 37.021 53.8808 4.04898 
36.0 18.0 21.0 13.0 12.0
242.0 239.0 224.0 239.0 238.0 219.0 234.0 218.0 239.0 239.0 231.0 240.0
242.0 243.0 243.0 243.0 242.0 241.0 241.0 237.0 242.0 243.0 242.0 242.0
242.0 242.0 239.0 239.0 242.0 239.0 240.0 234.0 239.0 239.0 238.0 242.0
242.0 244.0 244.0 244.0 245.0 244.0 245.0 244.0 244.0 244.0 244.0 243.0
244.0 244.0 247.0 250.0 249.0 248.0 249.0 250.0 248.0 249.0 249.0 245.0
21 79.9505 21.9192 48.1111 39.2248 65.1852 37.3942 55.1256 4.04898 
37.0 18.0 21.0 13.0 11.0
242.0 239.0 224.0 239.0 238.0 218.0 233.0 218.0 238.0 239.0 231.0 240.0
242.0 243.0 243.0 243.0 242.0 241.0 240.0 237.0 241.0 243.0 242.0 242.0
242.0 242.0 238.0 239.0 242.0 239.0 240.0 234.0 239.0 239.0 237.0 241.0
242.0 243.0 244.0 244.0 244.0 244.0 245.0 244.0 244.0 244.0 244.0 243.0
244.0 244.0 248.0 248.0 249.0 249.0 249.0 250.0 247.0 248.0 249.0 244.0
20.8637 79.9505 21.9192 49.1922 39.2248 65.5556 37.3942 55.5405 4.04898 
38.0 18.0 21.0 13.0 11.0
242.0 239.0 224.0 239.0 238.0 217.0 232.0 218.0 239.0 239.0 231.0 240.0
243.0 242.0 243.0 242.0 241.0 242.0 240.0 237.0 242.0 243.0 242.0 242.0
242.0 243.0 239.0 239.0 242.0 239.0 240.0 235.0 239.0 239.0 237.0 242.0
242.0 243.0 245.0 244.0 245.0 244.0 245.0 244.0 244.0 245.0 244.0 243.0
244.0 244.0 248.0 249.0 248.0 249.0 250.0 249.0 247.0 248.0 249.0 245.0
20.8637 79.9505 21.9192 49.1922 39.2248 65.5556 37.3942 55.5405 4.04898 
38.0 18.0 21.0 13.0 11.0
241.0 239.0 224.0 239.0 238.0 218.0 233.0 218.0 238.0 239.0 231.0 240.0
242.0 242.0 243.0 242.0 242.0 241.0 239.0 237.0 242.0 243.0 242.0 242.0
242.0 243.0 238.0 240.0 242.0 239.0 239.0 235.0 239.0 239.0 237.0 242.0
242.0 243.0 245.0 245.0 244.0 244.0 244.0 244.0 244.0 244.0 244.0 244.0
243.0 244.0 248.0 249.0 249.0 248.0 249.0 249.0 249.0 249.0 249.0 245.0
20.8637 79.9505 22.3038 49.7327 39.2248 65.5556 37.3942 55.5405 4.04898 
38.0 18.0 20.0 13.0 11.0
242.0 239.0 224.0 239.0 238.0 217.0 232.0 217.0 238.0 239.0 232.0 240.0
242.0 243.0 243.0 242.0 242.0 241.0 239.0 238.0 241.0 243.0 242.0 242.0
242.0 243.0 238.0 239.0 242.0 239.0 239.0 234.0 238.0 239.0 237.0 242.0
242.0 243.0 244.0 244.0 245.0 244.0 245.0 244.0 244.0 244.0 245.0 243.0
244.0 245.0 247.0 250.0 248.0 248.0 249.0 250.0 248.0 248.0 250.0 246.0
20.8637 79.9505 22.3038 49.1922 39.2248 65.5556 37.3942 55.5405 4.04898 
38.0 18.0 21.0 13.0 11.0
242.0 239.0 224.0 239.0 238.0 217.0 232.0 217.0 238.0 239.0 231.0 240.0
242.0 242.0 242.0 243.0 242.0 242.0 240.0 237.0 242.0 243.0 242.0 242.0
242.0 242.0 238.0 240.0 242.0 239.0 239.0 234.0 239.0 238.0 238.0 242.0
241.0 244.0 244.0 245.0 245.0 244.0 245.0 244.0 244.0 244.0 244.0 243.0
244.0 244.0 248.0 250.0 248.0 248.0 250.0 249.0 248.0 248.0 249.0 245.0
21 80.0621 22.3038 50.2732 39.2248 65.9259 37.3942 55.9555 3.53878 
38.0 18.0 21.0 13.0 11.0
241.0 239.0 224.0 239.0 238.0 217.0 232.0 217.0 239.0 239.0 231.0 240.0
242.0 242.0 243.0 243.0 242.0 241.0 240.0 237.0 241.0 243.0 242.0 242.0
242.0 243.0 239.0 239.0 242.0 238.0 240.0 234.0 238.0 239.0 238.0 242.0
242.0 244.0 245.0 244.0 244.0 245.0 244.0 244.0 244.0 245.0 245.0 243.0
244.0 245.0 247.0 250.0 248.0 248.0 250.0 249.0 247.0 248.0 249.0 245.0
