-10000
21 79.6157 14.9962 45.4084 33.4109 60.7407 32.9166 49.7314 5.06939 
32.0 17.0 21.0 13.0 11.0
242.0 239.0 226.0 239.0 238.0 223.0 235.0 224.0 239.0 240.0 231.0 240.0
242.0 243.0 243.0 243.0 242.0 242.0 243.0 237.0 242.0 243.0 242.0 242.0
242.0 242.0 238.0 239.0 241.0 239.0 241.0 234.0 239.0 239.0 237.0 242.0
242.0 243.0 244.0 245.0 245.0 244.0 244.0 244.0 244.0 244.0 244.0 244.0
244.0 244.0 248.0 249.0 248.0 249.0 250.0 248.0 247.0 249.0 249.0 246.0
20.8637 79.6157 14.6115 46.4895 34.9612 61.1111 33.6628 50.5613 5.06939 
33.0 18.0 21.0 13.0 11.0
242.0 239.0 224.0 239.0 238.0 223.0 234.0 223.0 239.0 240.0 230.0 240.0
243.0 243.0 243.0 243.0 242.0 242.0 243.0 237.0 242.0 243.0 242.0 242.0
242.0 243.0 238.0 239.0 242.0 239.0 241.0 233.0 239.0 239.0 238.0 242.0
242.0 244.0 245.0 244.0 244.0 244.0 245.0 244.0 244.0 244.0 244.0 243.0
244.0 244.0 247.0 250.0 248.0 247.0 250.0 249.0 247.0 249.0 250.0 245.0
20.8637 79.6157 15.3808 49.1922 36.5116 62.2222 35.1554 52.636 5.06939 
34.0 17.0 21.0 13.0 11.0
242.0 238.0 224.0 239.0 238.0 221.0 234.0 221.0 239.0 240.0 231.0 240.0
243.0 243.0 244.0 243.0 242.0 242.0 242.0 238.0 242.0 243.0 243.0 243.0
242.0 243.0 238.0 239.0 242.0 239.0 242.0 234.0 239.0 239.0 237.0 242.0
242.0 244.0 244.0 244.0 244.0 245.0 245.0 244.0 244.0 244.0 244.0 243.0
245.0 245.0 248.0 248.0 249.0 249.0 249.0 249.0 247.0 249.0 250.0 245.0
20.8637 79.6157 20.3808 49.7327 36.8992 63.3333 35.1554 53.4659 4.55918 
36.0 18.0 21.0 13.0 11.0
242.0 239.0 225.0 239.0 238.0 218.0 233.0 218.0 238.0 239.0 231.0 240.0
242.0 243.0 244.0 243.0 242.0 242.0 242.0 238.0 242.0 243.0 243.0 243.0
242.0 242.0 238.0 239.0 242.0 239.0 240.0 235.0 240.0 239.0 238.0 242.0
242.0 243.0 244.0 244.0 244.0 244.0 245.0 244.0 244.0 244.0 244.0 243.0
244.0 244.0 248.0 250.0 249.0 249.0 250.0 249.0 247.0 249.0 249.0 245.0
20.8637 79.7273 21.9192 50.8138 38.062 63.7037 35.9016 54.7107 4.55918 
38.0 17.0 21.0 13.0 11.0
242.0 240.0 225.0 239.0 238.0 217.0 232.0 217.0 238.0 239.0 232.0 241.0
242.0 243.0 243.0 243.0 242.0 242.0 242.0 238.0 242.0 243.0 242.0 242.0
241.0 242.0 238.0 239.0 242.0 239.0 240.0 234.0 239.0 239.0 238.0 242.0
242.0 243.0 244.0 245.0 244.0 244.0 245.0 244.0 244.0 244.0 244.0 243.0
244.0 245.0 248.0 249.0 248.0 248.0 249.0 248.0 247.0 249.0 249.0 245.0
20.8637 79.7273 21.9192 50.8138 38.8372 64.0741 37.021 54.7107 4.55918 
38.0 18.0 20.0 13.0 11.0
242.0 239.0 225.0 239.0 238.0 217.0 232.0 218.0 238.0 239.0 232.0 240.0
242.0 242.0 242.0 243.0 242.0 241.0 240.0 237.0 242.0 243.0 242.0 242.0
242.0 243.0 238.0 240.0 243.0 238.0 240.0 235.0 239.0 239.0 237.0 242.0
242.0 244.0 244.0 244.0 245.0 244.0 245.0 244.0 244.0 244.0 244.0 244.0
244.0 244.0 248.0 249.0 247.0 250.0 250.0 248.0 248.0 249.0 249.0 246.0
20.8637 79.8389 21.9192 50.8138 39.2248 64.4444 37.021 55.1256 4.04898 
38.0 18.0 21.0 13.0 11.0
242.0 239.0 225.0 239.0 238.0 217.0 232.0 217.0 238.0 240.0 232.0 241.0
242.0 243.0 243.0 243.0 242.0 242.0 240.0 237.0 242.0 243.0 242.0 242.0
242.0 243.0 239.0 240.0 243.0 239.0 240.0 235.0 239.0 239.0 237.0 242.0
242.0 243.0 244.0 244.0 244.0 244.0 244.0 244.0 244.0 244.0 244.0 243.0
244.0 244.0 249.0 249.0 249.0 247.0 250.0 249.0 247.0 249.0 249.0 246.0
20.7273 79.7273 21.9192 51.3543 39.6124 64.8148 37.3942 55.1256 4.04898 
38.0 18.0 20.0 13.0 11.0
241.0 239.0 225.0 239.0 237.0 217.0 232.0 217.0 239.0 239.0 232.0 241.0
242.0 242.0 243.0 243.0 242.0 241.0 239.0 236.0 242.0 243.0 242.0 242.0
242.0 243.0 238.0 240.0 243.0 239.0 241.0 235.0 239.0 239.0 238.0 242.0
242.0 243.0 244.0 245.0 244.0 244.0 245.0 244.0 244.0 245.0 244.0 244.0
244.0 245.0 247.0 249.0 249.0 249.0 249.0 249.0 248.0 249.0 249.0 246.0
20.7273 79.7273 21.9192 51.3543 40 64.8148 37.3942 55.1256 4.04898 
38.0 18.0 20.0 13.0 11.0
242.0 239.0 225.0 239.0 238.0 217.0 232.0 217.0 239.0 239.0 232.0 241.0
242.0 243.0 243.0 242.0 242.0 241.0 239.0 236.0 241.0 243.0 242.0 242.0
241.0 243.0 239.0 239.0 242.0 239.0 240.0 235.0 239.0 239.0 238.0 242.0
242.0 243.0 244.0 245.0 244.0 244.0 245.0 244.0 244.0 244.0 244.0 244.0
243.0 244.0 249.0 250.0 249.0 248.0 249.0 250.0 248.0 248.0 250.0 245.0
20.591 79.7273 21.9192 50.8138 40 65.1852 37.3942 55.1256 4.04898 
38.0 19.0 20.0 13.0 11.0
242.0 239.0 225.0 239.0 237.0 217.0 232.0 217.0 238.0 239.0 232.0 241.0
242.0 242.0 243.0 242.0 242.0 241.0 239.0 237.0 241.0 243.0 242.0 242.0
242.0 243.0 238.0 239.0 243.0 240.0 240.0 235.0 239.0 239.0 238.0 242.0
242.0 243.0 245.0 245.0 245.0 244.0 245.0 244.0 244.0 244.0 244.0 243.0
244.0 244.0 248.0 250.0 248.0 248.0 249.0 248.0 247.0 248.0 248.0 245.0
