-10000
21.2728 79.6157 17.3038 45.4084 33.7984 60 34.4091 50.1463 5.06939 
33.0 17.0 21.0 13.0 11.0
242.0 239.0 225.0 239.0 238.0 221.0 234.0 221.0 239.0 240.0 230.0 240.0
242.0 243.0 243.0 243.0 242.0 241.0 243.0 238.0 242.0 243.0 242.0 242.0
241.0 243.0 239.0 238.0 241.0 239.0 241.0 233.0 240.0 239.0 238.0 242.0
241.0 243.0 245.0 245.0 244.0 244.0 244.0 244.0 244.0 245.0 244.0 244.0
244.0 245.0 248.0 249.0 248.0 248.0 250.0 249.0 247.0 249.0 249.0 245.0
21.1364 79.5041 20.7654 45.9489 34.186 61.1111 35.5285 51.3912 4.55918 
35.0 17.0 21.0 13.0 11.0
242.0 239.0 225.0 239.0 238.0 220.0 233.0 220.0 239.0 240.0 231.0 240.0
242.0 243.0 243.0 243.0 242.0 242.0 243.0 237.0 242.0 243.0 243.0 243.0
242.0 243.0 238.0 239.0 242.0 239.0 241.0 234.0 240.0 239.0 237.0 242.0
242.0 243.0 245.0 244.0 244.0 244.0 245.0 244.0 244.0 244.0 244.0 244.0
244.0 244.0 248.0 249.0 248.0 249.0 250.0 249.0 248.0 249.0 248.0 245.0
21.1364 79.5041 21.9192 46.4895 36.124 61.8519 35.9016 52.636 4.55918 
36.0 17.0 20.0 13.0 11.0
242.0 239.0 224.0 239.0 238.0 219.0 233.0 219.0 239.0 239.0 231.0 240.0
243.0 244.0 243.0 243.0 242.0 242.0 243.0 237.0 242.0 243.0 242.0 242.0
241.0 243.0 238.0 239.0 242.0 240.0 241.0 234.0 239.0 239.0 238.0 243.0
242.0 244.0 244.0 245.0 245.0 245.0 244.0 244.0 244.0 245.0 244.0 244.0
244.0 245.0 248.0 249.0 249.0 250.0 250.0 249.0 248.0 249.0 249.0 245.0
21.2728 79.7273 21.9192 47.5705 37.2868 62.963 37.021 53.8808 4.55918 
37.0 17.0 20.0 13.0 11.0
242.0 239.0 224.0 239.0 238.0 219.0 234.0 218.0 238.0 239.0 231.0 240.0
243.0 243.0 244.0 243.0 242.0 242.0 241.0 238.0 242.0 243.0 243.0 243.0
241.0 242.0 238.0 239.0 243.0 239.0 241.0 235.0 239.0 239.0 239.0 242.0
242.0 243.0 244.0 245.0 245.0 244.0 245.0 244.0 244.0 244.0 244.0 243.0
244.0 244.0 248.0 249.0 248.0 248.0 249.0 248.0 248.0 248.0 249.0 245.0
21.1364 79.7273 21.9192 49.1922 38.4496 63.7037 37.021 55.5405 4.55918 
37.0 17.0 20.0 13.0 11.0
242.0 239.0 224.0 240.0 238.0 218.0 232.0 218.0 238.0 239.0 231.0 241.0
243.0 244.0 243.0 243.0 242.0 241.0 241.0 237.0 241.0 243.0 243.0 243.0
241.0 243.0 238.0 239.0 242.0 239.0 240.0 235.0 239.0 239.0 238.0 242.0
242.0 244.0 244.0 245.0 244.0 244.0 245.0 244.0 244.0 244.0 244.0 243.0
244.0 244.0 248.0 250.0 248.0 248.0 249.0 248.0 247.0 249.0 249.0 245.0
21 79.7273 21.9192 49.7327 38.8372 64.0741 37.3942 55.9555 4.55918 
37.0 18.0 19.0 13.0 11.0
242.0 239.0 224.0 239.0 238.0 217.0 232.0 218.0 238.0 239.0 232.0 241.0
242.0 243.0 243.0 243.0 242.0 242.0 240.0 237.0 242.0 243.0 242.0 242.0
242.0 243.0 238.0 239.0 243.0 239.0 240.0 236.0 240.0 239.0 238.0 242.0
242.0 244.0 244.0 245.0 245.0 244.0 244.0 244.0 244.0 245.0 244.0 243.0
244.0 244.0 249.0 249.0 248.0 248.0 249.0 250.0 248.0 248.0 249.0 246.0
20.8637 79.7273 21.9192 50.2732 39.2248 64.0741 37.3942 55.5405 4.04898 
38.0 18.0 20.0 13.0 11.0
241.0 239.0 225.0 239.0 238.0 218.0 232.0 218.0 239.0 239.0 232.0 241.0
242.0 242.0 242.0 243.0 242.0 242.0 240.0 237.0 242.0 243.0 242.0 242.0
242.0 243.0 238.0 239.0 243.0 240.0 241.0 235.0 240.0 239.0 239.0 242.0
242.0 243.0 244.0 244.0 244.0 245.0 245.0 244.0 244.0 244.0 245.0 243.0
244.0 244.0 249.0 249.0 248.0 248.0 250.0 248.0 248.0 249.0 249.0 245.0
20.8637 79.7273 21.9192 50.2732 39.6124 64.8148 37.3942 55.9555 4.04898 
38.0 18.0 19.0 13.0 11.0
242.0 239.0 224.0 239.0 238.0 217.0 232.0 217.0 238.0 239.0 231.0 240.0
242.0 242.0 243.0 243.0 242.0 241.0 240.0 237.0 241.0 243.0 242.0 242.0
242.0 243.0 238.0 239.0 243.0 239.0 240.0 235.0 239.0 239.0 238.0 242.0
242.0 244.0 244.0 244.0 244.0 244.0 245.0 244.0 244.0 245.0 244.0 243.0
244.0 244.0 249.0 249.0 249.0 249.0 250.0 248.0 247.0 248.0 249.0 245.0
20.7273 79.8389 21.9192 50.8138 40 64.8148 37.3942 55.9555 4.04898 
38.0 18.0 19.0 13.0 11.0
242.0 240.0 225.0 239.0 238.0 218.0 232.0 218.0 238.0 239.0 232.0 241.0
242.0 243.0 243.0 243.0 242.0 240.0 239.0 236.0 241.0 243.0 242.0 242.0
242.0 243.0 239.0 239.0 242.0 239.0 241.0 236.0 239.0 239.0 238.0 242.0
242.0 243.0 245.0 244.0 245.0 244.0 245.0 244.0 244.0 244.0 244.0 243.0
244.0 244.0 248.0 249.0 247.0 249.0 250.0 249.0 248.0 249.0 249.0 244.0
20.8637 79.8389 21.9192 50.2732 40 64.8148 37.7673 56.3704 4.04898 
38.0 18.0 19.0 13.0 11.0
242.0 239.0 225.0 239.0 238.0 217.0 232.0 218.0 238.0 239.0 232.0 241.0
242.0 242.0 242.0 242.0 242.0 240.0 239.0 236.0 241.0 243.0 242.0 242.0
242.0 243.0 238.0 239.0 243.0 239.0 240.0 236.0 239.0 239.0 238.0 242.0
242.0 244.0 244.0 245.0 245.0 244.0 245.0 244.0 244.0 244.0 244.0 243.0
244.0 245.0 247.0 251.0 249.0 249.0 249.0 248.0 248.0 248.0 249.0 246.0
