-10000
21 79.7273 15.3808 48.1111 33.0233 60.3704 30.6778 50.5613 5.06939 
33.0 18.0 21.0 13.0 11.0
242.0 239.0 226.0 239.0 239.0 223.0 234.0 223.0 239.0 240.0 231.0 240.0
243.0 243.0 243.0 243.0 242.0 241.0 243.0 237.0 242.0 243.0 242.0 242.0
242.0 242.0 239.0 239.0 240.0 240.0 240.0 235.0 239.0 239.0 238.0 242.0
242.0 244.0 245.0 245.0 244.0 244.0 245.0 244.0 244.0 245.0 244.0 244.0
244.0 246.0 248.0 248.0 248.0 250.0 250.0 249.0 248.0 248.0 248.0 246.0
21 79.9505 15.7654 49.7327 34.5736 61.1111 31.424 52.221 5.06939 
34.0 18.0 20.0 13.0 11.0
242.0 240.0 225.0 240.0 238.0 221.0 234.0 221.0 239.0 239.0 231.0 240.0
242.0 242.0 243.0 243.0 242.0 242.0 243.0 238.0 242.0 243.0 242.0 242.0
242.0 243.0 239.0 239.0 241.0 240.0 240.0 234.0 239.0 239.0 239.0 241.0
242.0 243.0 244.0 245.0 245.0 244.0 244.0 244.0 244.0 244.0 244.0 243.0
244.0 244.0 249.0 249.0 248.0 248.0 249.0 249.0 247.0 249.0 249.0 245.0
21 79.9505 19.9962 50.2732 36.124 61.8519 33.2897 53.8808 5.06939 
36.0 17.0 20.0 13.0 11.0
242.0 239.0 225.0 239.0 238.0 219.0 233.0 218.0 238.0 239.0 232.0 240.0
242.0 244.0 244.0 243.0 243.0 242.0 243.0 237.0 243.0 243.0 243.0 243.0
242.0 242.0 239.0 239.0 242.0 239.0 241.0 235.0 240.0 239.0 237.0 242.0
242.0 244.0 245.0 245.0 245.0 245.0 245.0 244.0 244.0 245.0 244.0 243.0
244.0 244.0 247.0 249.0 248.0 248.0 249.0 249.0 248.0 249.0 250.0 246.0
21 79.9505 21.15 51.3543 36.8992 63.3333 34.4091 54.2957 4.55918 
38.0 18.0 20.0 13.0 11.0
242.0 240.0 226.0 239.0 238.0 218.0 232.0 218.0 238.0 240.0 232.0 241.0
242.0 243.0 243.0 243.0 242.0 241.0 242.0 237.0 242.0 243.0 243.0 243.0
241.0 243.0 239.0 239.0 242.0 239.0 241.0 234.0 240.0 239.0 238.0 242.0
242.0 243.0 245.0 244.0 244.0 244.0 245.0 244.0 244.0 244.0 244.0 244.0
244.0 244.0 247.0 249.0 249.0 249.0 249.0 250.0 248.0 249.0 250.0 245.0
20.8637 79.8389 21.15 51.3543 38.062 63.3333 35.5285 55.1256 4.55918 
37.0 18.0 20.0 13.0 11.0
242.0 239.0 225.0 239.0 238.0 218.0 232.0 218.0 238.0 239.0 232.0 241.0
243.0 243.0 243.0 242.0 242.0 241.0 241.0 238.0 242.0 243.0 242.0 242.0
242.0 242.0 239.0 239.0 242.0 239.0 240.0 235.0 239.0 239.0 238.0 242.0
242.0 243.0 245.0 244.0 244.0 244.0 245.0 244.0 244.0 244.0 244.0 243.0
244.0 244.0 248.0 248.0 249.0 248.0 250.0 247.0 249.0 249.0 248.0 244.0
20.8637 79.8389 21.15 50.8138 38.4496 63.3333 35.5285 55.5405 4.55918 
38.0 17.0 20.0 13.0 11.0
241.0 239.0 226.0 239.0 237.0 218.0 232.0 218.0 238.0 240.0 232.0 241.0
242.0 243.0 243.0 243.0 242.0 243.0 241.0 236.0 242.0 243.0 242.0 242.0
242.0 242.0 238.0 239.0 243.0 240.0 240.0 236.0 239.0 239.0 238.0 242.0
242.0 244.0 244.0 244.0 244.0 244.0 245.0 244.0 244.0 245.0 244.0 243.0
244.0 244.0 248.0 249.0 248.0 249.0 249.0 249.0 247.0 248.0 250.0 245.0
20.8637 79.8389 21.15 50.8138 38.8372 63.7037 35.5285 55.1256 4.55918 
38.0 18.0 19.0 13.0 12.0
242.0 239.0 225.0 239.0 237.0 218.0 232.0 217.0 238.0 239.0 232.0 240.0
242.0 242.0 243.0 243.0 242.0 240.0 240.0 237.0 242.0 243.0 242.0 242.0
242.0 243.0 239.0 239.0 242.0 239.0 241.0 235.0 239.0 239.0 238.0 242.0
242.0 243.0 244.0 245.0 244.0 244.0 244.0 244.0 244.0 244.0 244.0 243.0
244.0 244.0 248.0 250.0 248.0 249.0 250.0 249.0 247.0 248.0 249.0 246.0
20.8637 79.9505 21.15 51.3543 39.2248 64.0741 35.5285 55.9555 4.55918 
38.0 19.0 19.0 13.0 11.0
242.0 240.0 225.0 239.0 237.0 217.0 232.0 217.0 239.0 239.0 232.0 240.0
242.0 243.0 243.0 243.0 242.0 242.0 241.0 236.0 241.0 243.0 241.0 242.0
241.0 242.0 238.0 239.0 243.0 240.0 240.0 236.0 239.0 239.0 238.0 242.0
242.0 243.0 244.0 245.0 244.0 244.0 244.0 245.0 244.0 244.0 244.0 243.0
244.0 244.0 249.0 249.0 248.0 248.0 249.0 248.0 247.0 249.0 249.0 245.0
21 80.1737 21.15 51.3543 39.6124 64.0741 35.9016 55.9555 4.55918 
38.0 19.0 19.0 13.0 11.0
242.0 239.0 225.0 239.0 238.0 217.0 232.0 217.0 238.0 240.0 232.0 241.0
242.0 242.0 243.0 242.0 242.0 241.0 240.0 236.0 242.0 243.0 242.0 242.0
242.0 243.0 239.0 239.0 242.0 240.0 241.0 236.0 239.0 239.0 238.0 242.0
242.0 243.0 244.0 245.0 245.0 244.0 245.0 244.0 244.0 244.0 244.0 243.0
244.0 245.0 248.0 250.0 249.0 248.0 248.0 247.0 247.0 248.0 248.0 245.0
21 80.1737 21.15 51.8949 39.6124 64.4444 35.9016 55.9555 4.55918 
38.0 19.0 19.0 14.0 11.0
242.0 239.0 225.0 239.0 237.0 218.0 232.0 218.0 238.0 240.0 232.0 240.0
242.0 243.0 243.0 243.0 242.0 240.0 239.0 236.0 241.0 243.0 242.0 242.0
241.0 242.0 239.0 239.0 242.0 241.0 240.0 236.0 239.0 239.0 238.0 242.0
242.0 244.0 244.0 244.0 245.0 244.0 245.0 244.0 244.0 244.0 244.0 243.0
244.0 244.0 248.0 249.0 248.0 248.0 248.0 248.0 248.0 248.0 249.0 245.0
21 80.1737 21.15 51.8949 40 65.1852 35.9016 56.3704 4.55918 
38.0 19.0 19.0 13.0 11.0
242.0 239.0 225.0 239.0 238.0 218.0 232.0 218.0 238.0 239.0 232.0 241.0
242.0 243.0 243.0 242.0 242.0 241.0 239.0 236.0 241.0 243.0 241.0 242.0
242.0 243.0 239.0 239.0 242.0 240.0 240.0 236.0 239.0 239.0 238.0 242.0
242.0 243.0 245.0 245.0 245.0 244.0 245.0 244.0 244.0 245.0 244.0 243.0
244.0 244.0 247.0 249.0 249.0 249.0 250.0 248.0 248.0 248.0 249.0 246.0
