-10000
21 79.8389 19.6115 44.3273 35.3488 61.4815 35.5285 50.1463 4.55918 
34.0 17.0 21.0 13.0 11.0
242.0 239.0 224.0 239.0 238.0 221.0 234.0 221.0 239.0 240.0 230.0 240.0
242.0 244.0 244.0 243.0 242.0 242.0 243.0 238.0 242.0 243.0 242.0 243.0
241.0 243.0 239.0 239.0 241.0 239.0 241.0 234.0 239.0 239.0 238.0 242.0
242.0 243.0 244.0 245.0 244.0 244.0 245.0 245.0 244.0 245.0 244.0 243.0
244.0 245.0 248.0 249.0 248.0 249.0 250.0 248.0 248.0 249.0 249.0 246.0
21.1364 79.9505 21.5346 44.8678 36.124 61.8519 37.021 50.5613 4.55918 
36.0 17.0 21.0 13.0 11.0
242.0 238.0 224.0 239.0 238.0 220.0 233.0 219.0 239.0 239.0 230.0 240.0
242.0 243.0 243.0 242.0 243.0 242.0 243.0 238.0 242.0 243.0 243.0 243.0
241.0 243.0 238.0 239.0 242.0 239.0 241.0 234.0 239.0 239.0 238.0 242.0
242.0 244.0 244.0 245.0 244.0 244.0 244.0 244.0 244.0 244.0 244.0 243.0
244.0 244.0 248.0 249.0 248.0 249.0 250.0 249.0 249.0 248.0 249.0 245.0
21.1364 80.0621 21.9192 46.4895 37.2868 62.5926 37.3942 52.221 4.55918 
36.0 18.0 21.0 13.0 11.0
242.0 239.0 223.0 239.0 238.0 219.0 233.0 218.0 239.0 239.0 230.0 240.0
243.0 243.0 244.0 243.0 242.0 242.0 242.0 237.0 242.0 243.0 243.0 243.0
242.0 243.0 238.0 239.0 243.0 238.0 240.0 234.0 239.0 239.0 238.0 242.0
242.0 243.0 244.0 245.0 245.0 244.0 245.0 244.0 244.0 245.0 244.0 243.0
244.0 245.0 248.0 250.0 247.0 247.0 249.0 249.0 247.0 249.0 249.0 245.0
21 79.9505 21.9192 48.1111 38.4496 63.7037 37.7673 53.8808 4.55918 
37.0 17.0 21.0 13.0 11.0
242.0 239.0 224.0 239.0 238.0 218.0 233.0 218.0 239.0 239.0 231.0 240.0
242.0 243.0 243.0 243.0 242.0 241.0 241.0 237.0 242.0 243.0 242.0 242.0
241.0 243.0 239.0 239.0 243.0 239.0 240.0 234.0 240.0 239.0 238.0 242.0
242.0 243.0 245.0 244.0 244.0 245.0 244.0 244.0 244.0 244.0 244.0 243.0
244.0 245.0 248.0 248.0 249.0 248.0 250.0 249.0 246.0 249.0 248.0 246.0
21 79.9505 21.9192 49.1922 38.8372 64.0741 37.7673 55.5405 4.04898 
37.0 18.0 20.0 13.0 11.0
242.0 239.0 224.0 239.0 238.0 218.0 232.0 218.0 238.0 239.0 231.0 240.0
242.0 242.0 243.0 243.0 242.0 241.0 240.0 237.0 241.0 243.0 242.0 242.0
242.0 243.0 238.0 240.0 244.0 239.0 240.0 235.0 240.0 239.0 238.0 243.0
242.0 243.0 244.0 245.0 244.0 244.0 244.0 244.0 244.0 244.0 244.0 243.0
244.0 244.0 248.0 249.0 248.0 249.0 249.0 249.0 248.0 248.0 249.0 246.0
21 80.0621 21.9192 49.7327 39.2248 64.0741 37.7673 55.5405 4.04898 
38.0 19.0 20.0 13.0 11.0
242.0 239.0 224.0 239.0 238.0 217.0 233.0 218.0 238.0 240.0 231.0 241.0
242.0 243.0 243.0 243.0 242.0 241.0 240.0 236.0 242.0 243.0 242.0 242.0
242.0 242.0 238.0 239.0 243.0 240.0 240.0 235.0 239.0 239.0 238.0 242.0
242.0 243.0 245.0 245.0 245.0 244.0 245.0 244.0 244.0 245.0 244.0 243.0
244.0 244.0 249.0 249.0 248.0 248.0 250.0 248.0 247.0 249.0 250.0 246.0
21 80.2854 21.9192 50.2732 40 64.8148 37.7673 55.9555 4.04898 
37.0 19.0 19.0 13.0 11.0
242.0 239.0 225.0 239.0 238.0 217.0 232.0 217.0 238.0 239.0 232.0 240.0
243.0 243.0 243.0 243.0 243.0 241.0 239.0 236.0 242.0 243.0 243.0 242.0
242.0 243.0 238.0 240.0 243.0 239.0 241.0 235.0 240.0 239.0 238.0 242.0
241.0 244.0 244.0 245.0 245.0 244.0 245.0 244.0 244.0 245.0 244.0 243.0
244.0 244.0 250.0 250.0 249.0 248.0 248.0 250.0 247.0 249.0 248.0 247.0
21 80.2854 21.9192 50.8138 40 64.8148 37.7673 56.3704 3.53878 
38.0 19.0 20.0 13.0 12.0
242.0 239.0 224.0 239.0 238.0 217.0 233.0 217.0 238.0 239.0 232.0 240.0
242.0 242.0 242.0 242.0 242.0 241.0 238.0 236.0 242.0 243.0 242.0 242.0
241.0 243.0 238.0 240.0 243.0 239.0 241.0 235.0 239.0 239.0 237.0 243.0
242.0 243.0 244.0 245.0 244.0 244.0 245.0 244.0 244.0 245.0 245.0 244.0
244.0 244.0 248.0 249.0 248.0 249.0 249.0 248.0 248.0 249.0 249.0 246.0
