-10000
21.1364 79.9505 14.2269 48.1111 33.4109 59.6296 31.7972 50.1463 5.06939 
33.0 17.0 22.0 13.0 11.0
241.0 239.0 226.0 240.0 238.0 223.0 236.0 223.0 239.0 240.0 231.0 240.0
242.0 243.0 243.0 243.0 242.0 242.0 243.0 237.0 242.0 243.0 242.0 242.0
242.0 242.0 240.0 239.0 240.0 239.0 240.0 234.0 239.0 239.0 238.0 242.0
242.0 243.0 244.0 245.0 245.0 244.0 245.0 244.0 244.0 245.0 244.0 243.0
244.0 245.0 248.0 249.0 248.0 249.0 250.0 248.0 247.0 249.0 248.0 246.0
21 79.8389 14.2269 49.1922 34.9612 60.3704 34.036 50.5613 5.06939 
33.0 18.0 22.0 13.0 11.0
241.0 239.0 226.0 239.0 238.0 222.0 234.0 222.0 239.0 239.0 231.0 240.0
243.0 243.0 243.0 243.0 242.0 242.0 243.0 238.0 242.0 243.0 242.0 243.0
242.0 242.0 238.0 239.0 241.0 239.0 240.0 234.0 239.0 238.0 238.0 242.0
242.0 244.0 245.0 245.0 244.0 244.0 245.0 244.0 244.0 244.0 244.0 243.0
244.0 244.0 248.0 249.0 248.0 249.0 248.0 249.0 248.0 249.0 248.0 246.0
21 79.8389 16.9192 50.2732 36.124 61.4815 34.4091 52.636 5.06939 
35.0 18.0 21.0 13.0 11.0
242.0 238.0 225.0 239.0 238.0 220.0 234.0 220.0 239.0 239.0 231.0 240.0
243.0 243.0 244.0 243.0 242.0 242.0 243.0 238.0 242.0 243.0 243.0 243.0
242.0 242.0 238.0 239.0 241.0 239.0 241.0 235.0 239.0 239.0 237.0 242.0
242.0 243.0 245.0 245.0 245.0 244.0 245.0 244.0 244.0 244.0 244.0 244.0
244.0 244.0 248.0 250.0 250.0 248.0 250.0 248.0 247.0 248.0 249.0 245.0
21 79.8389 19.6115 51.3543 36.8992 62.5926 35.5285 53.0509 4.55918 
37.0 18.0 21.0 14.0 11.0
242.0 239.0 225.0 239.0 238.0 218.0 233.0 218.0 238.0 239.0 231.0 240.0
243.0 243.0 244.0 243.0 242.0 242.0 243.0 237.0 242.0 243.0 243.0 243.0
242.0 242.0 238.0 240.0 242.0 239.0 240.0 234.0 239.0 239.0 237.0 242.0
242.0 243.0 245.0 244.0 244.0 244.0 246.0 244.0 244.0 245.0 244.0 243.0
243.0 245.0 249.0 249.0 248.0 248.0 251.0 249.0 247.0 249.0 249.0 246.0
21 79.9505 19.6115 50.8138 38.4496 62.963 35.5285 54.7107 4.55918 
37.0 18.0 21.0 13.0 11.0
242.0 239.0 224.0 239.0 238.0 218.0 233.0 218.0 238.0 239.0 231.0 240.0
243.0 243.0 243.0 243.0 242.0 241.0 242.0 237.0 242.0 243.0 242.0 243.0
242.0 242.0 238.0 239.0 242.0 239.0 241.0 234.0 239.0 239.0 238.0 242.0
242.0 243.0 244.0 244.0 244.0 245.0 245.0 244.0 244.0 244.0 244.0 244.0
244.0 244.0 249.0 249.0 248.0 249.0 250.0 248.0 248.0 249.0 248.0 244.0
21 80.0621 19.6115 50.8138 38.8372 63.3333 36.2748 55.1256 4.55918 
37.0 18.0 21.0 13.0 11.0
242.0 239.0 224.0 239.0 238.0 218.0 233.0 218.0 239.0 239.0 231.0 240.0
242.0 243.0 243.0 243.0 242.0 241.0 241.0 237.0 241.0 243.0 242.0 242.0
242.0 242.0 238.0 239.0 242.0 239.0 240.0 235.0 239.0 239.0 238.0 243.0
242.0 243.0 244.0 244.0 245.0 244.0 245.0 244.0 244.0 244.0 244.0 243.0
244.0 244.0 249.0 248.0 248.0 249.0 249.0 249.0 247.0 249.0 249.0 244.0
21 80.0621 19.6115 51.3543 39.2248 64.0741 37.3942 55.5405 4.55918 
37.0 18.0 20.0 13.0 11.0
242.0 239.0 224.0 239.0 238.0 218.0 233.0 218.0 239.0 240.0 231.0 240.0
242.0 242.0 243.0 243.0 242.0 241.0 241.0 237.0 242.0 243.0 242.0 242.0
241.0 242.0 238.0 239.0 243.0 239.0 240.0 235.0 239.0 239.0 238.0 242.0
242.0 244.0 244.0 245.0 245.0 244.0 245.0 245.0 244.0 244.0 244.0 244.0
243.0 246.0 249.0 249.0 247.0 249.0 249.0 249.0 248.0 249.0 249.0 246.0
21 79.9505 19.6115 51.3543 39.6124 64.4444 37.3942 55.5405 4.55918 
37.0 18.0 20.0 13.0 11.0
242.0 239.0 225.0 239.0 238.0 218.0 233.0 218.0 238.0 240.0 231.0 240.0
242.0 243.0 243.0 242.0 242.0 241.0 240.0 237.0 242.0 243.0 242.0 242.0
242.0 242.0 237.0 240.0 243.0 239.0 240.0 235.0 239.0 239.0 237.0 242.0
242.0 244.0 245.0 245.0 245.0 244.0 245.0 244.0 244.0 245.0 244.0 243.0
244.0 244.0 250.0 250.0 248.0 249.0 249.0 249.0 247.0 248.0 248.0 246.0
20.8637 79.9505 19.6115 51.3543 40 64.8148 37.7673 55.9555 4.55918 
37.0 19.0 20.0 14.0 11.0
242.0 239.0 224.0 239.0 238.0 218.0 233.0 218.0 239.0 240.0 231.0 241.0
243.0 243.0 243.0 242.0 242.0 240.0 239.0 236.0 242.0 243.0 242.0 242.0
242.0 243.0 239.0 240.0 243.0 239.0 240.0 235.0 239.0 239.0 238.0 242.0
241.0 243.0 245.0 245.0 244.0 244.0 245.0 244.0 244.0 244.0 245.0 244.0
244.0 245.0 249.0 249.0 248.0 248.0 250.0 248.0 247.0 249.0 248.0 245.0
20.8637 80.0621 19.6115 51.3543 40.3876 65.1852 37.7673 55.9555 4.55918 
37.0 18.0 19.0 13.0 11.0
242.0 239.0 224.0 239.0 237.0 218.0 233.0 218.0 238.0 240.0 231.0 240.0
242.0 242.0 242.0 243.0 242.0 240.0 239.0 237.0 241.0 243.0 242.0 242.0
242.0 243.0 238.0 240.0 243.0 239.0 240.0 235.0 239.0 239.0 239.0 242.0
242.0 243.0 244.0 245.0 244.0 244.0 245.0 244.0 244.0 244.0 244.0 244.0
244.0 244.0 248.0 249.0 248.0 248.0 250.0 249.0 248.0 248.0 248.0 245.0
