-10000
21 79.7273 19.6115 44.8678 32.6357 58.1481 29.5584 50.9762 5.06939 
34.0 19.0 20.0 13.0 11.0
242.0 239.0 225.0 240.0 238.0 221.0 233.0 221.0 239.0 239.0 231.0 240.0
242.0 242.0 243.0 243.0 242.0 242.0 244.0 237.0 242.0 243.0 242.0 242.0
242.0 243.0 239.0 238.0 240.0 239.0 240.0 235.0 240.0 239.0 238.0 242.0
242.0 243.0 244.0 245.0 245.0 244.0 245.0 244.0 244.0 244.0 244.0 243.0
244.0 244.0 249.0 249.0 248.0 249.0 249.0 249.0 248.0 249.0 248.0 245.0
21 79.9505 21.15 45.9489 34.186 59.6296 30.6778 53.8808 5.57959 
35.0 19.0 19.0 13.0 11.0
242.0 239.0 225.0 239.0 238.0 220.0 233.0 219.0 238.0 239.0 231.0 240.0
242.0 243.0 243.0 243.0 242.0 241.0 243.0 236.0 242.0 243.0 241.0 242.0
242.0 243.0 238.0 238.0 241.0 238.0 240.0 236.0 240.0 239.0 238.0 242.0
242.0 244.0 244.0 245.0 244.0 244.0 245.0 244.0 244.0 244.0 244.0 243.0
245.0 244.0 248.0 249.0 248.0 248.0 250.0 249.0 247.0 248.0 249.0 245.0
21.1364 79.9505 21.15 47.03 35.7364 61.1111 32.9166 54.7107 5.06939 
36.0 18.0 20.0 14.0 11.0
241.0 239.0 225.0 239.0 238.0 219.0 233.0 219.0 238.0 240.0 231.0 240.0
243.0 243.0 243.0 243.0 242.0 241.0 243.0 236.0 242.0 243.0 242.0 243.0
241.0 243.0 239.0 238.0 241.0 239.0 240.0 236.0 240.0 239.0 238.0 242.0
242.0 243.0 245.0 244.0 245.0 244.0 245.0 244.0 244.0 244.0 244.0 243.0
244.0 244.0 249.0 250.0 248.0 248.0 249.0 248.0 247.0 248.0 248.0 246.0
21 79.9505 21.15 49.1922 36.8992 62.963 34.036 55.9555 5.06939 
37.0 18.0 20.0 13.0 11.0
242.0 239.0 225.0 239.0 238.0 219.0 233.0 219.0 239.0 239.0 232.0 241.0
243.0 243.0 243.0 243.0 242.0 242.0 243.0 238.0 242.0 243.0 242.0 243.0
241.0 243.0 238.0 238.0 241.0 239.0 240.0 234.0 239.0 239.0 238.0 242.0
242.0 243.0 245.0 245.0 245.0 244.0 244.0 244.0 244.0 244.0 244.0 243.0
243.0 244.0 247.0 250.0 247.0 250.0 250.0 248.0 247.0 248.0 250.0 246.0
20.8637 79.9505 21.5346 50.2732 38.4496 62.963 34.7822 56.3704 4.55918 
37.0 18.0 20.0 13.0 11.0
242.0 239.0 225.0 239.0 238.0 218.0 232.0 218.0 239.0 239.0 232.0 240.0
242.0 243.0 243.0 242.0 242.0 241.0 242.0 237.0 241.0 242.0 241.0 242.0
242.0 243.0 238.0 238.0 241.0 239.0 239.0 236.0 240.0 239.0 238.0 242.0
242.0 243.0 244.0 244.0 244.0 244.0 245.0 244.0 245.0 244.0 244.0 243.0
244.0 244.0 248.0 250.0 249.0 248.0 249.0 250.0 248.0 249.0 249.0 245.0
20.8637 79.9505 21.9192 50.2732 38.8372 63.7037 35.9016 56.7854 4.55918 
38.0 18.0 20.0 13.0 11.0
242.0 240.0 226.0 239.0 238.0 218.0 232.0 217.0 238.0 239.0 232.0 240.0
242.0 242.0 242.0 243.0 242.0 241.0 241.0 236.0 241.0 243.0 242.0 242.0
241.0 243.0 238.0 239.0 242.0 239.0 240.0 235.0 239.0 239.0 238.0 242.0
242.0 243.0 245.0 244.0 244.0 244.0 244.0 245.0 244.0 244.0 244.0 243.0
244.0 244.0 248.0 250.0 249.0 248.0 249.0 248.0 247.0 248.0 249.0 245.0
20.8637 79.9505 21.9192 50.2732 39.2248 64.0741 35.9016 56.7854 4.55918 
37.0 19.0 20.0 13.0 11.0
242.0 239.0 225.0 239.0 238.0 218.0 232.0 217.0 238.0 239.0 233.0 240.0
243.0 243.0 243.0 243.0 242.0 241.0 240.0 236.0 242.0 243.0 242.0 242.0
242.0 243.0 239.0 239.0 242.0 239.0 240.0 235.0 239.0 239.0 238.0 242.0
242.0 243.0 245.0 245.0 244.0 244.0 246.0 244.0 244.0 245.0 244.0 243.0
244.0 245.0 248.0 249.0 249.0 249.0 249.0 248.0 247.0 249.0 248.0 246.0
20.8637 80.1737 21.9192 50.8138 40 64.4444 36.2748 57.2003 4.04898 
38.0 19.0 19.0 13.0 11.0
242.0 239.0 225.0 239.0 238.0 218.0 232.0 217.0 239.0 239.0 232.0 241.0
243.0 243.0 243.0 242.0 241.0 240.0 239.0 236.0 241.0 243.0 242.0 242.0
241.0 242.0 238.0 239.0 242.0 240.0 240.0 236.0 239.0 239.0 238.0 242.0
241.0 243.0 244.0 245.0 245.0 244.0 244.0 244.0 244.0 244.0 244.0 243.0
244.0 244.0 248.0 249.0 247.0 249.0 249.0 248.0 248.0 248.0 250.0 245.0
21 80.2854 21.9192 50.8138 40 64.8148 36.2748 57.2003 4.04898 
38.0 19.0 19.0 13.0 11.0
242.0 239.0 226.0 239.0 238.0 218.0 232.0 218.0 238.0 239.0 232.0 240.0
242.0 242.0 242.0 243.0 242.0 241.0 239.0 236.0 241.0 243.0 241.0 242.0
242.0 242.0 238.0 239.0 242.0 239.0 240.0 235.0 239.0 239.0 238.0 242.0
241.0 243.0 245.0 245.0 245.0 244.0 244.0 244.0 244.0 244.0 244.0 244.0
244.0 244.0 249.0 249.0 248.0 249.0 249.0 249.0 246.0 249.0 249.0 245.0
