-10000
20.8637 79.8389 14.9962 45.4084 33.7984 60.3704 31.424 50.5613 5.57959 
32.0 17.0 22.0 13.0 11.0
242.0 239.0 226.0 239.0 239.0 223.0 235.0 224.0 239.0 240.0 231.0 240.0
242.0 243.0 243.0 243.0 242.0 242.0 243.0 238.0 243.0 243.0 243.0 243.0
242.0 242.0 238.0 239.0 241.0 239.0 239.0 234.0 239.0 239.0 238.0 242.0
242.0 243.0 244.0 244.0 245.0 244.0 244.0 244.0 244.0 244.0 244.0 243.0
244.0 245.0 247.0 249.0 248.0 249.0 250.0 249.0 247.0 249.0 248.0 246.0
20.591 79.8389 14.6115 47.03 35.7364 61.1111 33.2897 51.8061 5.57959 
33.0 17.0 21.0 13.0 11.0
242.0 239.0 224.0 239.0 239.0 222.0 235.0 223.0 239.0 240.0 230.0 240.0
243.0 243.0 243.0 242.0 242.0 241.0 243.0 238.0 242.0 243.0 242.0 243.0
242.0 242.0 238.0 239.0 241.0 239.0 240.0 234.0 239.0 239.0 237.0 242.0
242.0 243.0 245.0 245.0 245.0 244.0 245.0 244.0 244.0 244.0 244.0 243.0
244.0 244.0 248.0 249.0 248.0 249.0 250.0 250.0 247.0 248.0 248.0 245.0
20.7273 79.8389 15.3808 49.7327 36.5116 62.5926 34.4091 53.8808 5.06939 
34.0 17.0 20.0 13.0 11.0
241.0 239.0 224.0 239.0 238.0 221.0 234.0 222.0 239.0 240.0 231.0 240.0
243.0 243.0 244.0 243.0 242.0 241.0 242.0 238.0 242.0 243.0 242.0 243.0
242.0 243.0 238.0 239.0 240.0 239.0 240.0 234.0 239.0 239.0 237.0 242.0
242.0 243.0 244.0 244.0 245.0 244.0 245.0 244.0 244.0 244.0 244.0 243.0
243.0 245.0 248.0 249.0 248.0 249.0 250.0 248.0 247.0 248.0 249.0 245.0
20.8637 79.8389 20.3808 50.2732 37.2868 63.3333 35.5285 54.2957 4.55918 
37.0 18.0 21.0 13.0 11.0
242.0 239.0 225.0 239.0 238.0 219.0 233.0 218.0 238.0 239.0 231.0 240.0
243.0 243.0 243.0 243.0 242.0 241.0 242.0 237.0 242.0 243.0 242.0 242.0
242.0 242.0 238.0 238.0 242.0 240.0 241.0 235.0 239.0 239.0 237.0 242.0
241.0 243.0 244.0 245.0 245.0 244.0 245.0 244.0 244.0 245.0 244.0 243.0
244.0 244.0 248.0 249.0 249.0 249.0 249.0 249.0 247.0 248.0 249.0 245.0
21 79.9505 21.5346 50.8138 38.4496 63.7037 35.5285 55.5405 4.55918 
38.0 18.0 20.0 13.0 11.0
242.0 240.0 226.0 239.0 238.0 217.0 232.0 217.0 238.0 239.0 232.0 241.0
242.0 243.0 243.0 243.0 242.0 241.0 241.0 237.0 242.0 243.0 242.0 242.0
241.0 243.0 239.0 239.0 242.0 239.0 239.0 235.0 239.0 239.0 238.0 242.0
242.0 243.0 245.0 244.0 244.0 244.0 245.0 244.0 244.0 244.0 244.0 243.0
244.0 245.0 248.0 248.0 249.0 248.0 250.0 249.0 247.0 249.0 249.0 245.0
21 80.0621 21.5346 50.8138 38.8372 63.7037 35.5285 55.5405 4.55918 
38.0 18.0 21.0 13.0 11.0
242.0 240.0 225.0 239.0 238.0 217.0 232.0 217.0 239.0 240.0 232.0 240.0
242.0 242.0 243.0 243.0 242.0 241.0 241.0 236.0 241.0 244.0 242.0 242.0
242.0 242.0 238.0 239.0 243.0 240.0 240.0 234.0 239.0 238.0 238.0 242.0
242.0 244.0 245.0 245.0 245.0 244.0 245.0 244.0 244.0 244.0 244.0 243.0
245.0 244.0 247.0 249.0 248.0 247.0 249.0 249.0 247.0 249.0 249.0 245.0
21 80.0621 21.5346 50.8138 38.8372 64.0741 35.5285 55.5405 4.55918 
38.0 18.0 21.0 13.0 12.0
242.0 239.0 225.0 239.0 238.0 217.0 232.0 217.0 238.0 239.0 232.0 240.0
242.0 243.0 243.0 243.0 242.0 241.0 240.0 237.0 241.0 243.0 242.0 242.0
241.0 243.0 239.0 239.0 242.0 239.0 240.0 234.0 238.0 239.0 238.0 242.0
242.0 243.0 245.0 245.0 245.0 244.0 245.0 245.0 244.0 244.0 244.0 243.0
243.0 244.0 247.0 249.0 248.0 248.0 249.0 250.0 248.0 248.0 249.0 246.0
21 79.9505 21.5346 50.8138 39.2248 64.4444 35.9016 55.9555 4.55918 
38.0 19.0 20.0 13.0 11.0
242.0 239.0 225.0 239.0 238.0 217.0 232.0 217.0 238.0 239.0 232.0 240.0
242.0 242.0 243.0 243.0 242.0 241.0 240.0 237.0 241.0 243.0 242.0 242.0
242.0 242.0 239.0 240.0 243.0 240.0 240.0 235.0 238.0 239.0 237.0 242.0
241.0 244.0 245.0 245.0 244.0 245.0 244.0 244.0 244.0 244.0 244.0 244.0
244.0 245.0 247.0 249.0 248.0 249.0 249.0 248.0 248.0 249.0 248.0 245.0
20.8637 80.0621 21.5346 51.3543 40 64.4444 35.9016 56.3704 4.04898 
38.0 19.0 20.0 13.0 11.0
242.0 239.0 225.0 239.0 237.0 217.0 232.0 217.0 238.0 239.0 232.0 240.0
242.0 242.0 243.0 243.0 242.0 240.0 239.0 237.0 241.0 243.0 242.0 242.0
241.0 243.0 239.0 239.0 242.0 240.0 240.0 235.0 239.0 239.0 238.0 242.0
242.0 243.0 244.0 245.0 245.0 244.0 245.0 244.0 244.0 244.0 244.0 244.0
244.0 244.0 248.0 249.0 249.0 249.0 250.0 249.0 247.0 249.0 248.0 247.0
21 80.0621 21.5346 51.3543 40 64.8148 35.9016 56.3704 4.04898 
38.0 19.0 20.0 13.0 11.0
242.0 239.0 224.0 239.0 238.0 217.0 232.0 217.0 238.0 239.0 232.0 241.0
242.0 243.0 243.0 243.0 242.0 241.0 240.0 237.0 241.0 243.0 242.0 242.0
242.0 242.0 239.0 239.0 242.0 239.0 240.0 235.0 238.0 239.0 238.0 242.0
242.0 243.0 244.0 245.0 244.0 244.0 245.0 244.0 244.0 244.0 244.0 244.0
244.0 244.0 249.0 249.0 248.0 248.0 249.0 248.0 248.0 249.0 249.0 245.0
