-10000
21.2728 79.9505 16.15 45.4084 34.186 60.3704 34.7822 49.3165 5.06939 
32.0 17.0 22.0 13.0 11.0
242.0 239.0 225.0 239.0 238.0 223.0 235.0 223.0 239.0 240.0 231.0 240.0
242.0 242.0 243.0 242.0 242.0 242.0 243.0 238.0 242.0 243.0 242.0 242.0
242.0 242.0 238.0 239.0 242.0 239.0 241.0 234.0 239.0 239.0 237.0 242.0
242.0 244.0 244.0 245.0 245.0 245.0 244.0 244.0 244.0 244.0 244.0 243.0
244.0 245.0 249.0 249.0 248.0 248.0 250.0 248.0 247.0 249.0 249.0 245.0
21.1364 79.9505 20.7654 45.4084 34.9612 61.1111 35.1554 50.1463 4.55918 
35.0 18.0 21.0 14.0 11.0
242.0 239.0 225.0 239.0 238.0 220.0 234.0 220.0 239.0 239.0 230.0 240.0
242.0 243.0 243.0 243.0 242.0 243.0 243.0 237.0 242.0 243.0 242.0 242.0
242.0 243.0 238.0 239.0 242.0 239.0 241.0 234.0 239.0 239.0 237.0 242.0
242.0 243.0 245.0 245.0 244.0 245.0 244.0 244.0 244.0 244.0 244.0 244.0
243.0 245.0 248.0 249.0 250.0 250.0 249.0 249.0 247.0 249.0 249.0 246.0
21 79.8389 21.5346 47.03 36.5116 61.8519 35.5285 52.636 4.55918 
36.0 17.0 20.0 13.0 11.0
242.0 239.0 225.0 239.0 238.0 219.0 233.0 219.0 238.0 240.0 231.0 240.0
243.0 243.0 244.0 243.0 242.0 242.0 242.0 238.0 242.0 244.0 243.0 243.0
242.0 242.0 238.0 240.0 242.0 239.0 241.0 235.0 240.0 239.0 238.0 242.0
242.0 243.0 245.0 244.0 245.0 244.0 245.0 244.0 244.0 244.0 244.0 243.0
244.0 244.0 249.0 249.0 249.0 249.0 249.0 249.0 248.0 248.0 250.0 246.0
21 79.8389 21.9192 48.6516 36.8992 62.963 36.6479 53.8808 4.55918 
37.0 17.0 20.0 13.0 11.0
242.0 239.0 224.0 239.0 238.0 218.0 233.0 218.0 239.0 239.0 231.0 240.0
243.0 244.0 244.0 243.0 242.0 242.0 242.0 238.0 242.0 243.0 242.0 243.0
241.0 243.0 238.0 240.0 243.0 239.0 241.0 235.0 239.0 239.0 238.0 242.0
242.0 244.0 244.0 245.0 244.0 244.0 245.0 244.0 244.0 245.0 244.0 243.0
244.0 244.0 249.0 249.0 248.0 248.0 250.0 248.0 247.0 249.0 248.0 246.0
21.1364 79.9505 21.9192 50.2732 38.062 64.0741 37.021 55.1256 4.55918 
37.0 18.0 20.0 13.0 11.0
242.0 239.0 225.0 239.0 238.0 218.0 232.0 217.0 238.0 239.0 231.0 240.0
242.0 243.0 243.0 243.0 242.0 242.0 241.0 237.0 242.0 243.0 242.0 242.0
242.0 243.0 238.0 239.0 243.0 239.0 240.0 235.0 239.0 239.0 238.0 242.0
242.0 243.0 244.0 245.0 245.0 244.0 245.0 244.0 244.0 244.0 245.0 243.0
244.0 245.0 248.0 250.0 248.0 248.0 250.0 250.0 247.0 248.0 249.0 245.0
21.1364 80.0621 21.9192 50.2732 38.8372 64.0741 37.021 55.5405 4.04898 
38.0 18.0 19.0 13.0 11.0
242.0 239.0 225.0 239.0 238.0 218.0 232.0 217.0 238.0 240.0 232.0 240.0
242.0 243.0 243.0 243.0 242.0 241.0 240.0 237.0 242.0 242.0 243.0 242.0
242.0 243.0 238.0 239.0 243.0 240.0 240.0 235.0 239.0 239.0 238.0 243.0
242.0 244.0 244.0 245.0 245.0 244.0 244.0 244.0 244.0 244.0 244.0 243.0
244.0 244.0 248.0 249.0 248.0 249.0 249.0 248.0 248.0 248.0 249.0 246.0
21.1364 80.0621 21.9192 50.2732 39.2248 64.0741 37.021 55.1256 4.04898 
38.0 18.0 20.0 13.0 11.0
242.0 239.0 225.0 239.0 238.0 217.0 232.0 218.0 238.0 240.0 232.0 241.0
242.0 243.0 243.0 243.0 242.0 241.0 240.0 236.0 241.0 243.0 242.0 242.0
241.0 243.0 238.0 239.0 243.0 239.0 241.0 235.0 239.0 239.0 238.0 243.0
242.0 243.0 244.0 245.0 245.0 244.0 245.0 244.0 244.0 244.0 244.0 243.0
244.0 244.0 247.0 249.0 248.0 248.0 249.0 250.0 247.0 249.0 249.0 244.0
21.1364 80.0621 21.9192 50.2732 39.6124 64.0741 37.3942 55.5405 4.04898 
38.0 19.0 20.0 13.0 11.0
242.0 239.0 224.0 239.0 238.0 217.0 232.0 217.0 239.0 239.0 232.0 241.0
242.0 243.0 243.0 243.0 242.0 241.0 240.0 236.0 242.0 243.0 242.0 242.0
242.0 243.0 238.0 239.0 243.0 239.0 241.0 235.0 239.0 239.0 238.0 243.0
242.0 243.0 244.0 245.0 245.0 245.0 244.0 244.0 244.0 244.0 244.0 243.0
244.0 244.0 248.0 248.0 249.0 248.0 250.0 249.0 247.0 250.0 248.0 247.0
21 80.0621 21.9192 50.2732 40 64.4444 37.3942 55.5405 4.04898 
38.0 18.0 20.0 13.0 11.0
242.0 239.0 224.0 239.0 237.0 217.0 232.0 218.0 238.0 239.0 231.0 241.0
242.0 243.0 243.0 243.0 242.0 241.0 239.0 236.0 241.0 243.0 242.0 242.0
241.0 243.0 238.0 240.0 244.0 240.0 241.0 236.0 239.0 239.0 238.0 243.0
242.0 243.0 245.0 245.0 244.0 244.0 244.0 244.0 244.0 244.0 244.0 244.0
244.0 244.0 249.0 249.0 249.0 248.0 249.0 248.0 246.0 249.0 248.0 245.0
21 80.0621 21.9192 50.8138 40 64.8148 37.3942 55.5405 4.04898 
38.0 18.0 19.0 13.0 11.0
242.0 239.0 224.0 239.0 238.0 217.0 232.0 217.0 238.0 240.0 232.0 241.0
242.0 243.0 242.0 242.0 242.0 240.0 239.0 236.0 242.0 243.0 242.0 242.0
242.0 243.0 238.0 239.0 244.0 240.0 240.0 236.0 239.0 239.0 238.0 242.0
242.0 243.0 244.0 244.0 245.0 244.0 245.0 244.0 244.0 244.0 244.0 243.0
244.0 244.0 248.0 249.0 248.0 248.0 249.0 250.0 248.0 248.0 248.0 246.0
21 80.0621 21.9192 50.8138 40 64.8148 37.3942 55.5405 4.04898 
38.0 19.0 19.0 13.0 11.0
242.0 239.0 224.0 240.0 238.0 217.0 232.0 217.0 238.0 239.0 232.0 241.0
242.0 242.0 243.0 242.0 242.0 241.0 239.0 237.0 242.0 243.0 242.0 242.0
242.0 243.0 238.0 239.0 243.0 239.0 241.0 236.0 239.0 240.0 238.0 243.0
242.0 243.0 245.0 244.0 244.0 244.0 245.0 244.0 244.0 244.0 244.0 243.0
244.0 244.0 249.0 249.0 249.0 249.0 249.0 249.0 247.0 248.0 249.0 246.0
