-10000
21 79.7273 17.3038 45.9489 33.4109 59.6296 31.7972 51.3912 5.06939 
34.0 17.0 22.0 13.0 11.0
242.0 239.0 225.0 239.0 238.0 221.0 234.0 221.0 239.0 240.0 231.0 240.0
243.0 243.0 244.0 243.0 242.0 242.0 244.0 238.0 243.0 243.0 243.0 243.0
242.0 242.0 239.0 239.0 241.0 239.0 240.0 234.0 239.0 239.0 238.0 242.0
242.0 243.0 245.0 244.0 244.0 244.0 245.0 244.0 244.0 244.0 244.0 243.0
244.0 243.0 249.0 249.0 247.0 249.0 249.0 248.0 248.0 248.0 248.0 246.0
20.8637 79.6157 20.7654 47.03 35.3488 60.3704 34.4091 52.221 5.06939 
36.0 18.0 21.0 13.0 11.0
242.0 239.0 224.0 239.0 238.0 219.0 233.0 219.0 239.0 239.0 231.0 240.0
242.0 243.0 243.0 243.0 242.0 242.0 243.0 237.0 242.0 243.0 243.0 243.0
242.0 243.0 238.0 238.0 241.0 239.0 240.0 234.0 239.0 238.0 237.0 242.0
242.0 244.0 244.0 245.0 245.0 244.0 244.0 244.0 244.0 244.0 244.0 244.0
244.0 245.0 248.0 249.0 249.0 248.0 249.0 250.0 248.0 248.0 248.0 246.0
20.8637 79.7273 21.5346 48.1111 36.5116 61.4815 35.5285 53.4659 4.55918 
37.0 18.0 21.0 13.0 11.0
242.0 240.0 225.0 239.0 238.0 218.0 233.0 218.0 239.0 240.0 232.0 240.0
242.0 243.0 244.0 243.0 243.0 242.0 243.0 237.0 242.0 243.0 242.0 243.0
242.0 242.0 239.0 239.0 241.0 239.0 240.0 234.0 239.0 239.0 237.0 242.0
242.0 243.0 245.0 245.0 245.0 244.0 245.0 244.0 244.0 245.0 244.0 243.0
244.0 244.0 249.0 249.0 248.0 249.0 249.0 249.0 247.0 250.0 248.0 245.0
21 79.8389 21.5346 49.7327 37.6744 62.963 35.9016 54.7107 4.55918 
37.0 17.0 21.0 13.0 11.0
242.0 240.0 225.0 239.0 238.0 218.0 233.0 217.0 238.0 239.0 231.0 240.0
243.0 243.0 244.0 243.0 242.0 242.0 243.0 238.0 242.0 243.0 242.0 243.0
242.0 242.0 238.0 239.0 241.0 239.0 240.0 234.0 239.0 239.0 238.0 242.0
242.0 243.0 245.0 245.0 245.0 244.0 245.0 244.0 244.0 244.0 244.0 243.0
244.0 245.0 247.0 249.0 249.0 248.0 250.0 248.0 248.0 249.0 249.0 246.0
21 79.9505 21.5346 50.8138 38.8372 63.3333 36.2748 55.9555 4.55918 
38.0 18.0 21.0 13.0 11.0
242.0 240.0 225.0 239.0 238.0 217.0 232.0 218.0 238.0 240.0 232.0 240.0
242.0 243.0 243.0 243.0 242.0 241.0 241.0 237.0 242.0 243.0 242.0 242.0
242.0 242.0 238.0 238.0 242.0 239.0 240.0 234.0 239.0 239.0 237.0 242.0
242.0 244.0 244.0 244.0 245.0 244.0 245.0 244.0 244.0 244.0 244.0 243.0
244.0 244.0 249.0 250.0 248.0 248.0 250.0 249.0 247.0 248.0 249.0 245.0
21 79.9505 21.9192 50.2732 38.8372 63.7037 36.6479 55.9555 4.55918 
38.0 18.0 20.0 13.0 11.0
242.0 239.0 225.0 239.0 238.0 217.0 232.0 217.0 238.0 239.0 232.0 241.0
242.0 242.0 243.0 243.0 242.0 241.0 241.0 237.0 241.0 243.0 242.0 242.0
242.0 243.0 239.0 239.0 242.0 239.0 240.0 235.0 239.0 239.0 237.0 242.0
242.0 243.0 245.0 244.0 244.0 244.0 245.0 244.0 244.0 244.0 244.0 243.0
243.0 245.0 248.0 249.0 249.0 249.0 250.0 248.0 248.0 249.0 248.0 246.0
20.7273 79.8389 21.9192 50.8138 39.2248 64.0741 36.6479 55.9555 4.04898 
38.0 19.0 20.0 13.0 11.0
242.0 239.0 225.0 239.0 238.0 217.0 232.0 217.0 238.0 240.0 232.0 240.0
242.0 242.0 243.0 243.0 242.0 241.0 241.0 236.0 241.0 243.0 242.0 242.0
242.0 243.0 238.0 239.0 242.0 239.0 240.0 235.0 239.0 239.0 237.0 242.0
242.0 243.0 244.0 245.0 244.0 244.0 244.0 244.0 244.0 244.0 244.0 244.0
244.0 244.0 249.0 249.0 248.0 248.0 250.0 249.0 247.0 248.0 250.0 246.0
20.7273 79.9505 21.9192 50.8138 40 64.0741 36.6479 56.3704 4.04898 
38.0 19.0 20.0 13.0 11.0
242.0 239.0 225.0 239.0 238.0 217.0 232.0 217.0 239.0 240.0 232.0 241.0
242.0 243.0 243.0 243.0 242.0 241.0 240.0 236.0 241.0 243.0 242.0 242.0
242.0 243.0 238.0 239.0 242.0 239.0 240.0 235.0 238.0 239.0 238.0 242.0
242.0 243.0 245.0 244.0 245.0 244.0 245.0 244.0 244.0 244.0 244.0 244.0
244.0 245.0 248.0 249.0 249.0 248.0 249.0 248.0 247.0 247.0 249.0 245.0
20.7273 80.0621 21.9192 50.8138 40 64.4444 36.6479 56.3704 4.04898 
38.0 19.0 19.0 13.0 11.0
242.0 239.0 224.0 239.0 238.0 217.0 232.0 217.0 238.0 240.0 232.0 240.0
242.0 242.0 243.0 243.0 242.0 241.0 240.0 237.0 241.0 243.0 242.0 242.0
242.0 243.0 238.0 240.0 242.0 239.0 240.0 235.0 239.0 239.0 238.0 242.0
242.0 243.0 245.0 246.0 245.0 244.0 245.0 244.0 244.0 244.0 244.0 243.0
244.0 244.0 249.0 249.0 249.0 249.0 250.0 248.0 249.0 248.0 249.0 246.0
20.7273 80.0621 21.9192 51.3543 40 64.8148 36.6479 56.3704 4.04898 
38.0 18.0 20.0 13.0 11.0
242.0 239.0 225.0 239.0 237.0 217.0 233.0 217.0 238.0 239.0 232.0 241.0
242.0 242.0 243.0 242.0 242.0 241.0 239.0 236.0 242.0 243.0 242.0 242.0
241.0 242.0 239.0 239.0 242.0 239.0 240.0 235.0 239.0 239.0 237.0 242.0
242.0 243.0 245.0 245.0 245.0 245.0 245.0 244.0 244.0 244.0 244.0 243.0
244.0 244.0 249.0 249.0 248.0 249.0 248.0 249.0 247.0 248.0 249.0 245.0
