-10000
21 79.6157 14.2269 52.4354 32.6357 61.4815 36.2748 36.4534 5.57959 
34.0 18.0 20.0 13.0 11.0
242.0 240.0 228.0 239.0 238.0 221.0 233.0 221.0 239.0 239.0 233.0 241.0
242.0 242.0 243.0 243.0 242.0 242.0 244.0 237.0 242.0 242.0 241.0 242.0
243.0 242.0 241.0 239.0 238.0 239.0 240.0 235.0 239.0 240.0 240.0 242.0
242.0 243.0 244.0 245.0 245.0 244.0 245.0 244.0 244.0 244.0 244.0 243.0
244.0 244.0 248.0 249.0 248.0 248.0 250.0 248.0 247.0 247.0 249.0 245.0
21 79.8389 13.8423 52.4354 34.9612 61.8519 38.5136 39.7729 5.57959 
35.0 19.0 21.0 13.0 11.0
242.0 239.0 226.0 240.0 238.0 220.0 233.0 220.0 239.0 240.0 232.0 241.0
242.0 243.0 243.0 243.0 242.0 242.0 243.0 237.0 243.0 243.0 241.0 242.0
242.0 242.0 239.0 239.0 241.0 239.0 241.0 234.0 239.0 239.0 238.0 242.0
242.0 243.0 244.0 245.0 245.0 244.0 244.0 244.0 244.0 244.0 244.0 243.0
244.0 245.0 249.0 249.0 248.0 248.0 250.0 248.0 247.0 248.0 248.0 245.0
21.1364 79.9505 13.8423 53.5165 36.124 63.3333 38.5136 45.582 5.57959 
36.0 17.0 20.0 13.0 11.0
242.0 239.0 226.0 239.0 238.0 219.0 233.0 220.0 239.0 240.0 232.0 241.0
242.0 243.0 243.0 243.0 243.0 242.0 243.0 238.0 242.0 243.0 242.0 243.0
242.0 243.0 238.0 239.0 241.0 239.0 241.0 234.0 240.0 239.0 238.0 242.0
242.0 243.0 245.0 244.0 244.0 244.0 245.0 244.0 244.0 244.0 244.0 244.0
244.0 245.0 249.0 249.0 249.0 249.0 249.0 249.0 247.0 249.0 248.0 246.0
21 79.9505 16.9192 54.057 37.6744 64.4444 38.5136 48.0717 5.06939 
37.0 17.0 20.0 13.0 11.0
242.0 239.0 226.0 239.0 238.0 218.0 232.0 218.0 238.0 240.0 232.0 240.0
243.0 243.0 243.0 243.0 242.0 242.0 241.0 238.0 242.0 243.0 242.0 243.0
242.0 243.0 238.0 239.0 243.0 239.0 242.0 235.0 240.0 240.0 239.0 243.0
242.0 243.0 244.0 245.0 245.0 244.0 244.0 245.0 244.0 245.0 245.0 243.0
244.0 244.0 249.0 248.0 248.0 249.0 249.0 249.0 248.0 248.0 248.0 246.0
20.8637 79.7273 19.9962 54.5976 38.4496 64.8148 38.5136 50.5613 5.06939 
38.0 17.0 20.0 14.0 11.0
242.0 240.0 226.0 239.0 237.0 218.0 231.0 217.0 239.0 239.0 233.0 241.0
242.0 243.0 243.0 243.0 242.0 242.0 241.0 237.0 241.0 243.0 242.0 242.0
241.0 243.0 238.0 238.0 243.0 239.0 241.0 236.0 240.0 240.0 238.0 242.0
241.0 243.0 244.0 244.0 244.0 244.0 244.0 244.0 244.0 244.0 244.0 243.0
244.0 245.0 248.0 249.0 248.0 249.0 250.0 248.0 247.0 248.0 248.0 246.0
20.8637 79.8389 19.9962 55.1381 39.2248 65.5556 38.5136 52.221 4.55918 
38.0 17.0 19.0 13.0 11.0
241.0 239.0 226.0 239.0 237.0 217.0 231.0 218.0 238.0 239.0 233.0 241.0
242.0 243.0 243.0 243.0 242.0 242.0 240.0 237.0 242.0 243.0 242.0 242.0
241.0 243.0 238.0 239.0 243.0 239.0 239.0 236.0 240.0 239.0 239.0 243.0
241.0 243.0 244.0 245.0 244.0 244.0 245.0 244.0 244.0 244.0 244.0 243.0
244.0 244.0 249.0 250.0 248.0 248.0 249.0 249.0 247.0 248.0 249.0 246.0
20.8637 79.8389 19.9962 54.5976 39.2248 65.9259 38.5136 53.0509 4.55918 
38.0 17.0 19.0 13.0 11.0
241.0 239.0 226.0 239.0 237.0 217.0 231.0 217.0 238.0 240.0 233.0 241.0
242.0 243.0 243.0 242.0 242.0 241.0 239.0 238.0 241.0 243.0 242.0 242.0
241.0 243.0 238.0 238.0 243.0 239.0 237.0 236.0 240.0 240.0 239.0 243.0
242.0 243.0 244.0 245.0 244.0 244.0 245.0 244.0 244.0 244.0 244.0 243.0
244.0 244.0 249.0 249.0 247.0 248.0 250.0 248.0 249.0 250.0 248.0 246.0
20.8637 79.8389 19.9962 54.5976 39.2248 65.9259 38.5136 54.2957 4.55918 
38.0 17.0 19.0 13.0 12.0
242.0 240.0 227.0 239.0 238.0 217.0 232.0 217.0 238.0 239.0 233.0 241.0
242.0 243.0 243.0 243.0 242.0 241.0 239.0 238.0 242.0 243.0 242.0 242.0
241.0 244.0 238.0 239.0 244.0 239.0 236.0 236.0 240.0 240.0 239.0 243.0
242.0 243.0 244.0 245.0 245.0 245.0 245.0 244.0 244.0 245.0 244.0 244.0
244.0 245.0 248.0 249.0 248.0 248.0 250.0 249.0 247.0 248.0 249.0 246.0
