-10000
21.1364 79.8389 16.15 44.8678 33.7984 59.6296 31.0509 50.1463 5.06939 
32.0 18.0 21.0 13.0 11.0
242.0 239.0 225.0 239.0 239.0 223.0 235.0 223.0 239.0 239.0 231.0 240.0
242.0 243.0 244.0 243.0 242.0 242.0 243.0 238.0 242.0 243.0 242.0 242.0
242.0 242.0 239.0 239.0 240.0 239.0 240.0 234.0 239.0 239.0 238.0 242.0
242.0 243.0 245.0 244.0 245.0 244.0 245.0 244.0 244.0 244.0 244.0 243.0
244.0 244.0 248.0 250.0 248.0 247.0 249.0 249.0 247.0 248.0 248.0 246.0
20.4546 79.8389 15.7654 45.9489 34.9612 60.7407 33.2897 50.9762 5.57959 
33.0 18.0 21.0 13.0 11.0
242.0 239.0 225.0 239.0 239.0 222.0 234.0 222.0 239.0 240.0 230.0 240.0
242.0 243.0 244.0 243.0 243.0 243.0 244.0 237.0 242.0 243.0 242.0 242.0
242.0 242.0 238.0 239.0 240.0 239.0 240.0 234.0 239.0 239.0 237.0 242.0
242.0 244.0 245.0 244.0 245.0 244.0 244.0 244.0 245.0 245.0 244.0 243.0
244.0 245.0 248.0 250.0 248.0 249.0 248.0 249.0 248.0 248.0 249.0 244.0
20.1819 79.9505 15.3808 48.1111 36.124 62.2222 34.036 53.0509 5.06939 
34.0 17.0 21.0 13.0 11.0
242.0 239.0 223.0 239.0 239.0 221.0 234.0 222.0 239.0 239.0 230.0 240.0
243.0 243.0 244.0 243.0 243.0 242.0 243.0 238.0 242.0 243.0 243.0 243.0
242.0 242.0 238.0 238.0 242.0 239.0 240.0 234.0 239.0 239.0 238.0 242.0
242.0 243.0 244.0 245.0 245.0 244.0 245.0 244.0 244.0 244.0 244.0 243.0
243.0 245.0 249.0 249.0 248.0 247.0 249.0 248.0 248.0 249.0 249.0 245.0
20.1819 79.9505 20.3808 48.6516 37.2868 63.3333 34.7822 54.2957 5.06939 
36.0 18.0 21.0 13.0 11.0
242.0 239.0 225.0 239.0 238.0 219.0 233.0 219.0 239.0 239.0 230.0 240.0
243.0 242.0 243.0 243.0 243.0 242.0 242.0 238.0 242.0 243.0 243.0 243.0
241.0 242.0 238.0 239.0 241.0 238.0 240.0 235.0 239.0 239.0 238.0 242.0
242.0 244.0 245.0 245.0 245.0 244.0 245.0 244.0 244.0 244.0 244.0 243.0
244.0 244.0 248.0 249.0 248.0 248.0 250.0 248.0 248.0 248.0 249.0 245.0
20.3182 79.9505 22.3038 49.1922 38.4496 63.7037 35.5285 55.1256 4.55918 
38.0 19.0 20.0 13.0 12.0
242.0 240.0 224.0 239.0 238.0 217.0 233.0 217.0 238.0 239.0 231.0 240.0
242.0 243.0 243.0 243.0 243.0 241.0 241.0 236.0 241.0 243.0 242.0 242.0
242.0 243.0 238.0 240.0 242.0 238.0 240.0 236.0 239.0 239.0 238.0 242.0
242.0 243.0 245.0 244.0 244.0 244.0 245.0 244.0 244.0 245.0 244.0 244.0
244.0 245.0 248.0 248.0 248.0 249.0 250.0 247.0 248.0 248.0 249.0 246.0
20.1819 79.9505 22.6885 49.1922 38.8372 63.7037 35.9016 55.1256 4.55918 
38.0 18.0 20.0 13.0 11.0
242.0 239.0 225.0 239.0 238.0 217.0 232.0 217.0 238.0 239.0 231.0 240.0
242.0 242.0 243.0 243.0 242.0 242.0 241.0 236.0 242.0 243.0 242.0 242.0
242.0 243.0 238.0 239.0 241.0 240.0 240.0 235.0 239.0 239.0 237.0 242.0
242.0 244.0 244.0 244.0 245.0 244.0 245.0 244.0 244.0 245.0 244.0 243.0
244.0 245.0 248.0 249.0 249.0 248.0 248.0 250.0 248.0 248.0 248.0 245.0
20.0455 79.8389 23.0731 49.7327 38.8372 64.4444 35.9016 55.5405 4.55918 
38.0 19.0 21.0 13.0 11.0
242.0 239.0 225.0 239.0 238.0 217.0 232.0 217.0 239.0 239.0 232.0 240.0
242.0 242.0 243.0 242.0 242.0 241.0 240.0 236.0 241.0 243.0 242.0 242.0
242.0 242.0 238.0 239.0 242.0 239.0 240.0 235.0 239.0 239.0 237.0 242.0
242.0 244.0 244.0 244.0 244.0 244.0 245.0 244.0 244.0 244.0 244.0 244.0
244.0 244.0 249.0 251.0 248.0 248.0 248.0 248.0 247.0 247.0 250.0 246.0
19.6364 79.9505 23.0731 50.2732 39.6124 64.8148 35.9016 55.9555 4.04898 
38.0 19.0 20.0 13.0 11.0
241.0 239.0 225.0 239.0 238.0 216.0 232.0 216.0 238.0 239.0 232.0 240.0
243.0 243.0 243.0 242.0 242.0 241.0 239.0 236.0 241.0 243.0 242.0 242.0
242.0 243.0 238.0 239.0 242.0 239.0 240.0 235.0 239.0 239.0 238.0 242.0
242.0 243.0 244.0 244.0 245.0 244.0 244.0 244.0 244.0 245.0 244.0 243.0
244.0 244.0 247.0 249.0 249.0 248.0 249.0 249.0 248.0 250.0 249.0 245.0
19.6364 80.0621 23.0731 50.8138 40 64.8148 35.9016 55.9555 4.04898 
39.0 19.0 19.0 13.0 11.0
242.0 239.0 225.0 239.0 238.0 217.0 232.0 217.0 238.0 239.0 232.0 241.0
242.0 243.0 243.0 243.0 242.0 240.0 239.0 236.0 241.0 243.0 242.0 242.0
242.0 243.0 238.0 239.0 241.0 239.0 240.0 236.0 239.0 239.0 238.0 242.0
242.0 243.0 245.0 244.0 244.0 244.0 244.0 244.0 244.0 244.0 244.0 243.0
244.0 245.0 249.0 249.0 248.0 247.0 250.0 249.0 248.0 248.0 248.0 245.0
20.591 80.0621 23.0731 50.2732 40 65.1852 35.9016 55.9555 4.04898 
39.0 19.0 21.0 13.0 11.0
242.0 239.0 224.0 239.0 237.0 217.0 232.0 217.0 238.0 239.0 232.0 241.0
242.0 243.0 243.0 242.0 242.0 241.0 238.0 236.0 241.0 243.0 242.0 242.0
242.0 243.0 238.0 239.0 242.0 240.0 240.0 235.0 239.0 239.0 237.0 242.0
242.0 243.0 245.0 245.0 244.0 244.0 245.0 244.0 244.0 244.0 244.0 243.0
244.0 244.0 248.0 248.0 248.0 248.0 250.0 248.0 247.0 247.0 250.0 246.0
