-10000
21.1364 79.7273 14.9962 48.6516 33.4109 61.1111 31.7972 50.1463 5.06939 
33.0 17.0 20.0 13.0 11.0
242.0 239.0 226.0 239.0 238.0 222.0 234.0 223.0 239.0 240.0 231.0 240.0
242.0 243.0 243.0 243.0 242.0 242.0 243.0 238.0 243.0 243.0 242.0 242.0
242.0 242.0 239.0 239.0 241.0 240.0 241.0 234.0 240.0 239.0 238.0 241.0
242.0 243.0 244.0 245.0 245.0 244.0 245.0 244.0 244.0 245.0 244.0 243.0
244.0 244.0 248.0 250.0 248.0 248.0 249.0 249.0 248.0 248.0 249.0 245.0
21.1364 79.9505 14.6115 49.1922 34.9612 61.4815 34.036 51.3912 5.06939 
33.0 18.0 20.0 13.0 11.0
242.0 239.0 225.0 239.0 238.0 221.0 234.0 222.0 239.0 240.0 231.0 240.0
242.0 242.0 243.0 243.0 242.0 242.0 242.0 237.0 242.0 243.0 242.0 242.0
242.0 242.0 239.0 239.0 241.0 240.0 240.0 234.0 239.0 240.0 238.0 242.0
242.0 243.0 245.0 244.0 245.0 244.0 245.0 244.0 244.0 244.0 244.0 243.0
244.0 244.0 248.0 249.0 250.0 248.0 249.0 249.0 247.0 248.0 249.0 245.0
21 79.8389 18.4577 50.2732 36.5116 62.2222 34.7822 53.0509 5.06939 
35.0 17.0 20.0 13.0 12.0
242.0 239.0 225.0 239.0 238.0 220.0 233.0 219.0 239.0 239.0 231.0 240.0
243.0 243.0 244.0 243.0 243.0 242.0 243.0 238.0 242.0 242.0 241.0 242.0
242.0 243.0 238.0 239.0 242.0 239.0 242.0 235.0 239.0 239.0 238.0 242.0
242.0 243.0 244.0 245.0 245.0 244.0 245.0 244.0 244.0 244.0 244.0 243.0
244.0 244.0 248.0 249.0 249.0 249.0 249.0 249.0 249.0 248.0 249.0 246.0
20.8637 79.7273 20.7654 50.8138 37.2868 62.963 35.5285 53.4659 4.55918 
37.0 18.0 21.0 13.0 12.0
242.0 239.0 225.0 239.0 238.0 218.0 233.0 218.0 238.0 239.0 232.0 241.0
242.0 243.0 243.0 244.0 243.0 242.0 242.0 238.0 242.0 243.0 242.0 242.0
242.0 243.0 238.0 239.0 242.0 239.0 241.0 235.0 240.0 239.0 238.0 242.0
242.0 243.0 244.0 244.0 244.0 244.0 245.0 244.0 244.0 245.0 244.0 243.0
244.0 245.0 249.0 248.0 248.0 249.0 249.0 249.0 247.0 247.0 249.0 246.0
20.8637 79.7273 20.7654 50.8138 38.062 63.3333 35.5285 54.7107 5.06939 
37.0 17.0 20.0 13.0 11.0
242.0 239.0 225.0 240.0 238.0 218.0 232.0 218.0 238.0 240.0 231.0 241.0
243.0 244.0 243.0 243.0 242.0 242.0 242.0 238.0 242.0 243.0 242.0 242.0
242.0 243.0 238.0 239.0 242.0 240.0 241.0 235.0 239.0 239.0 238.0 242.0
242.0 244.0 244.0 246.0 244.0 244.0 245.0 244.0 244.0 244.0 244.0 243.0
244.0 244.0 248.0 248.0 248.0 248.0 249.0 248.0 248.0 248.0 248.0 246.0
20.8637 79.8389 20.7654 51.3543 38.8372 63.7037 36.6479 55.1256 4.55918 
37.0 18.0 20.0 13.0 11.0
242.0 239.0 225.0 239.0 238.0 218.0 232.0 218.0 238.0 239.0 231.0 240.0
242.0 242.0 243.0 243.0 242.0 241.0 241.0 237.0 241.0 243.0 242.0 242.0
241.0 243.0 238.0 240.0 243.0 240.0 241.0 235.0 240.0 240.0 238.0 242.0
242.0 243.0 245.0 245.0 244.0 244.0 245.0 244.0 244.0 245.0 244.0 243.0
244.0 244.0 247.0 250.0 248.0 249.0 249.0 249.0 247.0 249.0 249.0 245.0
21 79.9505 20.3808 51.3543 39.2248 64.0741 36.6479 55.1256 4.55918 
37.0 17.0 20.0 13.0 11.0
242.0 239.0 225.0 239.0 238.0 218.0 232.0 218.0 238.0 240.0 231.0 241.0
242.0 243.0 243.0 243.0 242.0 241.0 241.0 237.0 241.0 243.0 241.0 242.0
241.0 243.0 238.0 239.0 242.0 240.0 240.0 236.0 239.0 239.0 238.0 242.0
242.0 244.0 244.0 245.0 245.0 245.0 245.0 244.0 244.0 244.0 244.0 243.0
244.0 244.0 249.0 249.0 248.0 249.0 250.0 248.0 248.0 249.0 249.0 246.0
21 79.9505 20.7654 51.3543 39.2248 64.8148 37.021 55.1256 4.55918 
37.0 18.0 20.0 13.0 12.0
242.0 239.0 225.0 239.0 238.0 218.0 232.0 218.0 238.0 239.0 232.0 241.0
242.0 242.0 243.0 243.0 241.0 241.0 240.0 237.0 242.0 243.0 242.0 242.0
242.0 243.0 239.0 239.0 243.0 240.0 241.0 235.0 239.0 239.0 238.0 242.0
242.0 243.0 244.0 244.0 244.0 244.0 245.0 244.0 244.0 245.0 244.0 243.0
244.0 244.0 249.0 249.0 248.0 249.0 250.0 247.0 248.0 248.0 250.0 245.0
21 80.0621 20.3808 51.3543 40 64.8148 37.021 55.5405 4.55918 
37.0 18.0 19.0 13.0 12.0
242.0 239.0 225.0 239.0 238.0 218.0 232.0 218.0 238.0 239.0 232.0 240.0
242.0 243.0 243.0 243.0 241.0 241.0 240.0 236.0 241.0 243.0 242.0 242.0
242.0 243.0 239.0 240.0 243.0 239.0 241.0 235.0 239.0 240.0 238.0 242.0
242.0 243.0 244.0 244.0 245.0 244.0 245.0 244.0 244.0 245.0 244.0 244.0
244.0 244.0 249.0 249.0 248.0 249.0 250.0 249.0 247.0 248.0 249.0 245.0
21 80.0621 20.3808 51.3543 40.3876 64.8148 37.021 55.5405 4.55918 
37.0 18.0 19.0 13.0 12.0
242.0 239.0 225.0 239.0 238.0 218.0 232.0 218.0 239.0 239.0 232.0 240.0
242.0 243.0 243.0 242.0 242.0 241.0 239.0 236.0 241.0 243.0 242.0 242.0
242.0 243.0 239.0 239.0 243.0 240.0 240.0 236.0 239.0 240.0 238.0 242.0
242.0 243.0 244.0 244.0 244.0 244.0 245.0 244.0 244.0 244.0 244.0 244.0
244.0 245.0 248.0 248.0 248.0 248.0 249.0 249.0 248.0 248.0 248.0 245.0
