-10000
19.6364 79.7273 18.0731 27.5705 33.4109 48.5185 31.7972 43.0924 83.6408 
32.0 18.0 24.0 12.0 11.0
243.0 237.0 223.0 240.0 240.0 227.0 237.0 226.0 240.0 241.0 229.0 239.0
244.0 244.0 241.0 244.0 244.0 238.0 244.0 237.0 243.0 244.0 242.0 243.0
244.0 242.0 239.0 241.0 237.0 238.0 238.0 231.0 238.0 239.0 236.0 241.0
244.0 244.0 243.0 244.0 243.0 243.0 244.0 244.0 243.0 244.0 244.0 243.0
242.0 243.0 244.0 244.0 245.0 243.0 244.0 244.0 244.0 243.0 244.0 244.0
19.6364 80.0621 17.6885 27.03 34.5736 48.1481 32.5434 43.5073 84.151 
34.0 20.0 24.0 12.0 12.0
243.0 238.0 222.0 239.0 240.0 227.0 237.0 225.0 240.0 241.0 228.0 239.0
244.0 243.0 239.0 244.0 244.0 235.0 244.0 236.0 244.0 244.0 241.0 244.0
244.0 242.0 239.0 242.0 238.0 239.0 239.0 231.0 238.0 239.0 237.0 241.0
243.0 243.0 243.0 243.0 243.0 244.0 244.0 243.0 244.0 244.0 243.0 244.0
244.0 244.0 244.0 244.0 245.0 244.0 245.0 244.0 244.0 244.0 244.0 244.0
19.6364 80.397 17.3038 27.03 34.9612 48.1481 33.2897 43.0924 84.151 
35.0 21.0 27.0 12.0 12.0
243.0 237.0 221.0 240.0 240.0 226.0 238.0 224.0 241.0 241.0 227.0 238.0
243.0 244.0 239.0 244.0 244.0 234.0 244.0 236.0 244.0 244.0 241.0 243.0
244.0 241.0 238.0 241.0 238.0 237.0 239.0 228.0 238.0 238.0 234.0 241.0
243.0 243.0 243.0 243.0 244.0 243.0 244.0 244.0 244.0 243.0 244.0 244.0
244.0 245.0 246.0 244.0 246.0 244.0 244.0 243.0 244.0 244.0 244.0 245.0
19.5 80.5086 16.9192 26.4895 36.124 48.5185 34.4091 43.0924 84.151 
36.0 23.0 30.0 12.0 12.0
243.0 237.0 219.0 239.0 240.0 226.0 238.0 226.0 240.0 241.0 226.0 238.0
244.0 244.0 238.0 244.0 244.0 230.0 244.0 235.0 244.0 244.0 241.0 243.0
244.0 242.0 238.0 241.0 237.0 236.0 237.0 225.0 238.0 238.0 234.0 240.0
243.0 243.0 244.0 243.0 244.0 243.0 244.0 244.0 244.0 244.0 243.0 244.0
243.0 244.0 244.0 244.0 245.0 243.0 244.0 243.0 244.0 244.0 244.0 244.0
19.3637 80.5086 16.5346 26.4895 36.124 49.2593 34.7822 42.6775 84.151 
36.0 25.0 32.0 12.0 12.0
243.0 235.0 219.0 240.0 240.0 225.0 237.0 224.0 240.0 241.0 226.0 238.0
243.0 244.0 239.0 244.0 244.0 230.0 245.0 234.0 244.0 244.0 240.0 244.0
244.0 241.0 238.0 241.0 237.0 235.0 238.0 222.0 239.0 238.0 233.0 239.0
244.0 244.0 244.0 244.0 244.0 243.0 244.0 243.0 244.0 244.0 243.0 244.0
243.0 244.0 245.0 244.0 244.0 244.0 244.0 244.0 244.0 243.0 244.0 243.0
19.2273 80.6202 15.7654 25.9489 36.5116 49.6296 35.5285 42.6775 84.151 
37.0 25.0 35.0 12.0 13.0
243.0 236.0 218.0 240.0 240.0 225.0 237.0 225.0 241.0 241.0 225.0 238.0
244.0 244.0 239.0 244.0 244.0 230.0 245.0 235.0 244.0 244.0 241.0 244.0
244.0 241.0 237.0 241.0 237.0 234.0 238.0 219.0 238.0 237.0 231.0 240.0
243.0 244.0 243.0 243.0 244.0 243.0 244.0 243.0 243.0 244.0 244.0 243.0
244.0 244.0 244.0 243.0 245.0 244.0 244.0 244.0 244.0 244.0 244.0 243.0
19.7728 80.7318 15.7654 25.9489 36.5116 50 35.9016 42.2625 83.6408 
37.0 24.0 37.0 12.0 12.0
243.0 235.0 218.0 240.0 240.0 226.0 237.0 225.0 240.0 241.0 226.0 238.0
243.0 244.0 239.0 244.0 244.0 230.0 244.0 236.0 244.0 244.0 241.0 243.0
244.0 241.0 237.0 241.0 237.0 232.0 237.0 218.0 238.0 237.0 230.0 240.0
243.0 243.0 243.0 244.0 243.0 243.0 244.0 243.0 244.0 243.0 244.0 244.0
243.0 244.0 244.0 243.0 245.0 244.0 244.0 243.0 244.0 244.0 244.0 243.0
20.1819 80.7318 15.7654 25.9489 36.5116 50 35.9016 42.2625 83.6408 
36.0 25.0 37.0 12.0 13.0
243.0 235.0 218.0 240.0 240.0 226.0 238.0 225.0 240.0 241.0 225.0 238.0
244.0 244.0 240.0 244.0 244.0 230.0 245.0 235.0 244.0 244.0 241.0 244.0
244.0 241.0 237.0 241.0 237.0 233.0 237.0 217.0 238.0 238.0 230.0 239.0
244.0 243.0 244.0 243.0 244.0 243.0 244.0 243.0 244.0 244.0 243.0 244.0
242.0 244.0 244.0 244.0 244.0 244.0 244.0 243.0 243.0 244.0 244.0 244.0
20.0455 80.7318 15.7654 25.9489 36.5116 50 35.9016 42.2625 83.6408 
37.0 25.0 37.0 12.0 12.0
243.0 236.0 219.0 240.0 240.0 225.0 237.0 225.0 240.0 241.0 225.0 238.0
244.0 244.0 240.0 244.0 244.0 230.0 245.0 236.0 244.0 244.0 241.0 244.0
244.0 241.0 238.0 241.0 236.0 233.0 237.0 217.0 238.0 238.0 229.0 240.0
243.0 243.0 243.0 243.0 244.0 243.0 244.0 243.0 243.0 244.0 244.0 244.0
244.0 244.0 244.0 244.0 245.0 244.0 244.0 243.0 243.0 244.0 243.0 244.0
