-10000
21.1364 80.2854 13.8423 25.9489 32.6357 52.2222 36.2748 47.6567 5.57959 
28.0 17.0 31.0 13.0 13.0
243.0 235.0 227.0 240.0 241.0 233.0 239.0 231.0 241.0 240.0 227.0 235.0
243.0 244.0 244.0 244.0 243.0 243.0 244.0 240.0 244.0 244.0 238.0 244.0
244.0 243.0 240.0 244.0 242.0 238.0 242.0 225.0 238.0 238.0 231.0 243.0
242.0 243.0 243.0 243.0 244.0 244.0 243.0 243.0 243.0 243.0 243.0 243.0
243.0 243.0 243.0 243.0 244.0 243.0 243.0 243.0 243.0 243.0 243.0 242.0
21.2728 80.1737 15.7654 24.3273 31.8605 55.9259 36.2748 48.9015 6.0898 
31.0 20.0 35.0 13.0 12.0
243.0 231.0 225.0 240.0 241.0 232.0 239.0 232.0 241.0 240.0 223.0 231.0
244.0 244.0 244.0 244.0 244.0 243.0 244.0 237.0 244.0 244.0 235.0 244.0
244.0 243.0 239.0 244.0 242.0 237.0 242.0 220.0 238.0 239.0 230.0 242.0
243.0 244.0 243.0 243.0 243.0 243.0 243.0 243.0 244.0 243.0 242.0 243.0
243.0 243.0 243.0 243.0 243.0 244.0 243.0 244.0 243.0 244.0 243.0 243.0
21.2728 79.9505 15.3808 27.5705 31.8605 57.4074 35.9016 50.5613 5.06939 
36.0 21.0 41.0 13.0 13.0
243.0 229.0 221.0 240.0 240.0 230.0 239.0 229.0 240.0 239.0 218.0 229.0
244.0 244.0 244.0 244.0 243.0 243.0 244.0 234.0 244.0 244.0 234.0 244.0
244.0 244.0 238.0 244.0 242.0 234.0 241.0 214.0 238.0 238.0 228.0 241.0
242.0 243.0 243.0 243.0 243.0 243.0 244.0 243.0 242.0 243.0 243.0 243.0
243.0 244.0 242.0 243.0 243.0 243.0 243.0 244.0 243.0 244.0 243.0 244.0
21.1364 79.8389 14.9962 30.8138 31.8605 59.6296 35.9016 51.3912 4.55918 
42.0 24.0 45.0 13.0 13.0
243.0 229.0 218.0 240.0 240.0 227.0 238.0 226.0 240.0 240.0 212.0 229.0
244.0 244.0 244.0 244.0 243.0 243.0 246.0 230.0 244.0 244.0 231.0 243.0
244.0 242.0 239.0 244.0 242.0 232.0 241.0 211.0 238.0 238.0 228.0 242.0
242.0 243.0 243.0 243.0 243.0 243.0 244.0 243.0 242.0 243.0 243.0 243.0
242.0 243.0 243.0 243.0 243.0 243.0 243.0 244.0 242.0 243.0 243.0 242.0
21.1364 79.9505 14.6115 31.3543 32.2481 60 35.9016 52.221 4.55918 
45.0 31.0 47.0 13.0 13.0
243.0 228.0 217.0 240.0 240.0 227.0 238.0 225.0 240.0 239.0 211.0 228.0
243.0 243.0 243.0 244.0 243.0 241.0 245.0 223.0 244.0 244.0 226.0 242.0
244.0 242.0 239.0 244.0 243.0 232.0 241.0 208.0 238.0 238.0 228.0 242.0
243.0 243.0 243.0 243.0 243.0 243.0 243.0 243.0 242.0 243.0 243.0 243.0
243.0 243.0 243.0 243.0 243.0 243.0 243.0 243.0 243.0 243.0 244.0 243.0
21.2728 80.1737 14.2269 32.9759 32.6357 59.6296 36.2748 52.636 4.55918 
47.0 35.0 49.0 12.0 13.0
243.0 228.0 215.0 240.0 240.0 225.0 237.0 223.0 240.0 239.0 206.0 228.0
243.0 243.0 243.0 244.0 243.0 242.0 246.0 220.0 244.0 244.0 224.0 243.0
244.0 242.0 238.0 245.0 243.0 231.0 242.0 206.0 238.0 238.0 228.0 242.0
243.0 244.0 243.0 243.0 243.0 243.0 243.0 243.0 243.0 243.0 243.0 243.0
243.0 243.0 242.0 243.0 243.0 244.0 242.0 242.0 242.0 243.0 244.0 244.0
21.2728 80.397 13.4577 34.5976 33.4109 59.6296 36.2748 53.4659 4.04898 
51.0 40.0 51.0 13.0 13.0
243.0 228.0 213.0 239.0 240.0 223.0 237.0 221.0 239.0 239.0 204.0 228.0
242.0 243.0 243.0 243.0 243.0 240.0 246.0 214.0 244.0 244.0 221.0 243.0
244.0 242.0 239.0 245.0 244.0 231.0 242.0 203.0 238.0 238.0 229.0 242.0
242.0 244.0 243.0 243.0 243.0 243.0 243.0 243.0 243.0 243.0 243.0 242.0
243.0 243.0 243.0 243.0 244.0 244.0 242.0 243.0 242.0 244.0 244.0 243.0
21.2728 80.397 13.4577 35.6786 33.0233 60.7407 36.2748 54.2957 4.04898 
53.0 44.0 53.0 13.0 13.0
242.0 228.0 212.0 240.0 239.0 222.0 237.0 219.0 239.0 239.0 202.0 228.0
243.0 243.0 243.0 244.0 243.0 240.0 246.0 210.0 244.0 244.0 219.0 243.0
245.0 242.0 239.0 246.0 244.0 229.0 242.0 201.0 238.0 237.0 228.0 241.0
242.0 244.0 243.0 244.0 243.0 243.0 243.0 243.0 243.0 243.0 243.0 243.0
243.0 243.0 244.0 243.0 242.0 243.0 243.0 244.0 243.0 243.0 243.0 243.0
21.1364 80.397 13.0731 36.2192 33.7984 60.3704 36.6479 53.8808 3.53878 
55.0 50.0 55.0 13.0 13.0
242.0 227.0 212.0 239.0 239.0 221.0 237.0 218.0 239.0 239.0 199.0 227.0
243.0 243.0 243.0 243.0 243.0 238.0 246.0 204.0 244.0 244.0 217.0 243.0
245.0 242.0 239.0 246.0 244.0 229.0 241.0 200.0 237.0 237.0 228.0 241.0
243.0 243.0 243.0 243.0 244.0 243.0 243.0 242.0 242.0 243.0 243.0 243.0
243.0 243.0 243.0 242.0 243.0 243.0 242.0 243.0 242.0 243.0 243.0 243.0
21.1364 80.5086 13.0731 36.7597 34.186 60.7407 37.021 54.2957 3.53878 
57.0 55.0 56.0 13.0 13.0
242.0 227.0 210.0 239.0 239.0 220.0 237.0 217.0 239.0 239.0 197.0 227.0
243.0 243.0 243.0 243.0 243.0 238.0 247.0 200.0 244.0 244.0 215.0 243.0
245.0 242.0 239.0 247.0 244.0 229.0 241.0 199.0 237.0 238.0 228.0 241.0
243.0 243.0 243.0 243.0 243.0 243.0 243.0 242.0 242.0 243.0 243.0 243.0
243.0 243.0 243.0 242.0 244.0 244.0 242.0 243.0 243.0 243.0 244.0 243.0
21.1364 80.6202 13.0731 36.7597 33.7984 60.7407 37.021 54.7107 3.02857 
59.0 58.0 58.0 12.0 13.0
242.0 228.0 210.0 239.0 239.0 220.0 236.0 216.0 239.0 239.0 196.0 227.0
243.0 243.0 243.0 243.0 243.0 237.0 246.0 197.0 244.0 245.0 214.0 243.0
245.0 241.0 239.0 247.0 244.0 228.0 241.0 197.0 237.0 237.0 229.0 241.0
242.0 243.0 243.0 243.0 243.0 243.0 243.0 243.0 243.0 243.0 243.0 243.0
243.0 242.0 243.0 243.0 243.0 243.0 242.0 244.0 243.0 243.0 243.0 242.0
21.2728 80.7318 13.0731 37.3003 34.5736 60.3704 37.021 54.7107 3.02857 
60.0 62.0 58.0 12.0 13.0
242.0 227.0 209.0 239.0 239.0 219.0 236.0 215.0 239.0 239.0 195.0 227.0
243.0 243.0 242.0 243.0 243.0 237.0 247.0 192.0 244.0 244.0 211.0 243.0
246.0 242.0 239.0 247.0 244.0 228.0 241.0 198.0 237.0 237.0 230.0 241.0
243.0 243.0 243.0 243.0 243.0 243.0 243.0 243.0 243.0 243.0 243.0 243.0
243.0 243.0 243.0 243.0 244.0 243.0 243.0 244.0 243.0 243.0 244.0 242.0
21.1364 80.8434 12.6885 37.3003 34.5736 61.1111 37.021 55.1256 3.02857 
60.0 66.0 59.0 12.0 13.0
242.0 227.0 209.0 239.0 240.0 220.0 236.0 215.0 239.0 239.0 194.0 226.0
243.0 243.0 243.0 244.0 243.0 236.0 247.0 189.0 244.0 244.0 211.0 243.0
245.0 242.0 240.0 247.0 244.0 227.0 241.0 196.0 237.0 237.0 229.0 241.0
243.0 243.0 243.0 243.0 243.0 243.0 243.0 243.0 243.0 243.0 243.0 243.0
242.0 243.0 243.0 244.0 243.0 243.0 243.0 244.0 243.0 244.0 244.0 242.0
