-10000
22.091 80.2854 15.7654 24.8678 34.186 47.4074 40.0061 28.1546 88.2327 
40.0 18.0 53.0 13.0 13.0
242.0 234.0 217.0 239.0 239.0 222.0 236.0 221.0 239.0 240.0 215.0 236.0
243.0 244.0 243.0 243.0 244.0 237.0 246.0 242.0 244.0 244.0 245.0 244.0
243.0 240.0 233.0 239.0 237.0 232.0 239.0 219.0 237.0 236.0 203.0 236.0
243.0 244.0 243.0 243.0 243.0 243.0 243.0 242.0 243.0 243.0 243.0 243.0
243.0 243.0 244.0 243.0 243.0 244.0 243.0 244.0 243.0 243.0 243.0 244.0
21.9546 80.1737 16.5346 24.3273 34.5736 47.7778 40.0061 28.9845 88.7429 
46.0 19.0 57.0 12.0 13.0
242.0 232.0 212.0 239.0 239.0 219.0 236.0 217.0 239.0 238.0 208.0 234.0
243.0 243.0 241.0 243.0 244.0 234.0 247.0 240.0 244.0 243.0 244.0 243.0
243.0 240.0 231.0 238.0 236.0 231.0 238.0 214.0 237.0 236.0 198.0 236.0
243.0 243.0 243.0 244.0 243.0 243.0 243.0 243.0 243.0 243.0 244.0 244.0
244.0 244.0 244.0 244.0 244.0 243.0 243.0 243.0 243.0 243.0 243.0 244.0
21.9546 80.1737 16.5346 23.7868 34.5736 48.8889 39.633 31.8891 88.7429 
50.0 23.0 58.0 13.0 13.0
242.0 229.0 208.0 239.0 239.0 217.0 236.0 216.0 239.0 238.0 204.0 232.0
243.0 244.0 242.0 244.0 244.0 233.0 247.0 238.0 244.0 244.0 244.0 243.0
242.0 241.0 232.0 240.0 235.0 229.0 238.0 206.0 237.0 236.0 195.0 238.0
243.0 244.0 243.0 244.0 244.0 243.0 243.0 243.0 243.0 243.0 243.0 243.0
243.0 244.0 243.0 243.0 244.0 243.0 243.0 244.0 243.0 244.0 244.0 243.0
21.9546 80.2854 16.9192 23.2462 34.5736 48.8889 39.2599 33.9638 88.7429 
54.0 25.0 59.0 13.0 13.0
242.0 228.0 205.0 239.0 239.0 216.0 237.0 215.0 239.0 239.0 201.0 231.0
243.0 244.0 241.0 244.0 244.0 230.0 247.0 237.0 244.0 244.0 244.0 244.0
243.0 241.0 229.0 239.0 235.0 226.0 239.0 198.0 237.0 236.0 196.0 239.0
243.0 243.0 243.0 244.0 243.0 243.0 243.0 244.0 244.0 243.0 243.0 243.0
243.0 242.0 244.0 243.0 244.0 243.0 243.0 244.0 243.0 244.0 243.0 243.0
21.9546 80.2854 16.5346 22.1651 34.9612 49.2593 38.8867 36.0385 88.2327 
56.0 29.0 64.0 13.0 12.0
242.0 226.0 203.0 239.0 239.0 215.0 235.0 213.0 239.0 238.0 199.0 229.0
244.0 244.0 240.0 243.0 244.0 225.0 247.0 234.0 244.0 244.0 244.0 243.0
242.0 241.0 229.0 239.0 236.0 225.0 240.0 191.0 236.0 236.0 196.0 240.0
242.0 244.0 243.0 244.0 243.0 243.0 243.0 243.0 243.0 243.0 243.0 244.0
243.0 244.0 243.0 244.0 243.0 244.0 243.0 243.0 242.0 243.0 244.0 244.0
21.8182 80.1737 16.5346 22.1651 35.3488 49.6296 38.8867 36.8683 88.2327 
58.0 31.0 69.0 12.0 13.0
243.0 224.0 202.0 239.0 239.0 214.0 235.0 213.0 239.0 238.0 197.0 228.0
243.0 243.0 240.0 243.0 244.0 225.0 247.0 232.0 244.0 244.0 244.0 243.0
241.0 242.0 228.0 239.0 235.0 223.0 240.0 185.0 236.0 236.0 197.0 239.0
243.0 243.0 243.0 243.0 244.0 243.0 243.0 243.0 244.0 243.0 243.0 243.0
242.0 243.0 244.0 242.0 244.0 244.0 242.0 243.0 242.0 244.0 242.0 243.0
21.8182 80.2854 16.5346 21.6246 35.7364 49.6296 39.633 36.8683 87.7224 
60.0 33.0 74.0 12.0 13.0
242.0 222.0 201.0 239.0 239.0 213.0 236.0 213.0 239.0 238.0 196.0 227.0
244.0 243.0 240.0 244.0 244.0 221.0 247.0 231.0 244.0 244.0 244.0 244.0
242.0 242.0 228.0 239.0 235.0 221.0 240.0 180.0 236.0 235.0 195.0 241.0
243.0 244.0 243.0 243.0 243.0 243.0 244.0 243.0 243.0 243.0 243.0 243.0
243.0 244.0 244.0 244.0 244.0 243.0 243.0 243.0 243.0 244.0 243.0 243.0
22.091 80.5086 16.5346 22.1651 35.7364 49.6296 39.633 37.2833 88.2327 
60.0 32.0 76.0 12.0 13.0
242.0 222.0 202.0 238.0 238.0 213.0 235.0 212.0 239.0 238.0 195.0 227.0
243.0 244.0 239.0 243.0 244.0 222.0 247.0 230.0 244.0 244.0 244.0 244.0
242.0 241.0 227.0 239.0 235.0 220.0 239.0 179.0 235.0 235.0 194.0 240.0
242.0 243.0 244.0 243.0 243.0 243.0 243.0 243.0 244.0 243.0 243.0 243.0
243.0 243.0 244.0 243.0 243.0 244.0 242.0 243.0 242.0 244.0 244.0 243.0
21.9546 80.5086 16.5346 22.1651 35.7364 49.6296 39.633 37.2833 87.7224 
60.0 33.0 81.0 12.0 13.0
243.0 221.0 199.0 238.0 238.0 211.0 235.0 209.0 239.0 238.0 195.0 226.0
243.0 243.0 240.0 244.0 244.0 222.0 247.0 230.0 244.0 244.0 244.0 243.0
242.0 241.0 226.0 237.0 235.0 218.0 241.0 174.0 236.0 235.0 193.0 240.0
243.0 243.0 243.0 243.0 243.0 243.0 243.0 243.0 243.0 243.0 243.0 244.0
244.0 243.0 244.0 242.0 244.0 243.0 242.0 244.0 243.0 243.0 242.0 244.0
21.8182 80.2854 16.5346 22.1651 35.7364 50 39.633 38.1132 88.2327 
61.0 32.0 84.0 12.0 13.0
242.0 220.0 199.0 238.0 238.0 210.0 235.0 208.0 239.0 238.0 195.0 224.0
243.0 244.0 241.0 243.0 244.0 223.0 248.0 231.0 244.0 244.0 244.0 244.0
241.0 241.0 227.0 238.0 235.0 217.0 240.0 169.0 235.0 235.0 191.0 241.0
243.0 243.0 243.0 243.0 244.0 243.0 243.0 243.0 243.0 243.0 243.0 243.0
243.0 243.0 243.0 243.0 243.0 243.0 242.0 244.0 243.0 243.0 243.0 244.0
21.8182 80.2854 16.5346 21.6246 35.7364 50 39.633 38.5281 87.7224 
61.0 34.0 88.0 12.0 13.0
242.0 218.0 198.0 238.0 238.0 209.0 234.0 206.0 239.0 238.0 193.0 223.0
243.0 244.0 239.0 244.0 244.0 223.0 246.0 230.0 244.0 244.0 243.0 243.0
241.0 241.0 227.0 238.0 235.0 215.0 240.0 165.0 235.0 234.0 192.0 241.0
243.0 243.0 243.0 243.0 243.0 243.0 243.0 243.0 243.0 244.0 243.0 243.0
242.0 243.0 243.0 244.0 244.0 243.0 243.0 243.0 243.0 244.0 242.0 244.0
21.8182 80.2854 16.5346 22.1651 35.7364 50 40.0061 38.1132 87.7224 
61.0 32.0 92.0 12.0 13.0
242.0 218.0 198.0 238.0 239.0 210.0 235.0 206.0 238.0 238.0 193.0 222.0
242.0 243.0 240.0 244.0 244.0 222.0 248.0 231.0 244.0 244.0 244.0 243.0
241.0 241.0 225.0 238.0 235.0 215.0 240.0 163.0 235.0 234.0 190.0 240.0
243.0 244.0 243.0 244.0 244.0 243.0 243.0 243.0 243.0 243.0 243.0 243.0
244.0 243.0 243.0 243.0 244.0 243.0 242.0 244.0 243.0 243.0 242.0 244.0
