-10000
20.1819 80.0621 9.22692 31.8949 31.8605 47.4074 27.3196 38.943 83.1306 
28.0 17.0 19.0 12.0 12.0
243.0 237.0 227.0 241.0 240.0 230.0 238.0 229.0 241.0 241.0 230.0 239.0
244.0 244.0 242.0 244.0 244.0 238.0 244.0 239.0 244.0 244.0 243.0 244.0
244.0 243.0 239.0 242.0 237.0 241.0 240.0 237.0 240.0 240.0 236.0 240.0
243.0 243.0 244.0 243.0 244.0 243.0 244.0 243.0 243.0 244.0 244.0 244.0
243.0 244.0 244.0 244.0 244.0 244.0 244.0 243.0 244.0 244.0 244.0 243.0
19.7728 80.0621 16.5346 30.8138 32.6357 48.8889 27.6927 41.8476 84.151 
32.0 20.0 20.0 12.0 12.0
242.0 237.0 222.0 240.0 240.0 225.0 237.0 224.0 240.0 240.0 227.0 239.0
244.0 244.0 242.0 244.0 244.0 235.0 244.0 237.0 244.0 244.0 241.0 244.0
244.0 243.0 239.0 241.0 238.0 240.0 240.0 234.0 240.0 239.0 236.0 241.0
244.0 244.0 243.0 243.0 244.0 243.0 244.0 243.0 244.0 244.0 244.0 244.0
244.0 244.0 244.0 244.0 245.0 244.0 244.0 242.0 244.0 244.0 243.0 243.0
19.6364 80.1737 18.0731 29.1922 33.4109 48.8889 31.424 41.8476 84.151 
35.0 23.0 22.0 12.0 12.0
242.0 236.0 219.0 239.0 240.0 222.0 236.0 222.0 240.0 240.0 224.0 239.0
244.0 243.0 241.0 243.0 244.0 232.0 244.0 235.0 244.0 244.0 241.0 244.0
244.0 243.0 238.0 242.0 239.0 240.0 240.0 231.0 239.0 239.0 235.0 241.0
243.0 243.0 244.0 244.0 243.0 244.0 244.0 244.0 244.0 244.0 243.0 243.0
243.0 244.0 244.0 244.0 245.0 244.0 244.0 243.0 244.0 244.0 243.0 243.0
19.7728 80.397 17.6885 28.6516 33.7984 49.2593 33.2897 41.8476 84.151 
36.0 24.0 26.0 12.0 12.0
243.0 237.0 218.0 239.0 240.0 221.0 236.0 222.0 240.0 240.0 223.0 239.0
244.0 243.0 242.0 243.0 244.0 229.0 244.0 234.0 244.0 244.0 242.0 244.0
244.0 243.0 238.0 242.0 238.0 239.0 240.0 229.0 239.0 239.0 234.0 241.0
243.0 244.0 243.0 243.0 243.0 243.0 244.0 244.0 243.0 244.0 243.0 243.0
243.0 244.0 244.0 244.0 245.0 244.0 244.0 244.0 244.0 244.0 243.0 243.0
19.7728 80.5086 17.3038 28.1111 34.9612 48.8889 34.4091 41.8476 84.151 
38.0 29.0 27.0 12.0 13.0
242.0 236.0 217.0 239.0 240.0 220.0 236.0 222.0 239.0 240.0 222.0 238.0
244.0 244.0 239.0 244.0 244.0 226.0 244.0 232.0 244.0 244.0 242.0 244.0
244.0 243.0 237.0 242.0 239.0 238.0 241.0 227.0 239.0 238.0 234.0 241.0
244.0 243.0 243.0 243.0 243.0 243.0 244.0 243.0 243.0 244.0 244.0 243.0
243.0 243.0 244.0 243.0 244.0 244.0 244.0 244.0 244.0 243.0 244.0 243.0
19.5 80.6202 16.5346 27.5705 35.7364 49.6296 35.1554 41.8476 83.6408 
39.0 31.0 32.0 12.0 12.0
242.0 235.0 216.0 239.0 239.0 220.0 236.0 222.0 240.0 240.0 221.0 238.0
244.0 244.0 239.0 244.0 244.0 223.0 245.0 231.0 244.0 244.0 242.0 243.0
244.0 242.0 237.0 242.0 238.0 238.0 240.0 223.0 238.0 238.0 234.0 241.0
243.0 244.0 243.0 243.0 244.0 244.0 244.0 243.0 243.0 244.0 243.0 244.0
243.0 244.0 244.0 244.0 245.0 244.0 244.0 243.0 245.0 243.0 243.0 243.0
19.5 80.7318 16.15 27.03 36.5116 49.2593 35.9016 42.2625 83.6408 
40.0 34.0 33.0 12.0 13.0
242.0 234.0 215.0 239.0 239.0 220.0 237.0 222.0 240.0 240.0 221.0 237.0
244.0 243.0 241.0 243.0 244.0 222.0 245.0 230.0 244.0 244.0 243.0 244.0
244.0 242.0 237.0 242.0 238.0 237.0 240.0 222.0 239.0 238.0 233.0 241.0
243.0 244.0 243.0 243.0 244.0 243.0 244.0 243.0 244.0 244.0 243.0 243.0
242.0 244.0 244.0 244.0 244.0 244.0 244.0 243.0 244.0 243.0 244.0 244.0
20.3182 80.8434 16.15 27.03 36.5116 49.2593 35.9016 42.2625 83.6408 
40.0 33.0 34.0 12.0 12.0
242.0 234.0 215.0 239.0 239.0 220.0 237.0 223.0 240.0 240.0 221.0 237.0
244.0 244.0 239.0 244.0 244.0 221.0 245.0 230.0 244.0 244.0 243.0 243.0
244.0 243.0 237.0 243.0 239.0 237.0 240.0 222.0 238.0 238.0 233.0 241.0
243.0 243.0 244.0 243.0 244.0 243.0 244.0 243.0 244.0 244.0 243.0 244.0
243.0 244.0 244.0 244.0 245.0 243.0 244.0 243.0 244.0 244.0 243.0 243.0
