-10000
20.1819 81.4014 16.5346 35.1381 31.8605 47.4074 28.8121 38.943 81.0898 
31.0 20.0 19.0 12.0 12.0
243.0 238.0 223.0 240.0 240.0 226.0 237.0 226.0 240.0 241.0 230.0 240.0
244.0 243.0 238.0 244.0 244.0 234.0 244.0 239.0 244.0 243.0 242.0 243.0
244.0 244.0 241.0 243.0 239.0 240.0 241.0 239.0 240.0 240.0 236.0 241.0
244.0 243.0 243.0 244.0 244.0 243.0 244.0 244.0 244.0 244.0 243.0 244.0
243.0 244.0 244.0 244.0 245.0 244.0 245.0 244.0 244.0 244.0 244.0 244.0
19.3637 81.2898 15.7654 34.5976 32.6357 48.1481 28.8121 41.0177 81.6 
32.0 23.0 21.0 12.0 12.0
242.0 238.0 223.0 240.0 240.0 225.0 236.0 226.0 240.0 241.0 228.0 240.0
243.0 243.0 237.0 244.0 244.0 232.0 244.0 237.0 244.0 244.0 241.0 243.0
244.0 244.0 239.0 242.0 238.0 241.0 240.0 237.0 240.0 240.0 235.0 241.0
243.0 244.0 243.0 243.0 244.0 243.0 244.0 244.0 244.0 244.0 243.0 244.0
243.0 244.0 244.0 244.0 246.0 244.0 244.0 243.0 244.0 244.0 243.0 244.0
19.091 80.955 16.15 34.057 33.7984 48.5185 29.9315 41.8476 82.1102 
34.0 27.0 21.0 12.0 12.0
242.0 237.0 221.0 239.0 240.0 223.0 237.0 223.0 240.0 241.0 228.0 240.0
244.0 243.0 237.0 243.0 244.0 228.0 244.0 236.0 243.0 244.0 242.0 244.0
244.0 243.0 240.0 242.0 238.0 241.0 240.0 235.0 240.0 239.0 235.0 241.0
244.0 243.0 243.0 243.0 243.0 243.0 244.0 243.0 243.0 244.0 243.0 243.0
242.0 244.0 244.0 244.0 245.0 244.0 244.0 243.0 244.0 244.0 244.0 243.0
18.9546 80.8434 16.9192 32.9759 34.9612 48.5185 32.5434 41.8476 82.6204 
36.0 31.0 21.0 12.0 12.0
242.0 237.0 218.0 239.0 239.0 221.0 236.0 223.0 240.0 240.0 226.0 239.0
244.0 244.0 235.0 244.0 244.0 225.0 244.0 234.0 244.0 244.0 241.0 244.0
244.0 244.0 239.0 243.0 238.0 240.0 240.0 233.0 239.0 239.0 233.0 241.0
244.0 244.0 243.0 243.0 244.0 243.0 244.0 244.0 243.0 244.0 243.0 244.0
243.0 243.0 244.0 244.0 246.0 244.0 244.0 243.0 244.0 244.0 243.0 243.0
18.8182 80.5086 16.9192 30.8138 34.9612 49.6296 33.6628 41.4327 82.6204 
38.0 33.0 24.0 12.0 13.0
242.0 236.0 217.0 239.0 240.0 220.0 236.0 223.0 240.0 241.0 223.0 238.0
244.0 243.0 236.0 244.0 244.0 221.0 245.0 234.0 244.0 244.0 242.0 244.0
244.0 243.0 239.0 244.0 239.0 239.0 240.0 229.0 239.0 239.0 231.0 241.0
244.0 243.0 243.0 243.0 243.0 243.0 244.0 243.0 243.0 244.0 244.0 244.0
243.0 244.0 244.0 244.0 245.0 244.0 244.0 243.0 244.0 244.0 244.0 243.0
20.0455 80.2854 16.9192 29.1922 35.3488 49.2593 34.4091 41.8476 82.6204 
41.0 34.0 27.0 12.0 13.0
242.0 235.0 214.0 239.0 240.0 220.0 237.0 222.0 240.0 241.0 221.0 238.0
244.0 243.0 236.0 244.0 244.0 219.0 245.0 232.0 244.0 244.0 242.0 244.0
244.0 243.0 239.0 244.0 239.0 239.0 240.0 227.0 239.0 239.0 230.0 240.0
244.0 244.0 243.0 244.0 244.0 243.0 244.0 243.0 243.0 244.0 243.0 243.0
243.0 243.0 244.0 244.0 245.0 244.0 244.0 244.0 244.0 243.0 243.0 243.0
20.591 80.1737 16.5346 27.03 36.124 49.6296 35.5285 41.4327 82.6204 
43.0 39.0 32.0 12.0 12.0
242.0 232.0 212.0 239.0 239.0 220.0 237.0 222.0 240.0 241.0 218.0 236.0
244.0 244.0 235.0 244.0 244.0 216.0 246.0 230.0 244.0 244.0 242.0 244.0
244.0 242.0 238.0 245.0 240.0 239.0 240.0 224.0 239.0 238.0 230.0 241.0
243.0 243.0 243.0 243.0 244.0 243.0 243.0 244.0 243.0 244.0 243.0 243.0
243.0 244.0 244.0 243.0 244.0 244.0 244.0 243.0 244.0 244.0 244.0 243.0
20.7273 79.9505 16.9192 26.4895 36.124 49.6296 35.5285 41.4327 82.6204 
44.0 39.0 32.0 12.0 12.0
243.0 232.0 211.0 239.0 240.0 219.0 237.0 222.0 240.0 240.0 218.0 236.0
244.0 244.0 235.0 244.0 244.0 216.0 245.0 229.0 244.0 244.0 242.0 243.0
245.0 243.0 239.0 245.0 240.0 238.0 240.0 222.0 239.0 238.0 228.0 240.0
244.0 243.0 244.0 243.0 244.0 243.0 244.0 243.0 243.0 244.0 244.0 244.0
243.0 244.0 244.0 244.0 244.0 244.0 244.0 243.0 243.0 243.0 244.0 244.0
20.7273 79.7273 16.9192 25.4084 36.124 49.6296 35.5285 41.4327 82.6204 
44.0 39.0 33.0 12.0 12.0
242.0 232.0 211.0 239.0 239.0 219.0 237.0 222.0 239.0 240.0 218.0 235.0
244.0 243.0 236.0 244.0 244.0 215.0 246.0 229.0 244.0 244.0 242.0 244.0
245.0 244.0 238.0 244.0 240.0 238.0 240.0 222.0 239.0 239.0 229.0 240.0
244.0 243.0 243.0 243.0 243.0 243.0 244.0 244.0 244.0 244.0 243.0 243.0
243.0 244.0 244.0 244.0 245.0 244.0 244.0 244.0 244.0 243.0 244.0 244.0
20.591 79.6157 17.3038 24.8678 36.124 49.6296 35.5285 41.4327 82.6204 
45.0 39.0 34.0 12.0 13.0
242.0 231.0 210.0 239.0 240.0 220.0 237.0 222.0 240.0 240.0 216.0 234.0
243.0 244.0 235.0 244.0 244.0 216.0 245.0 229.0 244.0 244.0 241.0 244.0
245.0 243.0 239.0 245.0 240.0 238.0 240.0 221.0 238.0 237.0 226.0 241.0
243.0 244.0 243.0 243.0 243.0 243.0 244.0 243.0 243.0 244.0 244.0 243.0
243.0 244.0 243.0 244.0 245.0 243.0 244.0 243.0 244.0 244.0 244.0 243.0
20.4546 79.5041 17.3038 24.8678 36.124 49.6296 35.5285 41.4327 82.6204 
45.0 39.0 34.0 12.0 12.0
243.0 231.0 210.0 239.0 240.0 219.0 237.0 222.0 240.0 240.0 217.0 235.0
244.0 243.0 236.0 244.0 244.0 215.0 245.0 229.0 244.0 244.0 242.0 244.0
245.0 242.0 237.0 245.0 239.0 238.0 239.0 222.0 238.0 238.0 228.0 240.0
244.0 244.0 244.0 244.0 244.0 243.0 244.0 243.0 244.0 244.0 244.0 243.0
243.0 243.0 244.0 243.0 244.0 244.0 244.0 243.0 244.0 243.0 244.0 244.0
20.3182 79.5041 17.3038 24.8678 36.124 49.6296 35.5285 41.4327 82.6204 
46.0 40.0 34.0 12.0 12.0
242.0 231.0 209.0 239.0 240.0 219.0 237.0 222.0 240.0 240.0 216.0 234.0
244.0 243.0 235.0 244.0 244.0 215.0 246.0 228.0 244.0 244.0 242.0 244.0
245.0 242.0 238.0 245.0 239.0 237.0 240.0 220.0 238.0 238.0 228.0 241.0
244.0 243.0 244.0 243.0 244.0 243.0 244.0 244.0 243.0 243.0 244.0 243.0
243.0 244.0 244.0 243.0 245.0 244.0 244.0 243.0 244.0 244.0 243.0 243.0
20.4546 79.6157 17.6885 24.3273 36.124 49.6296 35.5285 41.0177 82.6204 
46.0 41.0 34.0 12.0 12.0
243.0 231.0 209.0 239.0 239.0 219.0 237.0 222.0 240.0 240.0 216.0 234.0
243.0 244.0 235.0 244.0 244.0 215.0 245.0 229.0 244.0 244.0 242.0 244.0
246.0 243.0 238.0 245.0 240.0 238.0 240.0 221.0 238.0 237.0 228.0 240.0
243.0 244.0 244.0 243.0 243.0 243.0 244.0 244.0 243.0 244.0 244.0 244.0
242.0 244.0 244.0 244.0 245.0 244.0 244.0 243.0 244.0 244.0 243.0 244.0
20.1819 79.6157 17.6885 24.3273 36.124 49.6296 35.5285 41.0177 82.6204 
46.0 39.0 35.0 12.0 12.0
242.0 230.0 209.0 239.0 240.0 219.0 236.0 221.0 240.0 240.0 216.0 234.0
243.0 244.0 235.0 243.0 244.0 215.0 246.0 228.0 244.0 244.0 241.0 244.0
245.0 243.0 238.0 245.0 240.0 238.0 240.0 220.0 238.0 238.0 228.0 240.0
244.0 244.0 244.0 243.0 243.0 243.0 244.0 243.0 243.0 244.0 243.0 244.0
244.0 244.0 244.0 244.0 245.0 244.0 244.0 244.0 244.0 244.0 244.0 243.0
