-10000
21.2728 80.2854 14.6115 26.4895 31.8605 54.8148 36.2748 48.9015 5.06939 
31.0 18.0 31.0 13.0 13.0
243.0 232.0 224.0 240.0 241.0 232.0 238.0 231.0 241.0 240.0 225.0 234.0
242.0 243.0 244.0 244.0 242.0 242.0 244.0 238.0 244.0 244.0 237.0 243.0
244.0 242.0 240.0 244.0 242.0 238.0 241.0 223.0 238.0 239.0 230.0 242.0
242.0 243.0 243.0 243.0 243.0 243.0 243.0 242.0 243.0 243.0 242.0 243.0
244.0 243.0 242.0 243.0 244.0 243.0 243.0 244.0 243.0 243.0 243.0 243.0
21.2728 80.1737 16.15 24.8678 31.0853 56.6667 35.5285 49.3165 5.57959 
33.0 23.0 34.0 13.0 13.0
243.0 230.0 223.0 240.0 240.0 231.0 239.0 230.0 241.0 240.0 222.0 230.0
243.0 243.0 244.0 243.0 243.0 243.0 244.0 235.0 244.0 244.0 233.0 243.0
244.0 242.0 240.0 244.0 242.0 237.0 240.0 219.0 238.0 239.0 228.0 241.0
243.0 243.0 243.0 243.0 243.0 243.0 244.0 243.0 242.0 243.0 243.0 243.0
243.0 243.0 242.0 243.0 243.0 243.0 243.0 244.0 243.0 243.0 244.0 242.0
21.4091 80.1737 15.7654 28.6516 30.6977 58.8889 35.1554 50.5613 5.57959 
38.0 26.0 38.0 13.0 12.0
242.0 228.0 219.0 240.0 240.0 228.0 238.0 228.0 240.0 240.0 216.0 229.0
243.0 244.0 243.0 243.0 242.0 242.0 244.0 232.0 244.0 244.0 230.0 243.0
244.0 242.0 241.0 244.0 242.0 236.0 240.0 216.0 238.0 238.0 227.0 241.0
242.0 244.0 243.0 243.0 243.0 243.0 243.0 242.0 243.0 243.0 243.0 243.0
244.0 242.0 243.0 243.0 243.0 244.0 243.0 244.0 242.0 244.0 244.0 244.0
21.4091 80.1737 15.3808 30.2732 31.0853 59.2593 35.5285 51.3912 5.06939 
43.0 29.0 41.0 13.0 12.0
243.0 227.0 216.0 240.0 240.0 226.0 238.0 225.0 240.0 239.0 211.0 229.0
243.0 243.0 243.0 244.0 243.0 241.0 244.0 226.0 244.0 244.0 225.0 243.0
244.0 242.0 240.0 244.0 242.0 235.0 240.0 213.0 238.0 238.0 227.0 241.0
242.0 244.0 243.0 243.0 243.0 243.0 243.0 243.0 243.0 243.0 243.0 243.0
244.0 244.0 243.0 244.0 244.0 244.0 243.0 244.0 243.0 243.0 243.0 243.0
21.2728 80.2854 14.6115 31.3543 31.8605 59.2593 35.9016 51.8061 4.55918 
45.0 34.0 43.0 13.0 12.0
242.0 226.0 214.0 240.0 240.0 225.0 238.0 224.0 240.0 239.0 209.0 228.0
243.0 244.0 243.0 244.0 243.0 241.0 244.0 222.0 244.0 245.0 221.0 243.0
245.0 242.0 239.0 245.0 242.0 234.0 241.0 211.0 237.0 238.0 227.0 241.0
243.0 243.0 243.0 243.0 243.0 242.0 243.0 243.0 242.0 243.0 243.0 243.0
243.0 244.0 244.0 244.0 244.0 244.0 242.0 244.0 243.0 243.0 244.0 244.0
21.1364 80.397 14.2269 32.9759 32.2481 59.2593 35.9016 52.221 4.55918 
49.0 36.0 45.0 13.0 12.0
242.0 226.0 212.0 239.0 240.0 223.0 237.0 222.0 239.0 239.0 206.0 228.0
243.0 243.0 243.0 244.0 243.0 240.0 245.0 218.0 244.0 244.0 217.0 243.0
245.0 242.0 240.0 245.0 243.0 234.0 241.0 210.0 238.0 238.0 227.0 241.0
243.0 244.0 243.0 243.0 243.0 243.0 243.0 243.0 242.0 243.0 243.0 243.0
243.0 244.0 244.0 244.0 243.0 244.0 243.0 244.0 243.0 244.0 244.0 243.0
21.1364 80.5086 13.8423 34.057 32.2481 59.2593 35.9016 53.4659 4.55918 
51.0 40.0 48.0 13.0 13.0
242.0 226.0 211.0 239.0 240.0 222.0 237.0 221.0 239.0 240.0 204.0 228.0
243.0 243.0 242.0 243.0 243.0 240.0 245.0 214.0 244.0 244.0 215.0 243.0
244.0 242.0 241.0 246.0 244.0 233.0 241.0 206.0 238.0 238.0 227.0 241.0
243.0 243.0 243.0 243.0 243.0 243.0 244.0 242.0 243.0 243.0 243.0 243.0
243.0 244.0 242.0 244.0 243.0 244.0 243.0 243.0 243.0 244.0 244.0 243.0
21.1364 80.8434 13.8423 34.5976 32.6357 60.7407 35.9016 53.8808 4.04898 
54.0 47.0 51.0 13.0 12.0
242.0 226.0 209.0 240.0 240.0 221.0 237.0 219.0 240.0 239.0 202.0 228.0
242.0 243.0 242.0 243.0 242.0 238.0 245.0 207.0 244.0 244.0 214.0 243.0
245.0 242.0 240.0 246.0 243.0 232.0 240.0 204.0 237.0 238.0 228.0 241.0
243.0 243.0 243.0 243.0 243.0 243.0 244.0 242.0 243.0 243.0 243.0 243.0
242.0 244.0 242.0 243.0 243.0 244.0 243.0 243.0 243.0 243.0 244.0 243.0
21.1364 81.0666 13.4577 35.6786 33.0233 60 36.2748 53.8808 4.04898 
55.0 53.0 51.0 12.0 12.0
242.0 226.0 208.0 239.0 239.0 220.0 236.0 218.0 239.0 239.0 200.0 228.0
243.0 243.0 242.0 243.0 243.0 237.0 246.0 202.0 244.0 244.0 210.0 243.0
245.0 242.0 240.0 246.0 244.0 232.0 240.0 203.0 236.0 237.0 228.0 241.0
242.0 243.0 243.0 243.0 243.0 243.0 243.0 243.0 243.0 243.0 243.0 243.0
243.0 243.0 244.0 243.0 244.0 244.0 243.0 244.0 243.0 244.0 244.0 244.0
21 80.955 13.0731 36.2192 33.0233 60.7407 36.6479 53.8808 3.53878 
57.0 55.0 53.0 12.0 13.0
242.0 226.0 207.0 239.0 239.0 219.0 236.0 217.0 239.0 239.0 198.0 227.0
243.0 243.0 242.0 243.0 242.0 237.0 246.0 200.0 244.0 244.0 210.0 243.0
245.0 242.0 240.0 247.0 244.0 230.0 241.0 201.0 236.0 237.0 226.0 241.0
243.0 243.0 243.0 243.0 243.0 243.0 243.0 243.0 243.0 243.0 243.0 243.0
242.0 244.0 243.0 243.0 243.0 242.0 243.0 244.0 242.0 243.0 244.0 242.0
20.8637 80.955 13.0731 36.2192 33.7984 60.7407 36.6479 54.2957 3.53878 
58.0 58.0 55.0 12.0 13.0
242.0 226.0 207.0 239.0 239.0 219.0 237.0 216.0 239.0 239.0 197.0 227.0
243.0 243.0 242.0 244.0 243.0 237.0 246.0 196.0 244.0 244.0 207.0 243.0
245.0 242.0 240.0 247.0 244.0 230.0 241.0 200.0 236.0 237.0 227.0 240.0
242.0 243.0 244.0 243.0 243.0 243.0 244.0 242.0 243.0 243.0 243.0 243.0
244.0 242.0 243.0 244.0 243.0 244.0 243.0 243.0 243.0 244.0 244.0 243.0
20.8637 81.1782 13.0731 36.2192 33.7984 60.3704 37.021 54.2957 3.53878 
59.0 63.0 55.0 13.0 12.0
242.0 225.0 206.0 239.0 239.0 219.0 236.0 215.0 239.0 239.0 196.0 226.0
243.0 243.0 242.0 243.0 242.0 237.0 246.0 192.0 244.0 244.0 205.0 243.0
245.0 242.0 240.0 248.0 244.0 230.0 241.0 200.0 236.0 237.0 228.0 241.0
242.0 243.0 243.0 243.0 243.0 243.0 243.0 242.0 243.0 243.0 243.0 243.0
244.0 243.0 244.0 243.0 243.0 243.0 243.0 244.0 243.0 244.0 244.0 243.0
21 81.2898 12.6885 37.3003 34.186 60.7407 37.021 54.7107 3.02857 
60.0 65.0 56.0 13.0 12.0
242.0 225.0 206.0 239.0 239.0 218.0 236.0 214.0 239.0 239.0 195.0 227.0
243.0 243.0 242.0 243.0 242.0 236.0 245.0 190.0 244.0 244.0 204.0 243.0
245.0 242.0 240.0 247.0 245.0 229.0 241.0 198.0 237.0 237.0 227.0 240.0
243.0 243.0 244.0 243.0 243.0 243.0 243.0 243.0 243.0 243.0 242.0 243.0
243.0 243.0 243.0 244.0 243.0 244.0 243.0 244.0 243.0 244.0 244.0 244.0
