-10000
21.1364 80.0621 14.6115 28.1111 31.4729 55.1852 34.036 49.3165 6.0898 
32.0 20.0 29.0 13.0 13.0
242.0 235.0 224.0 240.0 240.0 231.0 239.0 230.0 240.0 240.0 223.0 235.0
243.0 244.0 244.0 244.0 243.0 242.0 244.0 236.0 244.0 245.0 236.0 244.0
244.0 242.0 241.0 244.0 242.0 239.0 241.0 226.0 239.0 239.0 232.0 242.0
242.0 244.0 243.0 244.0 243.0 243.0 243.0 243.0 243.0 243.0 243.0 243.0
243.0 243.0 243.0 243.0 243.0 243.0 243.0 244.0 243.0 244.0 244.0 242.0
21.1364 79.8389 16.5346 25.9489 30.6977 56.6667 34.036 50.5613 6.6 
35.0 23.0 31.0 12.0 12.0
242.0 232.0 223.0 240.0 240.0 230.0 239.0 229.0 240.0 239.0 220.0 231.0
243.0 243.0 244.0 244.0 243.0 242.0 244.0 232.0 244.0 244.0 231.0 243.0
244.0 242.0 240.0 244.0 242.0 238.0 240.0 223.0 238.0 239.0 232.0 242.0
242.0 243.0 243.0 243.0 243.0 243.0 243.0 243.0 243.0 243.0 243.0 243.0
243.0 243.0 243.0 243.0 242.0 244.0 243.0 243.0 243.0 243.0 244.0 243.0
21.2728 79.9505 16.15 28.1111 30.6977 57.7778 34.4091 51.8061 6.6 
39.0 27.0 34.0 13.0 12.0
242.0 230.0 220.0 241.0 240.0 228.0 238.0 227.0 240.0 240.0 215.0 230.0
243.0 243.0 243.0 244.0 243.0 241.0 244.0 228.0 244.0 244.0 227.0 243.0
244.0 243.0 240.0 244.0 243.0 237.0 240.0 220.0 238.0 238.0 231.0 242.0
242.0 243.0 243.0 244.0 243.0 243.0 243.0 242.0 243.0 243.0 243.0 243.0
243.0 243.0 243.0 243.0 244.0 244.0 243.0 243.0 243.0 243.0 243.0 242.0
21.2728 80.0621 15.7654 30.2732 31.0853 57.7778 34.7822 52.221 6.0898 
43.0 32.0 38.0 12.0 13.0
242.0 230.0 218.0 240.0 240.0 227.0 238.0 225.0 240.0 239.0 212.0 230.0
243.0 244.0 243.0 244.0 242.0 240.0 244.0 222.0 244.0 244.0 223.0 242.0
244.0 242.0 240.0 244.0 243.0 236.0 241.0 217.0 237.0 238.0 232.0 243.0
242.0 243.0 243.0 243.0 243.0 243.0 243.0 242.0 243.0 243.0 243.0 243.0
243.0 243.0 243.0 243.0 243.0 243.0 243.0 244.0 243.0 244.0 243.0 242.0
21.2728 80.2854 14.9962 30.8138 31.8605 58.1481 35.1554 52.221 5.57959 
46.0 36.0 40.0 13.0 13.0
242.0 229.0 217.0 240.0 240.0 226.0 237.0 224.0 240.0 239.0 209.0 229.0
243.0 243.0 243.0 244.0 243.0 240.0 244.0 218.0 244.0 244.0 220.0 243.0
244.0 242.0 240.0 244.0 243.0 235.0 241.0 214.0 237.0 238.0 231.0 242.0
242.0 244.0 243.0 243.0 243.0 243.0 243.0 243.0 243.0 243.0 243.0 243.0
243.0 243.0 243.0 243.0 243.0 243.0 243.0 244.0 243.0 243.0 243.0 243.0
21.1364 80.397 14.2269 32.9759 32.2481 58.8889 35.5285 53.0509 5.06939 
49.0 41.0 44.0 13.0 13.0
242.0 229.0 215.0 239.0 239.0 224.0 237.0 221.0 239.0 239.0 205.0 229.0
243.0 243.0 242.0 244.0 243.0 239.0 244.0 213.0 244.0 244.0 219.0 243.0
244.0 242.0 240.0 245.0 243.0 233.0 241.0 210.0 237.0 238.0 230.0 242.0
242.0 243.0 243.0 243.0 243.0 243.0 243.0 242.0 242.0 243.0 243.0 243.0
243.0 242.0 243.0 243.0 243.0 244.0 242.0 243.0 243.0 243.0 243.0 242.0
21.1364 80.5086 13.8423 34.057 32.6357 59.2593 35.9016 53.8808 4.55918 
51.0 47.0 46.0 13.0 12.0
242.0 229.0 214.0 239.0 239.0 222.0 236.0 219.0 239.0 239.0 202.0 229.0
243.0 243.0 243.0 243.0 242.0 238.0 244.0 204.0 244.0 244.0 216.0 243.0
244.0 242.0 240.0 246.0 244.0 233.0 241.0 209.0 237.0 237.0 230.0 242.0
242.0 243.0 243.0 243.0 243.0 243.0 244.0 243.0 243.0 243.0 243.0 242.0
242.0 243.0 242.0 243.0 243.0 243.0 243.0 244.0 243.0 243.0 243.0 243.0
21.1364 80.8434 13.8423 34.5976 33.0233 59.2593 35.9016 54.2957 4.55918 
55.0 54.0 47.0 12.0 13.0
242.0 229.0 213.0 239.0 239.0 222.0 236.0 218.0 239.0 239.0 200.0 228.0
242.0 243.0 242.0 243.0 242.0 237.0 245.0 201.0 244.0 244.0 214.0 243.0
245.0 242.0 240.0 246.0 244.0 233.0 241.0 208.0 236.0 237.0 231.0 242.0
243.0 244.0 243.0 243.0 243.0 243.0 244.0 242.0 243.0 243.0 243.0 243.0
242.0 243.0 243.0 243.0 244.0 243.0 242.0 243.0 243.0 243.0 243.0 242.0
21.1364 80.8434 13.4577 36.2192 33.0233 59.6296 35.9016 54.2957 4.55918 
56.0 55.0 49.0 13.0 13.0
242.0 229.0 213.0 239.0 239.0 220.0 236.0 216.0 239.0 239.0 198.0 229.0
243.0 243.0 242.0 243.0 243.0 237.0 245.0 200.0 244.0 244.0 213.0 243.0
245.0 242.0 240.0 247.0 244.0 231.0 241.0 206.0 236.0 237.0 230.0 242.0
242.0 244.0 243.0 243.0 243.0 243.0 243.0 243.0 242.0 243.0 243.0 243.0
244.0 242.0 243.0 242.0 243.0 242.0 243.0 243.0 243.0 244.0 243.0 243.0
21.1364 81.0666 13.4577 36.7597 33.7984 60 36.2748 54.7107 4.55918 
58.0 61.0 48.0 12.0 13.0
242.0 229.0 212.0 239.0 239.0 220.0 237.0 215.0 239.0 239.0 197.0 228.0
243.0 243.0 242.0 243.0 242.0 236.0 245.0 192.0 244.0 244.0 210.0 243.0
244.0 242.0 240.0 247.0 244.0 233.0 242.0 207.0 236.0 237.0 232.0 242.0
243.0 243.0 243.0 243.0 243.0 243.0 243.0 242.0 243.0 243.0 242.0 243.0
243.0 243.0 243.0 243.0 242.0 243.0 243.0 244.0 242.0 243.0 244.0 242.0
21 80.955 13.0731 36.2192 33.7984 60 36.6479 54.2957 3.53878 
59.0 64.0 51.0 13.0 13.0
242.0 229.0 211.0 239.0 239.0 220.0 236.0 214.0 239.0 239.0 195.0 228.0
243.0 244.0 242.0 244.0 243.0 235.0 245.0 191.0 244.0 244.0 209.0 243.0
245.0 242.0 240.0 247.0 244.0 230.0 241.0 203.0 236.0 237.0 230.0 242.0
243.0 244.0 243.0 243.0 243.0 243.0 243.0 242.0 242.0 243.0 243.0 243.0
243.0 243.0 244.0 243.0 243.0 244.0 242.0 243.0 243.0 244.0 244.0 242.0
21 80.955 13.0731 36.2192 34.186 60.3704 36.6479 54.7107 3.53878 
61.0 65.0 54.0 12.0 13.0
242.0 228.0 211.0 239.0 239.0 220.0 236.0 215.0 239.0 239.0 196.0 227.0
243.0 243.0 242.0 243.0 242.0 235.0 245.0 187.0 244.0 244.0 209.0 243.0
245.0 242.0 240.0 247.0 244.0 230.0 241.0 201.0 236.0 237.0 230.0 241.0
242.0 244.0 243.0 243.0 243.0 243.0 243.0 243.0 243.0 243.0 243.0 243.0
243.0 243.0 242.0 243.0 243.0 243.0 244.0 243.0 242.0 244.0 244.0 243.0
21 80.955 13.0731 37.8408 33.7984 60.7407 36.6479 54.7107 3.02857 
61.0 68.0 54.0 13.0 13.0
242.0 228.0 211.0 239.0 239.0 219.0 236.0 213.0 239.0 239.0 194.0 227.0
243.0 243.0 242.0 243.0 242.0 235.0 245.0 187.0 244.0 243.0 209.0 243.0
246.0 242.0 240.0 248.0 244.0 229.0 241.0 200.0 235.0 237.0 231.0 241.0
243.0 243.0 243.0 243.0 243.0 243.0 243.0 243.0 243.0 243.0 243.0 243.0
243.0 243.0 242.0 243.0 244.0 244.0 243.0 243.0 243.0 244.0 243.0 243.0
