-10000
21.4091 79.7273 16.9192 9.19216 31.0853 51.4815 35.9016 46.4119 5.06939 
21.0 16.0 27.0 13.0 13.0
243.0 234.0 234.0 241.0 241.0 238.0 241.0 237.0 242.0 241.0 235.0 235.0
243.0 243.0 244.0 244.0 243.0 243.0 244.0 241.0 244.0 244.0 238.0 243.0
243.0 243.0 241.0 241.0 241.0 239.0 240.0 227.0 238.0 239.0 231.0 242.0
243.0 243.0 244.0 243.0 243.0 243.0 244.0 243.0 243.0 243.0 242.0 243.0
244.0 244.0 244.0 244.0 244.0 244.0 244.0 244.0 243.0 244.0 244.0 244.0
21.2728 79.3925 17.3038 12.4354 29.5349 55.5556 36.6479 47.2418 5.57959 
22.0 19.0 31.0 13.0 13.0
243.0 232.0 232.0 241.0 241.0 238.0 241.0 236.0 242.0 241.0 232.0 231.0
244.0 244.0 245.0 244.0 243.0 243.0 244.0 239.0 244.0 244.0 235.0 244.0
244.0 243.0 240.0 242.0 240.0 237.0 240.0 224.0 238.0 239.0 229.0 242.0
242.0 243.0 244.0 244.0 243.0 242.0 243.0 243.0 243.0 243.0 242.0 243.0
244.0 242.0 244.0 243.0 244.0 243.0 243.0 244.0 242.0 244.0 244.0 242.0
21.2728 79.0577 15.3808 27.5705 30.6977 57.4074 35.9016 48.9015 5.57959 
34.0 25.0 37.0 13.0 12.0
243.0 229.0 223.0 240.0 240.0 231.0 239.0 230.0 240.0 240.0 219.0 229.0
243.0 244.0 244.0 244.0 243.0 243.0 244.0 235.0 244.0 244.0 230.0 243.0
244.0 242.0 239.0 242.0 240.0 235.0 240.0 217.0 238.0 238.0 226.0 241.0
243.0 243.0 243.0 243.0 244.0 243.0 243.0 243.0 243.0 243.0 243.0 242.0
244.0 244.0 243.0 243.0 243.0 243.0 243.0 244.0 242.0 243.0 244.0 244.0
21.4091 78.9461 14.2269 32.4354 31.8605 58.8889 35.9016 49.7314 4.55918 
43.0 26.0 41.0 12.0 13.0
242.0 231.0 219.0 239.0 240.0 226.0 237.0 224.0 240.0 239.0 212.0 231.0
243.0 243.0 244.0 243.0 243.0 243.0 245.0 231.0 244.0 244.0 227.0 243.0
244.0 242.0 239.0 243.0 240.0 233.0 239.0 213.0 237.0 238.0 225.0 241.0
243.0 243.0 243.0 243.0 243.0 243.0 243.0 242.0 243.0 243.0 242.0 243.0
244.0 242.0 243.0 243.0 243.0 243.0 243.0 243.0 243.0 243.0 243.0 242.0
21.4091 78.8345 13.8423 34.5976 31.8605 60 35.9016 50.9762 4.55918 
46.0 30.0 44.0 13.0 13.0
242.0 231.0 217.0 239.0 239.0 224.0 237.0 221.0 240.0 239.0 208.0 231.0
243.0 243.0 244.0 243.0 243.0 243.0 246.0 226.0 244.0 244.0 224.0 243.0
244.0 242.0 238.0 243.0 240.0 232.0 239.0 211.0 237.0 238.0 225.0 240.0
243.0 243.0 243.0 242.0 243.0 243.0 243.0 243.0 243.0 243.0 243.0 243.0
243.0 244.0 242.0 244.0 243.0 244.0 242.0 243.0 243.0 243.0 244.0 244.0
21.2728 78.9461 13.4577 35.6786 32.6357 59.2593 35.9016 51.8061 4.55918 
49.0 34.0 46.0 13.0 13.0
242.0 231.0 216.0 239.0 239.0 223.0 237.0 219.0 240.0 239.0 206.0 231.0
243.0 243.0 244.0 244.0 243.0 241.0 246.0 222.0 244.0 244.0 220.0 243.0
244.0 243.0 239.0 243.0 241.0 231.0 240.0 209.0 238.0 238.0 225.0 241.0
242.0 244.0 243.0 243.0 243.0 243.0 243.0 243.0 243.0 243.0 242.0 243.0
243.0 244.0 243.0 243.0 244.0 244.0 244.0 243.0 243.0 243.0 244.0 244.0
21.2728 79.1693 13.0731 37.3003 32.6357 60 35.9016 52.636 3.53878 
50.0 36.0 48.0 13.0 12.0
242.0 231.0 216.0 239.0 239.0 222.0 236.0 218.0 239.0 239.0 204.0 232.0
243.0 243.0 243.0 244.0 243.0 241.0 246.0 219.0 244.0 244.0 219.0 243.0
244.0 242.0 239.0 244.0 241.0 230.0 240.0 206.0 238.0 238.0 226.0 241.0
243.0 243.0 244.0 243.0 243.0 243.0 244.0 242.0 243.0 243.0 243.0 243.0
244.0 244.0 242.0 243.0 242.0 243.0 243.0 243.0 243.0 243.0 243.0 243.0
21.2728 79.2809 12.6885 38.3814 33.4109 60.3704 35.9016 53.4659 3.53878 
52.0 40.0 51.0 13.0 13.0
242.0 231.0 214.0 239.0 239.0 221.0 236.0 215.0 239.0 239.0 201.0 232.0
244.0 243.0 243.0 244.0 243.0 240.0 247.0 214.0 244.0 244.0 216.0 243.0
244.0 242.0 238.0 244.0 242.0 229.0 240.0 203.0 237.0 238.0 226.0 240.0
243.0 243.0 243.0 243.0 243.0 243.0 244.0 242.0 242.0 243.0 243.0 242.0
243.0 243.0 243.0 243.0 243.0 243.0 243.0 244.0 242.0 242.0 243.0 243.0
21.2728 79.5041 12.6885 38.3814 33.4109 61.1111 36.2748 53.8808 3.02857 
55.0 45.0 55.0 13.0 13.0
242.0 230.0 213.0 239.0 239.0 220.0 236.0 215.0 239.0 239.0 200.0 231.0
243.0 243.0 243.0 244.0 243.0 240.0 247.0 209.0 244.0 244.0 216.0 243.0
245.0 242.0 238.0 245.0 241.0 228.0 241.0 200.0 237.0 237.0 225.0 240.0
243.0 243.0 243.0 243.0 243.0 243.0 243.0 243.0 242.0 243.0 243.0 243.0
243.0 243.0 242.0 243.0 242.0 244.0 243.0 244.0 243.0 243.0 243.0 242.0
21.2728 79.5041 12.6885 38.3814 33.7984 61.1111 36.2748 53.8808 3.02857 
55.0 48.0 55.0 13.0 13.0
242.0 230.0 213.0 239.0 239.0 220.0 237.0 214.0 239.0 239.0 199.0 230.0
243.0 243.0 243.0 244.0 243.0 239.0 247.0 204.0 244.0 244.0 213.0 243.0
245.0 241.0 239.0 245.0 242.0 228.0 239.0 200.0 238.0 237.0 226.0 240.0
243.0 244.0 243.0 243.0 243.0 243.0 243.0 243.0 243.0 243.0 243.0 243.0
242.0 243.0 243.0 243.0 243.0 243.0 244.0 243.0 243.0 243.0 244.0 242.0
21.1364 79.7273 12.6885 38.3814 34.186 60.7407 36.6479 54.2957 3.02857 
57.0 55.0 57.0 13.0 13.0
242.0 229.0 212.0 239.0 239.0 220.0 236.0 213.0 239.0 239.0 197.0 230.0
243.0 243.0 243.0 244.0 243.0 238.0 247.0 200.0 244.0 244.0 210.0 243.0
244.0 242.0 239.0 245.0 242.0 227.0 240.0 198.0 238.0 238.0 226.0 240.0
242.0 243.0 243.0 243.0 243.0 243.0 243.0 242.0 243.0 243.0 243.0 243.0
243.0 243.0 243.0 243.0 243.0 243.0 243.0 244.0 243.0 243.0 244.0 242.0
21 79.6157 12.6885 38.9219 34.186 61.1111 36.6479 54.2957 3.02857 
59.0 56.0 58.0 13.0 13.0
242.0 229.0 212.0 238.0 239.0 219.0 236.0 212.0 239.0 239.0 197.0 230.0
243.0 243.0 243.0 243.0 243.0 238.0 247.0 198.0 244.0 245.0 210.0 243.0
245.0 242.0 239.0 245.0 242.0 226.0 240.0 196.0 237.0 237.0 226.0 240.0
242.0 243.0 243.0 243.0 243.0 243.0 244.0 242.0 243.0 243.0 243.0 243.0
243.0 243.0 244.0 243.0 243.0 243.0 243.0 243.0 243.0 243.0 243.0 243.0
20.8637 79.7273 12.3038 39.4624 34.5736 60.7407 36.6479 54.7107 3.02857 
60.0 59.0 59.0 13.0 13.0
242.0 229.0 211.0 238.0 239.0 218.0 235.0 211.0 239.0 239.0 195.0 230.0
243.0 243.0 243.0 244.0 243.0 237.0 246.0 194.0 244.0 244.0 207.0 243.0
245.0 242.0 239.0 245.0 243.0 226.0 240.0 196.0 237.0 237.0 227.0 240.0
243.0 243.0 243.0 243.0 242.0 243.0 243.0 242.0 242.0 243.0 243.0 243.0
244.0 243.0 243.0 243.0 244.0 243.0 243.0 244.0 243.0 244.0 243.0 243.0
21 79.9505 12.3038 39.4624 34.5736 60.7407 36.6479 54.7107 3.02857 
61.0 64.0 58.0 13.0 13.0
242.0 229.0 210.0 238.0 239.0 219.0 235.0 210.0 239.0 239.0 194.0 229.0
243.0 243.0 243.0 244.0 243.0 236.0 246.0 191.0 244.0 244.0 205.0 243.0
245.0 241.0 239.0 245.0 243.0 226.0 241.0 197.0 237.0 237.0 227.0 240.0
243.0 243.0 243.0 242.0 243.0 243.0 243.0 243.0 243.0 243.0 242.0 243.0
244.0 241.0 243.0 243.0 242.0 243.0 242.0 244.0 243.0 243.0 243.0 243.0
