-10000
21.2728 80.1737 15.3808 25.4084 31.0853 53.3333 32.5434 49.3165 5.57959 
29.0 21.0 27.0 13.0 13.0
243.0 235.0 226.0 240.0 240.0 232.0 239.0 231.0 240.0 240.0 226.0 236.0
243.0 243.0 243.0 244.0 242.0 242.0 244.0 237.0 244.0 244.0 234.0 243.0
244.0 243.0 241.0 244.0 241.0 239.0 239.0 227.0 238.0 239.0 232.0 241.0
242.0 243.0 243.0 243.0 243.0 243.0 244.0 242.0 243.0 243.0 243.0 243.0
242.0 242.0 242.0 243.0 242.0 243.0 243.0 243.0 243.0 244.0 244.0 242.0
21.2728 79.8389 17.3038 23.7868 30.3101 55.5556 32.9166 50.5613 6.0898 
32.0 25.0 31.0 13.0 12.0
242.0 232.0 224.0 240.0 240.0 231.0 239.0 230.0 241.0 240.0 223.0 233.0
243.0 243.0 243.0 243.0 243.0 242.0 244.0 234.0 244.0 244.0 231.0 242.0
244.0 242.0 241.0 244.0 242.0 238.0 240.0 224.0 238.0 239.0 231.0 242.0
243.0 244.0 244.0 243.0 244.0 243.0 243.0 242.0 243.0 244.0 243.0 243.0
243.0 243.0 242.0 243.0 244.0 242.0 243.0 243.0 243.0 243.0 243.0 241.0
21.2728 79.8389 16.5346 28.1111 29.9225 57.4074 33.6628 51.3912 6.0898 
38.0 29.0 34.0 13.0 12.0
242.0 231.0 220.0 239.0 240.0 227.0 238.0 227.0 240.0 239.0 216.0 232.0
243.0 244.0 243.0 244.0 244.0 241.0 244.0 229.0 244.0 244.0 225.0 243.0
244.0 242.0 241.0 244.0 242.0 237.0 239.0 221.0 238.0 238.0 230.0 241.0
242.0 244.0 243.0 243.0 243.0 243.0 244.0 243.0 242.0 244.0 243.0 243.0
243.0 244.0 244.0 243.0 243.0 244.0 243.0 243.0 242.0 242.0 243.0 243.0
21.4091 80.0621 15.7654 30.2732 30.6977 57.4074 34.4091 51.8061 5.06939 
43.0 34.0 38.0 12.0 12.0
242.0 231.0 217.0 240.0 240.0 225.0 237.0 224.0 240.0 239.0 211.0 232.0
243.0 243.0 243.0 243.0 243.0 240.0 244.0 224.0 244.0 244.0 220.0 243.0
244.0 243.0 240.0 245.0 243.0 237.0 240.0 218.0 237.0 238.0 230.0 241.0
242.0 244.0 242.0 243.0 243.0 243.0 244.0 243.0 242.0 243.0 242.0 243.0
244.0 243.0 243.0 243.0 243.0 244.0 243.0 244.0 243.0 243.0 244.0 244.0
21.4091 80.2854 14.9962 31.3543 31.4729 57.7778 34.7822 52.221 4.55918 
46.0 38.0 40.0 13.0 13.0
242.0 230.0 216.0 239.0 239.0 224.0 237.0 222.0 240.0 239.0 209.0 232.0
243.0 243.0 242.0 243.0 243.0 240.0 244.0 220.0 244.0 244.0 218.0 243.0
244.0 242.0 242.0 245.0 243.0 236.0 239.0 215.0 237.0 238.0 230.0 241.0
243.0 243.0 244.0 243.0 242.0 243.0 243.0 242.0 242.0 243.0 243.0 243.0
243.0 244.0 243.0 244.0 243.0 244.0 244.0 243.0 243.0 243.0 243.0 243.0
21.2728 80.5086 14.6115 32.9759 31.8605 58.1481 35.5285 52.636 4.04898 
48.0 41.0 43.0 13.0 13.0
242.0 230.0 215.0 239.0 239.0 223.0 237.0 220.0 239.0 239.0 206.0 231.0
243.0 243.0 242.0 243.0 243.0 239.0 244.0 214.0 244.0 244.0 215.0 243.0
245.0 242.0 241.0 246.0 243.0 235.0 239.0 211.0 236.0 237.0 229.0 241.0
243.0 243.0 244.0 243.0 243.0 243.0 244.0 242.0 243.0 243.0 243.0 243.0
244.0 244.0 243.0 244.0 243.0 243.0 243.0 244.0 244.0 243.0 244.0 243.0
21.2728 80.397 14.2269 34.057 32.2481 59.6296 35.5285 53.4659 3.53878 
49.0 44.0 46.0 13.0 12.0
242.0 230.0 214.0 239.0 239.0 221.0 236.0 218.0 239.0 239.0 205.0 232.0
242.0 243.0 242.0 243.0 243.0 238.0 245.0 209.0 244.0 244.0 213.0 243.0
245.0 242.0 241.0 246.0 244.0 233.0 239.0 208.0 236.0 237.0 229.0 241.0
243.0 243.0 243.0 243.0 243.0 243.0 243.0 243.0 243.0 243.0 243.0 243.0
242.0 243.0 243.0 244.0 243.0 243.0 242.0 244.0 243.0 244.0 243.0 243.0
21.1364 80.8434 13.4577 34.5976 33.0233 59.6296 35.9016 54.7107 3.53878 
52.0 53.0 48.0 13.0 12.0
242.0 229.0 213.0 239.0 239.0 221.0 237.0 217.0 239.0 239.0 202.0 230.0
243.0 243.0 242.0 243.0 242.0 237.0 246.0 202.0 244.0 244.0 211.0 243.0
245.0 242.0 241.0 247.0 244.0 233.0 240.0 207.0 237.0 238.0 231.0 241.0
242.0 244.0 243.0 243.0 243.0 243.0 243.0 242.0 243.0 243.0 242.0 243.0
244.0 243.0 244.0 243.0 243.0 244.0 243.0 244.0 242.0 243.0 244.0 244.0
21.1364 80.8434 13.4577 35.6786 33.0233 60 35.9016 54.2957 3.53878 
54.0 54.0 49.0 13.0 13.0
242.0 229.0 213.0 239.0 239.0 219.0 236.0 215.0 239.0 239.0 201.0 231.0
243.0 243.0 242.0 243.0 243.0 237.0 245.0 200.0 244.0 244.0 211.0 242.0
246.0 242.0 240.0 247.0 244.0 233.0 240.0 205.0 236.0 237.0 230.0 241.0
243.0 243.0 243.0 243.0 243.0 243.0 243.0 243.0 242.0 243.0 243.0 243.0
244.0 244.0 244.0 243.0 244.0 244.0 243.0 244.0 243.0 244.0 244.0 244.0
21.2728 80.955 13.0731 36.7597 33.4109 60 36.2748 54.7107 3.02857 
55.0 59.0 50.0 13.0 13.0
242.0 230.0 212.0 238.0 239.0 219.0 236.0 214.0 239.0 239.0 199.0 230.0
243.0 243.0 242.0 243.0 242.0 236.0 246.0 195.0 244.0 244.0 208.0 243.0
245.0 241.0 240.0 247.0 244.0 232.0 240.0 205.0 236.0 237.0 230.0 240.0
242.0 243.0 243.0 243.0 243.0 243.0 244.0 243.0 243.0 243.0 243.0 243.0
243.0 243.0 244.0 244.0 243.0 244.0 243.0 244.0 242.0 244.0 243.0 244.0
21.1364 81.0666 13.0731 36.7597 33.7984 59.6296 36.6479 54.7107 3.02857 
57.0 63.0 52.0 12.0 12.0
241.0 229.0 212.0 239.0 239.0 218.0 236.0 214.0 239.0 239.0 198.0 230.0
243.0 243.0 241.0 243.0 242.0 236.0 246.0 192.0 244.0 244.0 206.0 243.0
246.0 241.0 241.0 249.0 244.0 231.0 241.0 203.0 236.0 236.0 230.0 241.0
242.0 243.0 243.0 243.0 243.0 243.0 243.0 242.0 243.0 243.0 243.0 243.0
244.0 244.0 244.0 244.0 243.0 244.0 243.0 243.0 243.0 243.0 243.0 243.0
21.1364 80.8434 13.0731 36.7597 33.7984 60 36.6479 54.7107 2.51837 
58.0 66.0 54.0 13.0 13.0
241.0 229.0 211.0 238.0 239.0 218.0 236.0 213.0 239.0 239.0 197.0 230.0
243.0 243.0 241.0 243.0 242.0 235.0 246.0 189.0 244.0 244.0 205.0 243.0
246.0 242.0 241.0 248.0 244.0 231.0 240.0 201.0 235.0 237.0 230.0 241.0
242.0 243.0 243.0 244.0 243.0 243.0 243.0 243.0 242.0 243.0 242.0 243.0
243.0 243.0 243.0 242.0 243.0 243.0 242.0 244.0 243.0 244.0 244.0 241.0
21 80.8434 13.0731 36.7597 33.7984 60 36.6479 54.2957 2.51837 
59.0 67.0 55.0 13.0 13.0
242.0 229.0 212.0 238.0 239.0 218.0 236.0 212.0 239.0 239.0 197.0 230.0
242.0 243.0 242.0 243.0 242.0 235.0 246.0 189.0 244.0 244.0 205.0 243.0
245.0 242.0 241.0 248.0 244.0 230.0 240.0 200.0 236.0 236.0 228.0 241.0
243.0 244.0 243.0 243.0 243.0 243.0 243.0 242.0 243.0 243.0 243.0 243.0
243.0 243.0 242.0 243.0 243.0 244.0 243.0 243.0 243.0 244.0 243.0 243.0
