-10000
19.9091 80.2854 9.99615 27.03 35.7364 49.6296 33.6628 41.4327 83.1306 
22.0 18.0 17.0 12.0 13.0
242.0 238.0 233.0 241.0 242.0 236.0 240.0 236.0 242.0 241.0 233.0 239.0
244.0 244.0 238.0 244.0 244.0 236.0 244.0 239.0 244.0 244.0 241.0 244.0
244.0 244.0 242.0 244.0 240.0 243.0 242.0 240.0 242.0 241.0 238.0 241.0
243.0 243.0 244.0 243.0 244.0 243.0 244.0 244.0 243.0 244.0 243.0 244.0
243.0 243.0 245.0 243.0 245.0 244.0 244.0 243.0 244.0 244.0 243.0 242.0
19.5 80.1737 9.99615 27.03 35.7364 50.3704 34.7822 41.8476 83.1306 
23.0 18.0 18.0 12.0 13.0
242.0 238.0 233.0 241.0 241.0 236.0 240.0 236.0 241.0 242.0 233.0 239.0
243.0 243.0 238.0 244.0 244.0 237.0 244.0 239.0 244.0 244.0 241.0 244.0
244.0 244.0 240.0 244.0 240.0 242.0 241.0 239.0 242.0 241.0 237.0 240.0
243.0 243.0 244.0 243.0 244.0 243.0 244.0 244.0 243.0 244.0 244.0 244.0
243.0 244.0 244.0 244.0 244.0 243.0 244.0 243.0 244.0 244.0 244.0 243.0
20.0455 80.1737 9.99615 27.03 35.7364 50.3704 35.9016 41.8476 83.1306 
23.0 19.0 18.0 12.0 13.0
243.0 237.0 231.0 241.0 242.0 235.0 241.0 235.0 242.0 241.0 232.0 238.0
244.0 244.0 238.0 243.0 244.0 237.0 244.0 239.0 244.0 244.0 241.0 243.0
245.0 243.0 241.0 243.0 240.0 242.0 241.0 237.0 240.0 240.0 236.0 241.0
244.0 243.0 244.0 243.0 244.0 243.0 243.0 243.0 243.0 243.0 244.0 243.0
243.0 244.0 244.0 243.0 245.0 244.0 244.0 242.0 244.0 243.0 243.0 243.0
20.3182 80.2854 13.8423 26.4895 35.3488 50 35.9016 42.2625 83.1306 
27.0 19.0 19.0 12.0 13.0
242.0 234.0 227.0 241.0 241.0 232.0 239.0 232.0 241.0 241.0 228.0 236.0
244.0 244.0 238.0 244.0 244.0 236.0 244.0 237.0 243.0 244.0 242.0 244.0
244.0 244.0 240.0 244.0 240.0 242.0 241.0 238.0 240.0 240.0 236.0 241.0
244.0 243.0 243.0 243.0 244.0 243.0 244.0 243.0 244.0 243.0 244.0 244.0
244.0 244.0 244.0 244.0 244.0 244.0 244.0 242.0 244.0 244.0 243.0 243.0
20.591 80.0621 14.9962 25.9489 34.9612 50 35.9016 41.8476 83.6408 
30.0 19.0 20.0 12.0 12.0
243.0 232.0 225.0 240.0 241.0 231.0 239.0 231.0 241.0 241.0 225.0 233.0
244.0 244.0 236.0 244.0 244.0 236.0 244.0 238.0 244.0 244.0 241.0 243.0
244.0 244.0 240.0 244.0 240.0 241.0 241.0 236.0 241.0 240.0 236.0 241.0
244.0 244.0 243.0 243.0 244.0 243.0 244.0 244.0 244.0 244.0 244.0 243.0
241.0 244.0 244.0 243.0 244.0 244.0 244.0 243.0 244.0 244.0 243.0 244.0
20.4546 79.7273 15.7654 24.8678 34.5736 49.6296 35.9016 42.2625 83.1306 
32.0 20.0 20.0 12.0 12.0
243.0 231.0 223.0 240.0 241.0 230.0 239.0 230.0 241.0 240.0 223.0 232.0
244.0 243.0 237.0 244.0 244.0 236.0 244.0 238.0 244.0 244.0 239.0 244.0
244.0 244.0 240.0 244.0 239.0 242.0 241.0 236.0 240.0 240.0 235.0 241.0
244.0 244.0 243.0 243.0 244.0 243.0 244.0 244.0 244.0 244.0 243.0 244.0
243.0 244.0 244.0 244.0 244.0 243.0 245.0 243.0 244.0 244.0 244.0 244.0
20.4546 79.6157 16.5346 24.8678 34.186 49.6296 35.9016 42.2625 83.6408 
33.0 20.0 21.0 12.0 12.0
243.0 229.0 222.0 240.0 241.0 229.0 239.0 230.0 241.0 240.0 222.0 231.0
244.0 244.0 237.0 244.0 244.0 234.0 244.0 238.0 243.0 244.0 240.0 243.0
244.0 243.0 239.0 244.0 239.0 241.0 241.0 237.0 241.0 240.0 235.0 241.0
243.0 243.0 243.0 243.0 243.0 243.0 244.0 243.0 243.0 244.0 244.0 243.0
243.0 243.0 244.0 243.0 244.0 244.0 244.0 243.0 244.0 243.0 243.0 244.0
20.4546 79.5041 16.9192 24.3273 33.7984 49.6296 35.5285 42.2625 83.6408 
34.0 19.0 21.0 12.0 12.0
243.0 228.0 220.0 240.0 241.0 229.0 239.0 229.0 241.0 240.0 221.0 229.0
244.0 243.0 236.0 244.0 244.0 236.0 244.0 239.0 244.0 244.0 239.0 244.0
245.0 244.0 240.0 244.0 239.0 242.0 241.0 236.0 240.0 240.0 233.0 240.0
244.0 243.0 244.0 243.0 243.0 243.0 244.0 244.0 243.0 244.0 243.0 244.0
243.0 244.0 244.0 244.0 245.0 244.0 244.0 243.0 243.0 244.0 243.0 244.0
20.4546 79.5041 16.9192 24.3273 33.7984 49.6296 35.5285 41.8476 83.6408 
36.0 19.0 22.0 12.0 12.0
243.0 228.0 220.0 240.0 241.0 229.0 239.0 229.0 240.0 240.0 220.0 228.0
243.0 244.0 236.0 244.0 244.0 236.0 244.0 238.0 244.0 244.0 240.0 243.0
245.0 243.0 239.0 244.0 239.0 242.0 241.0 236.0 240.0 240.0 235.0 241.0
244.0 243.0 243.0 243.0 244.0 244.0 244.0 244.0 244.0 244.0 243.0 243.0
244.0 243.0 244.0 243.0 245.0 244.0 244.0 244.0 244.0 244.0 244.0 243.0
20.3182 79.5041 17.3038 23.7868 33.7984 49.6296 35.5285 41.4327 83.1306 
36.0 19.0 22.0 12.0 12.0
243.0 227.0 219.0 240.0 241.0 228.0 239.0 229.0 240.0 240.0 219.0 228.0
244.0 244.0 236.0 244.0 244.0 236.0 244.0 237.0 244.0 244.0 240.0 244.0
244.0 243.0 240.0 244.0 239.0 241.0 241.0 234.0 240.0 240.0 232.0 241.0
244.0 243.0 243.0 243.0 243.0 243.0 244.0 243.0 243.0 244.0 243.0 243.0
243.0 243.0 244.0 244.0 244.0 244.0 244.0 243.0 244.0 244.0 244.0 243.0
20.1819 79.3925 17.3038 23.7868 33.7984 49.6296 35.5285 41.4327 83.6408 
37.0 19.0 23.0 12.0 12.0
243.0 226.0 219.0 240.0 240.0 228.0 238.0 228.0 240.0 241.0 218.0 228.0
244.0 244.0 236.0 244.0 244.0 236.0 244.0 238.0 244.0 244.0 239.0 244.0
244.0 243.0 239.0 243.0 238.0 241.0 240.0 236.0 240.0 240.0 232.0 240.0
243.0 243.0 244.0 243.0 243.0 243.0 244.0 243.0 244.0 243.0 243.0 244.0
242.0 244.0 244.0 243.0 245.0 244.0 244.0 243.0 244.0 244.0 243.0 244.0
19.7728 79.2809 17.3038 23.7868 33.7984 49.6296 35.5285 41.4327 83.1306 
37.0 19.0 23.0 12.0 12.0
243.0 226.0 218.0 240.0 240.0 227.0 238.0 228.0 240.0 240.0 218.0 228.0
244.0 244.0 237.0 244.0 244.0 237.0 244.0 238.0 244.0 244.0 239.0 243.0
244.0 243.0 238.0 244.0 239.0 241.0 241.0 234.0 240.0 239.0 232.0 239.0
243.0 243.0 243.0 243.0 244.0 243.0 243.0 244.0 244.0 244.0 243.0 243.0
243.0 244.0 244.0 244.0 244.0 244.0 244.0 244.0 244.0 244.0 242.0 243.0
19.7728 79.1693 17.6885 23.7868 33.4109 49.2593 35.1554 41.4327 83.1306 
38.0 19.0 23.0 12.0 12.0
243.0 226.0 217.0 240.0 241.0 227.0 238.0 227.0 240.0 240.0 217.0 227.0
243.0 243.0 236.0 244.0 245.0 237.0 244.0 237.0 243.0 244.0 239.0 242.0
244.0 243.0 240.0 244.0 240.0 242.0 241.0 234.0 240.0 240.0 231.0 240.0
243.0 243.0 243.0 243.0 244.0 243.0 244.0 243.0 243.0 244.0 243.0 243.0
243.0 244.0 244.0 243.0 245.0 244.0 244.0 243.0 244.0 244.0 243.0 243.0
19.7728 79.1693 17.6885 23.7868 33.4109 49.2593 35.1554 41.4327 83.6408 
38.0 20.0 24.0 12.0 13.0
243.0 225.0 217.0 240.0 240.0 227.0 238.0 227.0 240.0 241.0 217.0 226.0
244.0 244.0 235.0 244.0 244.0 236.0 244.0 238.0 243.0 244.0 239.0 244.0
244.0 243.0 239.0 244.0 239.0 240.0 240.0 234.0 239.0 239.0 231.0 240.0
244.0 243.0 244.0 243.0 244.0 243.0 244.0 243.0 243.0 243.0 244.0 244.0
243.0 244.0 244.0 243.0 245.0 244.0 244.0 243.0 244.0 243.0 244.0 243.0
19.9091 79.1693 17.6885 24.3273 33.4109 49.2593 35.1554 41.4327 83.6408 
39.0 20.0 24.0 12.0 12.0
243.0 225.0 216.0 240.0 240.0 226.0 238.0 227.0 240.0 240.0 216.0 227.0
244.0 244.0 235.0 244.0 244.0 236.0 244.0 238.0 244.0 243.0 239.0 244.0
244.0 244.0 239.0 243.0 239.0 241.0 240.0 234.0 240.0 240.0 231.0 240.0
243.0 244.0 243.0 243.0 244.0 243.0 244.0 243.0 243.0 244.0 243.0 244.0
243.0 244.0 244.0 243.0 245.0 243.0 244.0 242.0 244.0 243.0 244.0 244.0
20.0455 79.2809 17.6885 24.3273 33.4109 49.2593 35.1554 41.4327 84.151 
39.0 19.0 23.0 12.0 12.0
243.0 225.0 216.0 240.0 240.0 226.0 238.0 226.0 240.0 240.0 216.0 227.0
244.0 244.0 235.0 244.0 244.0 236.0 244.0 239.0 244.0 244.0 239.0 244.0
244.0 243.0 238.0 244.0 239.0 240.0 240.0 234.0 240.0 240.0 231.0 240.0
244.0 243.0 244.0 243.0 243.0 244.0 244.0 243.0 244.0 244.0 243.0 243.0
243.0 244.0 244.0 244.0 245.0 244.0 244.0 244.0 244.0 243.0 243.0 244.0
20.0455 79.1693 17.6885 24.8678 33.4109 49.2593 35.1554 41.4327 84.151 
40.0 19.0 23.0 12.0 14.0
243.0 225.0 216.0 240.0 240.0 225.0 238.0 227.0 240.0 240.0 215.0 226.0
244.0 244.0 236.0 243.0 243.0 235.0 243.0 238.0 244.0 244.0 239.0 243.0
244.0 244.0 239.0 244.0 239.0 240.0 240.0 234.0 240.0 240.0 232.0 240.0
243.0 243.0 243.0 243.0 243.0 243.0 243.0 243.0 243.0 244.0 244.0 244.0
243.0 244.0 244.0 244.0 244.0 244.0 244.0 244.0 243.0 245.0 243.0 244.0
