-10000
21 79.9505 15.7654 31.3543 30.3101 44.4444 25.827 36.0385 85.6816 
41.0 18.0 38.0 11.0 11.0
244.0 242.0 229.0 240.0 239.0 215.0 231.0 213.0 239.0 241.0 231.0 242.0
244.0 244.0 244.0 245.0 245.0 237.0 248.0 242.0 244.0 244.0 245.0 244.0
243.0 239.0 237.0 237.0 234.0 232.0 232.0 217.0 233.0 235.0 228.0 240.0
244.0 244.0 244.0 244.0 244.0 244.0 244.0 244.0 244.0 244.0 244.0 244.0
245.0 244.0 244.0 244.0 244.0 245.0 244.0 243.0 244.0 244.0 244.0 244.0
20.7273 79.9505 17.6885 30.8138 31.0853 44.0741 25.827 36.4534 85.6816 
43.0 21.0 38.0 11.0 12.0
243.0 241.0 228.0 240.0 239.0 213.0 231.0 212.0 239.0 241.0 231.0 242.0
244.0 244.0 244.0 245.0 245.0 234.0 249.0 241.0 244.0 244.0 244.0 244.0
243.0 239.0 235.0 237.0 235.0 232.0 233.0 217.0 233.0 235.0 229.0 240.0
244.0 244.0 244.0 244.0 244.0 244.0 244.0 244.0 244.0 244.0 244.0 244.0
245.0 243.0 244.0 244.0 244.0 245.0 244.0 243.0 244.0 244.0 244.0 243.0
20.7273 80.2854 18.4577 30.2732 32.6357 45.1852 32.5434 35.6235 85.6816 
44.0 24.0 45.0 11.0 11.0
244.0 241.0 229.0 240.0 239.0 212.0 231.0 211.0 238.0 241.0 231.0 241.0
244.0 244.0 243.0 245.0 245.0 231.0 249.0 238.0 245.0 245.0 245.0 244.0
244.0 239.0 236.0 238.0 235.0 230.0 232.0 208.0 232.0 235.0 229.0 240.0
244.0 244.0 244.0 244.0 244.0 244.0 244.0 244.0 244.0 244.0 244.0 244.0
245.0 244.0 244.0 244.0 244.0 244.0 244.0 243.0 245.0 244.0 243.0 245.0
20.8637 80.8434 18.0731 29.7327 33.7984 47.4074 37.021 35.2086 85.6816 
44.0 24.0 53.0 11.0 12.0
243.0 241.0 228.0 240.0 238.0 211.0 231.0 210.0 239.0 240.0 231.0 242.0
245.0 244.0 243.0 244.0 245.0 232.0 248.0 239.0 245.0 245.0 244.0 244.0
243.0 239.0 234.0 238.0 235.0 228.0 231.0 200.0 231.0 233.0 227.0 240.0
244.0 244.0 244.0 244.0 244.0 244.0 244.0 244.0 244.0 244.0 244.0 244.0
245.0 244.0 243.0 244.0 244.0 245.0 244.0 242.0 244.0 244.0 244.0 243.0
20.8637 80.955 17.6885 29.1922 35.3488 48.1481 38.8867 36.4534 85.1714 
47.0 24.0 56.0 11.0 11.0
243.0 242.0 228.0 241.0 238.0 211.0 230.0 208.0 239.0 240.0 230.0 241.0
244.0 244.0 244.0 245.0 244.0 231.0 248.0 238.0 245.0 244.0 245.0 244.0
243.0 239.0 233.0 237.0 234.0 227.0 230.0 199.0 230.0 233.0 227.0 240.0
244.0 244.0 244.0 245.0 244.0 244.0 244.0 244.0 244.0 244.0 244.0 244.0
243.0 244.0 244.0 244.0 245.0 244.0 244.0 243.0 244.0 244.0 244.0 244.0
20.8637 81.0666 17.3038 28.6516 36.124 48.5185 39.633 37.2833 85.1714 
48.0 24.0 58.0 11.0 13.0
243.0 241.0 227.0 240.0 238.0 208.0 230.0 206.0 238.0 240.0 229.0 241.0
244.0 244.0 244.0 244.0 244.0 231.0 248.0 238.0 245.0 245.0 245.0 244.0
243.0 238.0 232.0 236.0 234.0 226.0 229.0 196.0 228.0 233.0 227.0 240.0
244.0 244.0 244.0 244.0 244.0 244.0 244.0 244.0 244.0 244.0 244.0 244.0
245.0 243.0 245.0 244.0 244.0 244.0 244.0 244.0 245.0 244.0 245.0 244.0
20.7273 80.955 16.9192 28.1111 36.5116 48.5185 40.0061 38.1132 85.1714 
50.0 24.0 61.0 11.0 12.0
243.0 241.0 226.0 240.0 238.0 207.0 230.0 205.0 238.0 240.0 228.0 241.0
244.0 244.0 244.0 244.0 244.0 232.0 247.0 239.0 245.0 245.0 244.0 244.0
242.0 238.0 232.0 236.0 235.0 226.0 229.0 194.0 228.0 232.0 227.0 239.0
244.0 244.0 244.0 244.0 244.0 244.0 244.0 244.0 244.0 244.0 244.0 244.0
244.0 244.0 244.0 244.0 244.0 244.0 244.0 243.0 245.0 244.0 244.0 244.0
20.591 80.955 16.5346 28.1111 36.5116 48.8889 40.0061 37.6982 85.1714 
51.0 23.0 62.0 11.0 12.0
243.0 241.0 226.0 240.0 238.0 206.0 229.0 204.0 238.0 241.0 228.0 241.0
244.0 244.0 244.0 244.0 244.0 232.0 247.0 239.0 245.0 245.0 244.0 244.0
243.0 238.0 232.0 236.0 234.0 225.0 229.0 193.0 228.0 232.0 227.0 240.0
244.0 244.0 244.0 244.0 244.0 244.0 244.0 244.0 244.0 244.0 244.0 244.0
244.0 244.0 245.0 244.0 244.0 244.0 245.0 243.0 245.0 243.0 245.0 245.0
20.591 80.955 16.5346 27.5705 36.8992 49.2593 40.3793 38.5281 85.1714 
51.0 23.0 63.0 11.0 12.0
243.0 241.0 225.0 240.0 238.0 206.0 230.0 204.0 238.0 240.0 227.0 241.0
244.0 244.0 244.0 245.0 244.0 233.0 248.0 239.0 245.0 245.0 245.0 244.0
243.0 238.0 232.0 236.0 234.0 224.0 229.0 193.0 227.0 233.0 227.0 240.0
244.0 244.0 244.0 244.0 244.0 244.0 244.0 244.0 244.0 244.0 244.0 244.0
244.0 244.0 244.0 244.0 244.0 244.0 244.0 243.0 244.0 244.0 244.0 244.0
20.3182 81.0666 16.5346 27.5705 36.8992 49.2593 40.3793 38.5281 85.1714 
52.0 23.0 64.0 11.0 13.0
244.0 241.0 225.0 240.0 238.0 205.0 229.0 203.0 238.0 240.0 227.0 241.0
244.0 244.0 244.0 244.0 244.0 234.0 246.0 240.0 245.0 244.0 244.0 244.0
242.0 239.0 232.0 236.0 234.0 224.0 227.0 191.0 228.0 231.0 227.0 240.0
244.0 244.0 244.0 244.0 244.0 244.0 244.0 244.0 244.0 244.0 244.0 244.0
244.0 244.0 244.0 243.0 244.0 245.0 244.0 244.0 244.0 244.0 244.0 244.0
20.3182 81.1782 16.15 27.5705 37.2868 49.6296 40.3793 39.358 85.1714 
52.0 21.0 65.0 11.0 12.0
243.0 240.0 225.0 240.0 238.0 204.0 230.0 203.0 238.0 240.0 227.0 241.0
244.0 244.0 244.0 244.0 244.0 234.0 247.0 240.0 245.0 245.0 244.0 244.0
242.0 239.0 232.0 235.0 234.0 224.0 227.0 191.0 227.0 231.0 226.0 241.0
244.0 244.0 244.0 244.0 244.0 244.0 244.0 244.0 244.0 244.0 244.0 244.0
245.0 243.0 246.0 244.0 244.0 244.0 244.0 244.0 244.0 244.0 245.0 244.0
20.1819 81.1782 16.15 27.03 37.2868 49.6296 40.7524 39.7729 85.1714 
53.0 21.0 66.0 11.0 11.0
243.0 241.0 224.0 240.0 238.0 205.0 230.0 203.0 239.0 240.0 227.0 241.0
244.0 244.0 243.0 244.0 244.0 234.0 246.0 240.0 245.0 245.0 244.0 244.0
242.0 238.0 232.0 235.0 234.0 224.0 227.0 189.0 227.0 231.0 226.0 240.0
244.0 244.0 244.0 244.0 244.0 244.0 244.0 244.0 244.0 244.0 244.0 244.0
244.0 245.0 244.0 244.0 244.0 244.0 244.0 243.0 245.0 244.0 245.0 244.0
20.1819 81.1782 15.7654 27.03 37.6744 50.3704 41.1255 40.1878 84.6612 
53.0 20.0 67.0 11.0 12.0
243.0 240.0 224.0 240.0 238.0 204.0 230.0 202.0 238.0 240.0 226.0 241.0
244.0 244.0 244.0 244.0 244.0 235.0 246.0 241.0 244.0 245.0 245.0 244.0
242.0 239.0 231.0 235.0 235.0 222.0 226.0 187.0 227.0 231.0 226.0 240.0
244.0 244.0 244.0 244.0 244.0 244.0 244.0 244.0 244.0 244.0 244.0 244.0
244.0 244.0 244.0 244.0 244.0 244.0 245.0 243.0 244.0 244.0 244.0 245.0
