-10000
21.2728 80.5086 15.7654 24.8678 30.6977 55.5556 34.4091 48.9015 5.06939 
29.0 21.0 30.0 13.0 13.0
242.0 233.0 226.0 240.0 240.0 232.0 239.0 231.0 240.0 240.0 225.0 236.0
242.0 243.0 243.0 244.0 242.0 243.0 244.0 236.0 244.0 244.0 233.0 243.0
245.0 242.0 241.0 245.0 242.0 239.0 241.0 225.0 238.0 239.0 230.0 241.0
242.0 243.0 243.0 243.0 243.0 243.0 243.0 243.0 243.0 243.0 243.0 243.0
243.0 243.0 243.0 243.0 243.0 243.0 243.0 244.0 243.0 242.0 244.0 242.0
21.2728 80.397 16.9192 23.7868 30.3101 55.9259 34.7822 48.9015 5.57959 
32.0 24.0 32.0 13.0 13.0
243.0 231.0 224.0 240.0 240.0 231.0 239.0 230.0 240.0 239.0 223.0 233.0
243.0 243.0 243.0 243.0 243.0 241.0 244.0 234.0 244.0 244.0 229.0 243.0
244.0 242.0 241.0 245.0 243.0 238.0 241.0 222.0 238.0 238.0 229.0 242.0
242.0 243.0 243.0 243.0 243.0 243.0 243.0 243.0 243.0 243.0 243.0 243.0
244.0 243.0 243.0 244.0 243.0 243.0 242.0 244.0 243.0 242.0 243.0 243.0
21.2728 80.397 15.7654 27.5705 30.6977 57.4074 35.1554 50.1463 5.06939 
37.0 29.0 37.0 12.0 13.0
242.0 230.0 220.0 240.0 240.0 228.0 238.0 228.0 240.0 239.0 216.0 232.0
243.0 243.0 243.0 243.0 243.0 241.0 245.0 229.0 244.0 244.0 225.0 242.0
245.0 243.0 241.0 245.0 243.0 237.0 240.0 217.0 238.0 238.0 228.0 241.0
242.0 243.0 243.0 243.0 243.0 243.0 243.0 243.0 242.0 243.0 243.0 243.0
243.0 243.0 242.0 243.0 244.0 243.0 242.0 244.0 241.0 243.0 244.0 242.0
21.2728 80.5086 15.3808 29.7327 31.4729 57.4074 35.5285 50.5613 4.04898 
42.0 34.0 38.0 13.0 13.0
242.0 229.0 217.0 240.0 240.0 226.0 238.0 226.0 240.0 239.0 212.0 231.0
243.0 243.0 243.0 243.0 243.0 240.0 245.0 224.0 244.0 244.0 220.0 243.0
245.0 243.0 241.0 247.0 243.0 237.0 241.0 215.0 238.0 238.0 228.0 241.0
242.0 243.0 243.0 243.0 243.0 243.0 243.0 243.0 243.0 243.0 242.0 243.0
243.0 243.0 242.0 242.0 243.0 243.0 242.0 243.0 243.0 244.0 244.0 242.0
21.2728 80.7318 14.6115 30.8138 31.8605 57.7778 35.9016 50.9762 3.53878 
45.0 37.0 41.0 13.0 13.0
242.0 228.0 216.0 239.0 240.0 225.0 237.0 224.0 240.0 239.0 210.0 231.0
244.0 243.0 243.0 244.0 244.0 240.0 246.0 220.0 244.0 244.0 217.0 243.0
245.0 242.0 240.0 247.0 244.0 236.0 241.0 213.0 237.0 238.0 228.0 241.0
242.0 243.0 243.0 243.0 243.0 243.0 243.0 242.0 243.0 243.0 243.0 243.0
243.0 243.0 243.0 242.0 243.0 243.0 243.0 244.0 242.0 243.0 244.0 242.0
21.2728 80.955 14.2269 32.4354 32.2481 58.5185 35.9016 51.8061 3.53878 
47.0 40.0 42.0 12.0 13.0
242.0 228.0 214.0 239.0 240.0 223.0 238.0 223.0 239.0 239.0 208.0 231.0
243.0 242.0 242.0 244.0 243.0 239.0 246.0 215.0 244.0 244.0 214.0 242.0
246.0 242.0 241.0 247.0 244.0 235.0 241.0 211.0 237.0 238.0 228.0 241.0
242.0 243.0 243.0 243.0 243.0 243.0 243.0 242.0 243.0 243.0 243.0 243.0
243.0 243.0 243.0 243.0 243.0 243.0 243.0 243.0 243.0 244.0 243.0 242.0
21.2728 81.1782 13.8423 34.057 32.6357 59.2593 36.2748 53.0509 3.53878 
49.0 45.0 46.0 12.0 13.0
242.0 228.0 213.0 239.0 240.0 222.0 237.0 221.0 239.0 239.0 206.0 231.0
243.0 243.0 242.0 244.0 243.0 238.0 246.0 209.0 244.0 244.0 213.0 242.0
246.0 242.0 241.0 248.0 244.0 234.0 241.0 208.0 236.0 237.0 228.0 241.0
243.0 243.0 243.0 243.0 243.0 243.0 243.0 242.0 243.0 243.0 243.0 243.0
243.0 243.0 243.0 243.0 243.0 244.0 243.0 244.0 243.0 242.0 243.0 243.0
21.1364 81.2898 13.4577 34.5976 33.0233 59.6296 36.2748 53.8808 3.02857 
51.0 51.0 48.0 13.0 13.0
242.0 228.0 212.0 239.0 239.0 221.0 237.0 219.0 239.0 239.0 203.0 230.0
243.0 243.0 242.0 243.0 243.0 237.0 246.0 203.0 244.0 244.0 211.0 242.0
245.0 242.0 240.0 248.0 244.0 233.0 241.0 207.0 236.0 237.0 229.0 242.0
243.0 244.0 243.0 243.0 243.0 243.0 243.0 243.0 242.0 243.0 243.0 243.0
242.0 243.0 243.0 243.0 243.0 243.0 243.0 244.0 243.0 243.0 244.0 241.0
21.1364 81.2898 13.4577 35.1381 33.0233 60 36.2748 53.4659 3.02857 
52.0 53.0 49.0 13.0 13.0
242.0 228.0 212.0 239.0 239.0 221.0 237.0 218.0 239.0 239.0 202.0 230.0
243.0 243.0 241.0 243.0 242.0 237.0 246.0 202.0 244.0 244.0 210.0 243.0
246.0 242.0 240.0 248.0 244.0 233.0 241.0 206.0 236.0 237.0 229.0 241.0
243.0 244.0 243.0 243.0 243.0 243.0 243.0 243.0 242.0 243.0 243.0 243.0
244.0 243.0 243.0 243.0 242.0 243.0 242.0 244.0 243.0 242.0 243.0 243.0
21.2728 81.4014 13.0731 36.2192 33.4109 60.3704 36.6479 53.8808 3.02857 
55.0 58.0 51.0 12.0 13.0
242.0 228.0 210.0 239.0 239.0 219.0 236.0 215.0 239.0 239.0 200.0 231.0
243.0 243.0 242.0 243.0 242.0 236.0 246.0 195.0 244.0 244.0 207.0 242.0
246.0 241.0 241.0 249.0 244.0 232.0 241.0 204.0 236.0 236.0 229.0 241.0
242.0 243.0 243.0 243.0 243.0 243.0 243.0 242.0 243.0 243.0 242.0 243.0
243.0 242.0 242.0 243.0 243.0 243.0 243.0 244.0 244.0 243.0 244.0 243.0
21.2728 81.7362 12.6885 36.2192 33.7984 60 37.021 53.8808 3.02857 
56.0 63.0 53.0 13.0 13.0
242.0 228.0 210.0 239.0 239.0 219.0 237.0 215.0 239.0 239.0 199.0 229.0
243.0 243.0 242.0 243.0 242.0 236.0 246.0 192.0 244.0 244.0 206.0 243.0
246.0 242.0 241.0 249.0 245.0 232.0 241.0 202.0 235.0 237.0 228.0 241.0
243.0 243.0 243.0 243.0 243.0 243.0 244.0 242.0 242.0 243.0 243.0 243.0
243.0 242.0 243.0 243.0 243.0 243.0 242.0 243.0 242.0 243.0 243.0 242.0
21.1364 81.6246 12.6885 36.7597 34.186 60.3704 37.021 53.8808 2.51837 
57.0 65.0 55.0 13.0 13.0
242.0 228.0 210.0 239.0 239.0 218.0 236.0 215.0 239.0 239.0 198.0 229.0
243.0 243.0 242.0 243.0 242.0 235.0 246.0 190.0 243.0 243.0 205.0 242.0
246.0 242.0 241.0 249.0 245.0 230.0 241.0 201.0 235.0 236.0 228.0 241.0
242.0 243.0 243.0 243.0 243.0 243.0 243.0 242.0 243.0 244.0 243.0 243.0
242.0 243.0 242.0 243.0 244.0 243.0 243.0 243.0 243.0 243.0 243.0 243.0
