-10000
22.091 80.0621 15.7654 23.7868 34.5736 47.7778 40.3793 27.7397 88.2327 
39.0 20.0 52.0 12.0 12.0
243.0 234.0 217.0 240.0 239.0 223.0 237.0 223.0 240.0 239.0 215.0 235.0
244.0 244.0 242.0 243.0 244.0 235.0 248.0 240.0 244.0 244.0 244.0 244.0
244.0 240.0 232.0 240.0 237.0 232.0 239.0 218.0 238.0 236.0 204.0 236.0
243.0 243.0 243.0 244.0 244.0 243.0 244.0 243.0 243.0 243.0 243.0 243.0
243.0 244.0 244.0 243.0 244.0 243.0 243.0 244.0 242.0 243.0 242.0 244.0
22.091 80.1737 16.15 23.2462 35.3488 47.037 40.3793 29.3995 88.7429 
44.0 23.0 56.0 12.0 13.0
242.0 231.0 213.0 239.0 239.0 221.0 236.0 220.0 240.0 238.0 210.0 233.0
243.0 244.0 241.0 243.0 244.0 231.0 247.0 239.0 245.0 244.0 243.0 243.0
243.0 241.0 233.0 240.0 237.0 232.0 239.0 214.0 238.0 237.0 201.0 237.0
243.0 243.0 243.0 244.0 244.0 243.0 243.0 243.0 243.0 243.0 243.0 243.0
244.0 244.0 244.0 243.0 244.0 244.0 243.0 244.0 243.0 244.0 243.0 244.0
22.091 80.1737 16.15 22.7057 35.3488 48.1481 40.0061 32.304 88.7429 
48.0 25.0 56.0 12.0 12.0
242.0 229.0 209.0 239.0 239.0 220.0 236.0 218.0 240.0 238.0 206.0 231.0
243.0 243.0 241.0 243.0 244.0 230.0 247.0 237.0 244.0 244.0 244.0 244.0
242.0 241.0 232.0 240.0 236.0 229.0 239.0 204.0 238.0 238.0 199.0 240.0
243.0 243.0 243.0 243.0 244.0 243.0 243.0 242.0 243.0 243.0 243.0 243.0
244.0 244.0 244.0 244.0 244.0 244.0 243.0 244.0 243.0 244.0 243.0 244.0
21.8182 80.0621 16.5346 21.6246 35.3488 48.5185 39.633 34.7937 89.2531 
52.0 29.0 58.0 12.0 12.0
243.0 226.0 207.0 239.0 239.0 218.0 236.0 217.0 239.0 239.0 202.0 229.0
242.0 244.0 240.0 244.0 244.0 226.0 248.0 235.0 244.0 244.0 243.0 243.0
243.0 242.0 230.0 240.0 237.0 227.0 240.0 196.0 237.0 237.0 199.0 240.0
243.0 243.0 243.0 244.0 243.0 243.0 243.0 243.0 243.0 243.0 244.0 243.0
244.0 244.0 244.0 244.0 244.0 244.0 243.0 244.0 242.0 244.0 244.0 244.0
21.9546 80.1737 16.5346 21.0841 35.3488 49.2593 39.2599 36.4534 88.2327 
55.0 30.0 65.0 13.0 12.0
242.0 225.0 205.0 239.0 239.0 217.0 236.0 216.0 239.0 238.0 200.0 228.0
243.0 243.0 241.0 243.0 244.0 225.0 247.0 233.0 244.0 244.0 244.0 243.0
242.0 241.0 229.0 239.0 236.0 224.0 240.0 190.0 236.0 236.0 199.0 240.0
243.0 243.0 243.0 243.0 243.0 243.0 243.0 243.0 244.0 243.0 243.0 243.0
243.0 244.0 244.0 244.0 244.0 243.0 242.0 244.0 243.0 244.0 244.0 245.0
21.9546 80.1737 16.5346 21.0841 35.3488 49.6296 39.2599 37.6982 88.7429 
56.0 31.0 70.0 12.0 13.0
243.0 223.0 203.0 238.0 239.0 216.0 236.0 216.0 239.0 238.0 198.0 227.0
242.0 244.0 240.0 244.0 244.0 225.0 247.0 232.0 244.0 244.0 244.0 243.0
242.0 241.0 229.0 239.0 236.0 223.0 240.0 184.0 236.0 236.0 197.0 241.0
242.0 243.0 243.0 243.0 243.0 243.0 243.0 243.0 243.0 243.0 243.0 243.0
243.0 244.0 244.0 243.0 244.0 244.0 243.0 244.0 244.0 244.0 244.0 244.0
21.9546 80.0621 16.9192 21.0841 35.3488 49.6296 38.8867 37.6982 88.7429 
57.0 31.0 72.0 12.0 13.0
242.0 224.0 203.0 239.0 239.0 216.0 236.0 214.0 239.0 238.0 198.0 227.0
244.0 244.0 239.0 244.0 244.0 224.0 247.0 233.0 244.0 244.0 244.0 243.0
242.0 241.0 228.0 239.0 235.0 222.0 241.0 183.0 236.0 235.0 197.0 241.0
243.0 243.0 243.0 243.0 244.0 243.0 243.0 243.0 244.0 243.0 243.0 243.0
243.0 243.0 244.0 244.0 244.0 244.0 243.0 244.0 243.0 244.0 243.0 244.0
21.9546 79.9505 16.9192 21.0841 35.3488 49.6296 38.8867 38.1132 88.7429 
58.0 30.0 74.0 13.0 13.0
242.0 223.0 202.0 239.0 239.0 216.0 236.0 215.0 239.0 238.0 197.0 227.0
243.0 244.0 240.0 243.0 244.0 225.0 247.0 233.0 244.0 244.0 244.0 244.0
241.0 241.0 228.0 239.0 236.0 221.0 240.0 181.0 235.0 235.0 195.0 241.0
243.0 243.0 243.0 244.0 243.0 243.0 243.0 243.0 243.0 244.0 243.0 243.0
243.0 244.0 244.0 244.0 243.0 244.0 243.0 244.0 244.0 243.0 243.0 244.0
21.8182 79.9505 16.5346 21.6246 35.3488 50 39.2599 37.6982 88.7429 
59.0 30.0 77.0 13.0 12.0
243.0 222.0 201.0 238.0 239.0 214.0 236.0 212.0 239.0 238.0 196.0 226.0
243.0 244.0 241.0 243.0 244.0 224.0 247.0 233.0 244.0 244.0 244.0 244.0
242.0 242.0 228.0 238.0 236.0 219.0 240.0 177.0 236.0 236.0 194.0 241.0
243.0 243.0 243.0 243.0 244.0 243.0 244.0 243.0 243.0 243.0 244.0 243.0
244.0 243.0 244.0 244.0 244.0 244.0 243.0 244.0 243.0 244.0 244.0 244.0
21.8182 79.8389 16.5346 22.1651 35.3488 50 39.2599 37.2833 88.2327 
61.0 31.0 81.0 12.0 12.0
243.0 221.0 199.0 239.0 239.0 213.0 236.0 210.0 239.0 238.0 194.0 225.0
243.0 244.0 240.0 243.0 244.0 224.0 247.0 233.0 244.0 244.0 244.0 244.0
241.0 241.0 227.0 238.0 235.0 219.0 241.0 174.0 236.0 235.0 192.0 241.0
243.0 243.0 242.0 243.0 243.0 243.0 244.0 243.0 243.0 243.0 243.0 244.0
242.0 244.0 243.0 243.0 244.0 244.0 243.0 243.0 242.0 244.0 242.0 244.0
21.9546 80.0621 16.5346 22.1651 35.3488 50 39.633 38.1132 88.2327 
61.0 29.0 83.0 12.0 13.0
242.0 221.0 199.0 238.0 239.0 211.0 235.0 210.0 239.0 238.0 194.0 225.0
244.0 244.0 239.0 244.0 244.0 224.0 247.0 234.0 244.0 244.0 244.0 243.0
241.0 242.0 226.0 238.0 235.0 218.0 240.0 169.0 235.0 235.0 191.0 241.0
243.0 243.0 243.0 244.0 243.0 243.0 243.0 243.0 243.0 243.0 244.0 243.0
243.0 243.0 244.0 243.0 243.0 244.0 243.0 244.0 243.0 244.0 242.0 244.0
21.9546 79.9505 16.9192 21.6246 35.3488 50.3704 39.2599 38.5281 88.2327 
62.0 31.0 88.0 12.0 13.0
243.0 220.0 198.0 238.0 238.0 210.0 235.0 208.0 239.0 238.0 193.0 224.0
243.0 243.0 241.0 243.0 244.0 224.0 248.0 232.0 244.0 244.0 244.0 243.0
241.0 241.0 226.0 237.0 235.0 215.0 240.0 168.0 234.0 234.0 191.0 241.0
243.0 243.0 243.0 244.0 244.0 243.0 244.0 243.0 243.0 242.0 243.0 243.0
242.0 243.0 244.0 244.0 244.0 243.0 243.0 244.0 243.0 244.0 243.0 244.0
