-10000
20.4546 79.8389 12.3038 22.1651 33.0233 51.1111 31.0509 50.9762 4.55918 
21.0 16.0 24.0 13.0 13.0
242.0 238.0 234.0 242.0 241.0 238.0 240.0 237.0 241.0 241.0 235.0 239.0
243.0 244.0 244.0 244.0 243.0 243.0 244.0 241.0 243.0 243.0 239.0 243.0
242.0 242.0 239.0 240.0 240.0 238.0 239.0 230.0 238.0 239.0 233.0 242.0
243.0 244.0 243.0 243.0 243.0 243.0 244.0 243.0 242.0 243.0 243.0 243.0
242.0 243.0 244.0 243.0 243.0 243.0 242.0 244.0 243.0 244.0 243.0 243.0
19.9091 79.3925 16.15 21.6246 30.6977 55.9259 32.1703 53.8808 5.06939 
23.0 19.0 28.0 13.0 13.0
242.0 236.0 232.0 241.0 241.0 237.0 240.0 235.0 241.0 241.0 232.0 236.0
243.0 244.0 244.0 244.0 243.0 243.0 244.0 241.0 244.0 244.0 234.0 243.0
243.0 242.0 239.0 241.0 240.0 237.0 239.0 227.0 239.0 239.0 233.0 242.0
243.0 244.0 243.0 243.0 243.0 243.0 244.0 243.0 242.0 243.0 242.0 243.0
244.0 243.0 243.0 243.0 243.0 243.0 243.0 243.0 243.0 243.0 243.0 242.0
20.8637 78.388 16.15 29.7327 31.4729 58.5185 33.6628 55.5405 5.06939 
29.0 23.0 33.0 13.0 13.0
242.0 232.0 226.0 240.0 240.0 233.0 239.0 231.0 240.0 240.0 224.0 232.0
244.0 244.0 244.0 244.0 243.0 243.0 244.0 238.0 244.0 244.0 232.0 243.0
243.0 241.0 239.0 241.0 240.0 235.0 239.0 222.0 238.0 239.0 232.0 241.0
243.0 244.0 244.0 243.0 243.0 243.0 243.0 243.0 243.0 243.0 243.0 243.0
243.0 242.0 244.0 242.0 243.0 243.0 242.0 244.0 243.0 243.0 244.0 242.0
21 78.2764 15.7654 31.8949 31.0853 59.2593 33.6628 55.9555 5.06939 
36.0 27.0 37.0 12.0 13.0
242.0 231.0 223.0 240.0 240.0 231.0 238.0 229.0 240.0 240.0 219.0 230.0
243.0 243.0 243.0 244.0 243.0 243.0 244.0 234.0 244.0 244.0 227.0 243.0
243.0 241.0 239.0 242.0 240.0 233.0 238.0 218.0 238.0 238.0 232.0 240.0
242.0 244.0 243.0 244.0 243.0 243.0 244.0 243.0 243.0 243.0 243.0 243.0
243.0 243.0 244.0 242.0 244.0 244.0 243.0 244.0 243.0 244.0 243.0 242.0
21 78.388 15.3808 32.9759 31.8605 59.6296 34.036 56.3704 4.55918 
39.0 33.0 38.0 12.0 13.0
242.0 230.0 221.0 239.0 240.0 231.0 238.0 228.0 240.0 240.0 216.0 229.0
243.0 243.0 244.0 244.0 243.0 243.0 244.0 230.0 244.0 244.0 223.0 242.0
244.0 241.0 239.0 242.0 240.0 233.0 239.0 217.0 238.0 238.0 232.0 240.0
242.0 244.0 243.0 243.0 243.0 243.0 244.0 243.0 243.0 243.0 243.0 243.0
243.0 243.0 242.0 243.0 244.0 242.0 243.0 244.0 242.0 244.0 243.0 243.0
20.8637 78.4996 14.9962 34.057 32.6357 59.6296 34.7822 55.9555 3.53878 
42.0 36.0 41.0 12.0 13.0
243.0 228.0 219.0 239.0 240.0 229.0 238.0 227.0 240.0 239.0 212.0 228.0
243.0 243.0 243.0 244.0 243.0 242.0 246.0 226.0 243.0 244.0 218.0 243.0
244.0 241.0 239.0 242.0 240.0 231.0 237.0 213.0 238.0 238.0 231.0 240.0
243.0 243.0 243.0 243.0 243.0 243.0 243.0 243.0 243.0 243.0 243.0 242.0
243.0 244.0 243.0 243.0 243.0 243.0 243.0 244.0 243.0 243.0 244.0 244.0
20.8637 78.4996 14.2269 36.2192 33.0233 60 35.1554 56.3704 3.02857 
46.0 39.0 44.0 12.0 13.0
242.0 227.0 217.0 239.0 240.0 227.0 238.0 226.0 240.0 238.0 208.0 228.0
243.0 243.0 243.0 243.0 243.0 242.0 246.0 224.0 244.0 244.0 216.0 242.0
244.0 240.0 239.0 243.0 241.0 231.0 239.0 211.0 238.0 238.0 231.0 240.0
242.0 243.0 243.0 243.0 243.0 243.0 243.0 243.0 242.0 243.0 243.0 243.0
244.0 244.0 242.0 243.0 243.0 243.0 243.0 244.0 244.0 243.0 243.0 243.0
20.8637 78.6112 14.2269 36.7597 33.4109 59.6296 35.5285 56.7854 3.02857 
48.0 42.0 44.0 13.0 13.0
242.0 226.0 216.0 239.0 239.0 227.0 237.0 224.0 239.0 239.0 206.0 228.0
243.0 243.0 242.0 243.0 243.0 241.0 247.0 220.0 244.0 244.0 213.0 243.0
244.0 240.0 240.0 243.0 241.0 231.0 238.0 212.0 237.0 238.0 230.0 240.0
242.0 244.0 243.0 243.0 243.0 243.0 244.0 242.0 243.0 243.0 243.0 243.0
242.0 243.0 243.0 243.0 243.0 244.0 243.0 244.0 243.0 242.0 244.0 243.0
21.1364 78.8345 13.8423 37.8408 33.0233 60.7407 35.5285 56.7854 3.02857 
49.0 42.0 44.0 13.0 13.0
242.0 226.0 214.0 238.0 239.0 226.0 237.0 223.0 239.0 238.0 205.0 228.0
243.0 243.0 243.0 243.0 243.0 240.0 247.0 216.0 244.0 244.0 212.0 243.0
244.0 240.0 240.0 244.0 241.0 232.0 238.0 211.0 238.0 238.0 231.0 240.0
243.0 243.0 243.0 243.0 243.0 243.0 243.0 243.0 243.0 243.0 243.0 243.0
242.0 243.0 243.0 243.0 244.0 243.0 243.0 244.0 242.0 243.0 244.0 242.0
21.2728 78.9461 13.8423 38.9219 33.7984 60.7407 35.5285 56.7854 3.02857 
52.0 45.0 44.0 13.0 13.0
242.0 226.0 213.0 239.0 239.0 225.0 237.0 221.0 239.0 238.0 202.0 228.0
243.0 243.0 243.0 244.0 242.0 239.0 247.0 212.0 244.0 244.0 209.0 243.0
245.0 240.0 241.0 244.0 242.0 233.0 238.0 212.0 238.0 238.0 231.0 240.0
243.0 243.0 243.0 243.0 243.0 243.0 244.0 243.0 243.0 243.0 243.0 243.0
243.0 243.0 243.0 243.0 243.0 243.0 242.0 243.0 242.0 242.0 244.0 244.0
21.1364 79.1693 13.8423 39.4624 33.7984 60.3704 35.5285 56.7854 3.02857 
55.0 49.0 44.0 13.0 13.0
242.0 225.0 210.0 238.0 239.0 224.0 236.0 218.0 239.0 239.0 199.0 227.0
242.0 243.0 243.0 243.0 243.0 238.0 246.0 209.0 244.0 244.0 205.0 243.0
244.0 240.0 241.0 244.0 242.0 233.0 238.0 212.0 237.0 238.0 231.0 239.0
243.0 244.0 243.0 243.0 243.0 243.0 243.0 243.0 243.0 243.0 243.0 243.0
243.0 243.0 243.0 243.0 243.0 244.0 242.0 244.0 243.0 243.0 244.0 243.0
21.2728 79.1693 13.4577 40.003 33.7984 60.7407 35.5285 56.7854 3.02857 
57.0 51.0 43.0 12.0 13.0
242.0 225.0 209.0 238.0 239.0 223.0 236.0 218.0 239.0 239.0 198.0 228.0
243.0 243.0 243.0 243.0 243.0 239.0 247.0 210.0 244.0 244.0 204.0 243.0
245.0 240.0 241.0 244.0 242.0 233.0 238.0 211.0 237.0 238.0 231.0 239.0
243.0 244.0 243.0 243.0 243.0 243.0 243.0 243.0 243.0 243.0 243.0 243.0
244.0 243.0 242.0 244.0 243.0 244.0 243.0 243.0 243.0 243.0 243.0 243.0
21.1364 79.0577 13.8423 40.003 33.7984 60.7407 35.5285 56.7854 3.02857 
57.0 52.0 44.0 13.0 13.0
242.0 224.0 209.0 238.0 239.0 223.0 236.0 217.0 239.0 239.0 197.0 227.0
243.0 243.0 243.0 244.0 243.0 239.0 247.0 207.0 244.0 244.0 203.0 243.0
245.0 240.0 240.0 244.0 242.0 233.0 238.0 211.0 237.0 238.0 231.0 240.0
243.0 243.0 243.0 243.0 243.0 243.0 243.0 243.0 243.0 243.0 243.0 243.0
243.0 244.0 242.0 244.0 244.0 243.0 243.0 244.0 242.0 244.0 244.0 241.0
