-10000
20.8637 80.0621 15.7654 25.4084 30.6977 53.7037 31.7972 48.9015 5.57959 
28.0 21.0 26.0 13.0 12.0
243.0 235.0 227.0 240.0 241.0 233.0 239.0 232.0 241.0 240.0 228.0 236.0
243.0 243.0 243.0 244.0 243.0 242.0 244.0 238.0 244.0 244.0 234.0 243.0
244.0 243.0 241.0 244.0 241.0 240.0 240.0 229.0 238.0 239.0 231.0 241.0
242.0 243.0 243.0 243.0 243.0 243.0 243.0 242.0 243.0 243.0 242.0 243.0
244.0 244.0 242.0 243.0 244.0 244.0 242.0 242.0 243.0 243.0 243.0 243.0
21.1364 79.9505 17.3038 24.3273 29.9225 55.9259 32.5434 50.1463 6.0898 
30.0 25.0 28.0 13.0 13.0
242.0 232.0 226.0 240.0 240.0 232.0 239.0 231.0 240.0 240.0 225.0 233.0
243.0 243.0 243.0 243.0 243.0 242.0 244.0 235.0 243.0 244.0 229.0 242.0
244.0 242.0 241.0 244.0 242.0 240.0 239.0 226.0 238.0 239.0 230.0 241.0
242.0 244.0 243.0 243.0 243.0 243.0 243.0 243.0 243.0 243.0 243.0 243.0
243.0 243.0 242.0 243.0 243.0 243.0 242.0 244.0 243.0 243.0 243.0 243.0
21.2728 80.0621 16.5346 28.6516 29.5349 57.4074 33.2897 50.9762 6.0898 
36.0 30.0 32.0 13.0 13.0
242.0 231.0 221.0 240.0 240.0 230.0 238.0 228.0 240.0 239.0 218.0 232.0
243.0 243.0 243.0 243.0 242.0 241.0 244.0 231.0 244.0 244.0 224.0 243.0
244.0 242.0 241.0 245.0 242.0 239.0 240.0 223.0 238.0 239.0 230.0 241.0
243.0 243.0 243.0 243.0 243.0 243.0 243.0 242.0 243.0 244.0 243.0 243.0
243.0 243.0 243.0 243.0 243.0 243.0 243.0 244.0 243.0 242.0 243.0 243.0
21.2728 80.1737 15.7654 30.8138 30.3101 57.7778 34.4091 51.3912 5.57959 
42.0 35.0 35.0 13.0 13.0
242.0 230.0 219.0 240.0 240.0 227.0 238.0 226.0 240.0 239.0 212.0 231.0
243.0 243.0 243.0 244.0 243.0 241.0 244.0 225.0 244.0 244.0 218.0 243.0
244.0 242.0 241.0 245.0 243.0 238.0 240.0 219.0 237.0 238.0 230.0 242.0
243.0 244.0 243.0 243.0 243.0 243.0 243.0 243.0 243.0 243.0 243.0 243.0
243.0 243.0 242.0 243.0 243.0 243.0 242.0 243.0 243.0 243.0 243.0 243.0
21.2728 80.397 15.3808 31.3543 31.0853 57.7778 34.7822 51.8061 4.55918 
44.0 40.0 38.0 13.0 13.0
242.0 229.0 218.0 239.0 240.0 226.0 238.0 225.0 240.0 239.0 210.0 230.0
243.0 243.0 242.0 243.0 242.0 240.0 244.0 222.0 244.0 244.0 214.0 244.0
245.0 242.0 241.0 246.0 243.0 237.0 240.0 217.0 237.0 238.0 229.0 241.0
243.0 243.0 243.0 243.0 243.0 243.0 243.0 242.0 243.0 243.0 243.0 243.0
243.0 243.0 242.0 244.0 244.0 243.0 242.0 244.0 244.0 243.0 243.0 243.0
21.1364 80.397 14.6115 32.9759 31.8605 58.1481 35.1554 52.221 4.04898 
48.0 44.0 40.0 12.0 13.0
242.0 229.0 216.0 240.0 240.0 224.0 237.0 223.0 239.0 239.0 207.0 230.0
244.0 243.0 242.0 243.0 243.0 239.0 244.0 217.0 244.0 244.0 211.0 243.0
245.0 242.0 241.0 247.0 244.0 237.0 240.0 214.0 237.0 238.0 229.0 241.0
242.0 243.0 243.0 243.0 243.0 243.0 243.0 243.0 243.0 243.0 243.0 243.0
243.0 243.0 243.0 243.0 244.0 243.0 243.0 243.0 243.0 243.0 244.0 243.0
21.1364 80.5086 14.2269 34.5976 31.8605 60 35.5285 53.4659 3.53878 
50.0 43.0 45.0 12.0 12.0
242.0 229.0 215.0 239.0 240.0 223.0 237.0 221.0 239.0 239.0 205.0 230.0
243.0 243.0 242.0 244.0 243.0 239.0 245.0 212.0 244.0 244.0 211.0 243.0
245.0 242.0 241.0 247.0 244.0 235.0 240.0 211.0 237.0 237.0 229.0 241.0
243.0 243.0 243.0 243.0 243.0 243.0 243.0 243.0 243.0 243.0 243.0 242.0
243.0 243.0 243.0 243.0 243.0 243.0 243.0 243.0 243.0 243.0 243.0 243.0
21.2728 81.0666 13.8423 34.5976 32.6357 60 35.9016 54.2957 3.53878 
51.0 50.0 46.0 13.0 13.0
242.0 229.0 215.0 239.0 239.0 223.0 237.0 220.0 239.0 239.0 204.0 229.0
242.0 242.0 242.0 243.0 243.0 238.0 246.0 204.0 244.0 244.0 208.0 243.0
246.0 242.0 241.0 247.0 244.0 234.0 240.0 209.0 236.0 237.0 230.0 241.0
242.0 244.0 243.0 243.0 243.0 243.0 243.0 242.0 242.0 243.0 243.0 243.0
243.0 244.0 243.0 243.0 243.0 243.0 242.0 244.0 243.0 244.0 244.0 243.0
21.2728 80.955 13.8423 35.1381 32.6357 60 35.9016 53.8808 3.53878 
53.0 51.0 48.0 13.0 13.0
242.0 229.0 214.0 239.0 239.0 222.0 236.0 219.0 239.0 239.0 202.0 229.0
243.0 243.0 241.0 243.0 243.0 237.0 245.0 203.0 244.0 244.0 205.0 243.0
246.0 242.0 240.0 248.0 244.0 234.0 241.0 208.0 236.0 237.0 229.0 241.0
243.0 243.0 243.0 243.0 243.0 244.0 243.0 243.0 243.0 243.0 243.0 243.0
244.0 243.0 242.0 242.0 243.0 244.0 243.0 244.0 243.0 243.0 244.0 242.0
21.2728 80.955 13.4577 36.7597 33.0233 60 35.9016 54.2957 3.53878 
55.0 55.0 48.0 13.0 13.0
241.0 229.0 213.0 239.0 239.0 221.0 237.0 217.0 239.0 239.0 199.0 229.0
243.0 243.0 243.0 243.0 242.0 236.0 245.0 197.0 243.0 244.0 202.0 243.0
245.0 242.0 242.0 248.0 244.0 234.0 241.0 207.0 236.0 237.0 229.0 241.0
242.0 244.0 243.0 243.0 243.0 243.0 243.0 242.0 242.0 243.0 243.0 243.0
242.0 243.0 243.0 243.0 243.0 243.0 243.0 243.0 242.0 243.0 243.0 242.0
21.1364 80.955 13.0731 36.7597 33.4109 59.6296 36.2748 54.2957 3.02857 
57.0 60.0 48.0 13.0 13.0
241.0 229.0 213.0 239.0 239.0 220.0 236.0 216.0 239.0 239.0 198.0 229.0
243.0 243.0 241.0 244.0 243.0 236.0 245.0 195.0 244.0 244.0 201.0 242.0
246.0 242.0 241.0 248.0 244.0 233.0 241.0 205.0 235.0 237.0 229.0 242.0
243.0 244.0 243.0 243.0 243.0 243.0 243.0 242.0 242.0 243.0 242.0 243.0
242.0 243.0 243.0 243.0 243.0 243.0 243.0 243.0 242.0 243.0 244.0 243.0
21 80.8434 13.0731 36.7597 33.4109 60.3704 36.6479 54.2957 3.02857 
58.0 62.0 52.0 13.0 12.0
241.0 228.0 213.0 239.0 239.0 220.0 236.0 215.0 239.0 239.0 197.0 228.0
242.0 243.0 241.0 243.0 243.0 235.0 245.0 192.0 244.0 243.0 199.0 243.0
246.0 242.0 241.0 248.0 244.0 231.0 241.0 203.0 236.0 236.0 229.0 241.0
242.0 244.0 243.0 243.0 243.0 243.0 243.0 242.0 243.0 243.0 243.0 243.0
243.0 243.0 243.0 244.0 242.0 243.0 243.0 244.0 244.0 243.0 244.0 242.0
21.1364 80.7318 13.0731 37.3003 33.4109 60 36.6479 54.2957 3.02857 
59.0 63.0 53.0 13.0 13.0
241.0 228.0 212.0 239.0 239.0 220.0 237.0 215.0 239.0 239.0 196.0 228.0
243.0 243.0 241.0 243.0 242.0 236.0 245.0 191.0 244.0 244.0 198.0 243.0
246.0 242.0 241.0 248.0 244.0 231.0 241.0 202.0 235.0 237.0 228.0 240.0
242.0 243.0 243.0 244.0 243.0 243.0 243.0 243.0 243.0 243.0 242.0 243.0
243.0 243.0 243.0 243.0 243.0 243.0 242.0 244.0 242.0 243.0 244.0 243.0
21.2728 80.955 12.6885 37.3003 34.5736 60 37.021 55.1256 3.02857 
60.0 69.0 53.0 13.0 13.0
241.0 228.0 212.0 239.0 240.0 220.0 236.0 215.0 239.0 239.0 194.0 226.0
242.0 243.0 241.0 243.0 242.0 234.0 245.0 185.0 244.0 243.0 195.0 242.0
246.0 242.0 241.0 249.0 245.0 231.0 241.0 202.0 235.0 236.0 229.0 241.0
242.0 243.0 243.0 243.0 243.0 243.0 243.0 243.0 243.0 243.0 242.0 242.0
243.0 242.0 242.0 244.0 242.0 243.0 243.0 244.0 243.0 243.0 243.0 244.0
21.2728 80.955 12.6885 37.3003 34.5736 60 37.021 55.1256 3.02857 
60.0 71.0 53.0 12.0 13.0
242.0 228.0 212.0 239.0 239.0 221.0 236.0 215.0 239.0 240.0 194.0 226.0
243.0 243.0 240.0 243.0 242.0 234.0 245.0 184.0 244.0 243.0 194.0 243.0
246.0 242.0 241.0 249.0 245.0 231.0 241.0 202.0 235.0 236.0 230.0 240.0
243.0 244.0 243.0 243.0 243.0 243.0 244.0 242.0 242.0 244.0 243.0 243.0
242.0 242.0 243.0 242.0 243.0 244.0 242.0 243.0 243.0 242.0 244.0 244.0
21.2728 80.955 12.6885 37.3003 34.5736 60.3704 37.021 55.5405 3.53878 
61.0 72.0 53.0 13.0 13.0
242.0 228.0 212.0 238.0 239.0 220.0 236.0 215.0 239.0 239.0 194.0 226.0
242.0 243.0 241.0 243.0 243.0 234.0 245.0 183.0 244.0 243.0 194.0 243.0
246.0 242.0 241.0 249.0 245.0 231.0 241.0 202.0 235.0 236.0 230.0 240.0
243.0 243.0 244.0 243.0 243.0 242.0 244.0 243.0 243.0 243.0 242.0 242.0
244.0 243.0 243.0 243.0 242.0 243.0 242.0 243.0 242.0 244.0 244.0 242.0
