-10000
21.4091 80.5086 14.9962 24.8678 32.2481 56.6667 36.6479 48.4866 5.06939 
29.0 18.0 35.0 13.0 13.0
242.0 233.0 227.0 240.0 241.0 233.0 239.0 232.0 241.0 240.0 226.0 234.0
244.0 244.0 245.0 244.0 243.0 243.0 244.0 237.0 244.0 244.0 239.0 244.0
244.0 242.0 239.0 244.0 243.0 237.0 242.0 220.0 239.0 239.0 231.0 243.0
243.0 243.0 243.0 243.0 243.0 243.0 243.0 243.0 243.0 244.0 243.0 243.0
243.0 243.0 243.0 243.0 244.0 244.0 243.0 244.0 243.0 244.0 243.0 243.0
21.2728 80.2854 16.15 22.7057 31.8605 57.037 36.6479 48.4866 5.06939 
31.0 20.0 39.0 13.0 12.0
243.0 230.0 225.0 241.0 241.0 233.0 239.0 231.0 241.0 240.0 223.0 230.0
243.0 244.0 243.0 243.0 243.0 241.0 244.0 233.0 244.0 244.0 235.0 243.0
244.0 242.0 239.0 244.0 243.0 236.0 242.0 217.0 239.0 239.0 228.0 242.0
242.0 244.0 243.0 243.0 243.0 243.0 244.0 243.0 242.0 243.0 243.0 243.0
243.0 243.0 242.0 244.0 243.0 243.0 242.0 243.0 243.0 244.0 243.0 243.0
21.2728 80.1737 15.7654 26.4895 31.8605 58.5185 36.6479 49.3165 4.55918 
37.0 24.0 42.0 13.0 13.0
243.0 229.0 222.0 240.0 240.0 231.0 239.0 229.0 241.0 239.0 218.0 228.0
243.0 243.0 243.0 244.0 243.0 241.0 245.0 231.0 244.0 244.0 233.0 243.0
244.0 242.0 238.0 244.0 243.0 234.0 241.0 212.0 238.0 239.0 227.0 242.0
242.0 243.0 243.0 244.0 243.0 243.0 243.0 243.0 242.0 243.0 243.0 243.0
243.0 243.0 243.0 243.0 244.0 244.0 243.0 244.0 242.0 244.0 243.0 243.0
21.2728 80.1737 14.9962 29.1922 32.2481 59.2593 36.2748 50.5613 4.04898 
42.0 30.0 45.0 12.0 13.0
242.0 228.0 219.0 240.0 240.0 228.0 238.0 227.0 240.0 239.0 212.0 228.0
243.0 243.0 243.0 244.0 243.0 241.0 245.0 225.0 244.0 244.0 229.0 243.0
244.0 242.0 239.0 245.0 243.0 233.0 242.0 210.0 238.0 239.0 228.0 242.0
242.0 244.0 243.0 243.0 243.0 243.0 243.0 243.0 243.0 244.0 243.0 243.0
243.0 243.0 242.0 243.0 243.0 243.0 242.0 244.0 242.0 243.0 243.0 243.0
21.4091 80.5086 14.6115 30.2732 32.6357 59.2593 36.6479 51.3912 4.04898 
45.0 34.0 46.0 13.0 12.0
242.0 228.0 218.0 239.0 240.0 227.0 238.0 226.0 240.0 239.0 209.0 227.0
243.0 243.0 243.0 244.0 243.0 240.0 246.0 220.0 244.0 244.0 226.0 243.0
245.0 243.0 238.0 245.0 243.0 233.0 242.0 208.0 239.0 239.0 228.0 242.0
242.0 243.0 243.0 243.0 243.0 243.0 243.0 243.0 243.0 243.0 242.0 243.0
243.0 243.0 243.0 243.0 243.0 243.0 242.0 244.0 243.0 243.0 243.0 242.0
21.2728 80.6202 14.2269 32.4354 33.0233 59.6296 36.6479 52.221 4.04898 
47.0 38.0 50.0 13.0 13.0
242.0 228.0 216.0 239.0 240.0 225.0 237.0 223.0 240.0 239.0 206.0 227.0
243.0 243.0 244.0 244.0 243.0 240.0 246.0 217.0 244.0 245.0 224.0 243.0
245.0 242.0 238.0 246.0 244.0 232.0 242.0 205.0 238.0 238.0 228.0 242.0
243.0 243.0 243.0 243.0 243.0 243.0 243.0 242.0 243.0 244.0 243.0 243.0
243.0 243.0 243.0 244.0 243.0 243.0 242.0 243.0 244.0 242.0 243.0 243.0
21.2728 80.6202 13.8423 33.5165 33.0233 60 36.6479 53.0509 4.04898 
51.0 43.0 52.0 12.0 13.0
242.0 228.0 215.0 239.0 240.0 224.0 237.0 221.0 240.0 239.0 203.0 227.0
243.0 243.0 242.0 243.0 242.0 239.0 246.0 212.0 244.0 244.0 222.0 243.0
245.0 242.0 239.0 246.0 245.0 231.0 243.0 204.0 238.0 239.0 229.0 243.0
242.0 243.0 243.0 243.0 243.0 243.0 243.0 243.0 243.0 243.0 243.0 243.0
243.0 243.0 243.0 243.0 243.0 244.0 242.0 244.0 244.0 243.0 243.0 243.0
21.1364 80.6202 13.4577 34.5976 33.7984 60.3704 37.021 53.0509 3.53878 
54.0 50.0 53.0 13.0 12.0
242.0 228.0 214.0 239.0 239.0 223.0 237.0 220.0 239.0 239.0 201.0 227.0
243.0 243.0 243.0 243.0 243.0 238.0 247.0 203.0 244.0 244.0 219.0 243.0
245.0 242.0 239.0 247.0 244.0 230.0 243.0 201.0 237.0 238.0 229.0 243.0
243.0 244.0 243.0 244.0 244.0 243.0 243.0 243.0 243.0 243.0 243.0 243.0
243.0 243.0 243.0 243.0 243.0 244.0 243.0 244.0 243.0 243.0 244.0 242.0
21.1364 80.8434 13.4577 34.5976 34.186 60.7407 37.3942 53.4659 3.53878 
56.0 54.0 53.0 13.0 13.0
242.0 227.0 213.0 239.0 240.0 222.0 237.0 219.0 239.0 239.0 199.0 226.0
243.0 243.0 243.0 243.0 244.0 237.0 247.0 201.0 244.0 244.0 217.0 243.0
245.0 242.0 239.0 247.0 244.0 230.0 242.0 201.0 238.0 238.0 229.0 242.0
242.0 243.0 243.0 243.0 243.0 244.0 243.0 243.0 242.0 243.0 243.0 243.0
243.0 243.0 243.0 243.0 243.0 243.0 242.0 244.0 242.0 244.0 243.0 242.0
21.1364 80.955 13.0731 36.2192 33.7984 61.1111 37.3942 53.4659 3.53878 
57.0 55.0 57.0 12.0 13.0
242.0 228.0 212.0 239.0 239.0 221.0 237.0 218.0 239.0 239.0 197.0 226.0
243.0 243.0 242.0 243.0 242.0 237.0 246.0 198.0 244.0 244.0 217.0 243.0
245.0 242.0 239.0 248.0 245.0 229.0 242.0 199.0 238.0 238.0 229.0 242.0
243.0 244.0 243.0 243.0 243.0 243.0 243.0 243.0 243.0 243.0 243.0 243.0
243.0 243.0 243.0 243.0 243.0 243.0 243.0 243.0 243.0 243.0 244.0 243.0
21.1364 81.0666 13.0731 36.2192 34.186 60.7407 37.3942 53.8808 3.53878 
59.0 61.0 57.0 12.0 13.0
242.0 228.0 211.0 239.0 239.0 220.0 237.0 216.0 240.0 239.0 195.0 226.0
243.0 243.0 242.0 243.0 242.0 236.0 247.0 193.0 244.0 244.0 214.0 243.0
245.0 242.0 239.0 247.0 244.0 229.0 243.0 198.0 237.0 237.0 229.0 242.0
243.0 243.0 243.0 243.0 243.0 243.0 243.0 243.0 242.0 243.0 243.0 243.0
242.0 243.0 243.0 243.0 244.0 243.0 243.0 243.0 243.0 243.0 244.0 243.0
21.1364 81.2898 13.0731 36.2192 34.5736 60.3704 37.3942 54.7107 3.02857 
60.0 64.0 59.0 13.0 12.0
242.0 227.0 211.0 239.0 239.0 221.0 236.0 216.0 239.0 239.0 195.0 225.0
242.0 243.0 243.0 244.0 242.0 236.0 247.0 191.0 244.0 244.0 214.0 243.0
245.0 242.0 240.0 248.0 245.0 228.0 243.0 196.0 237.0 238.0 229.0 242.0
243.0 243.0 243.0 243.0 243.0 243.0 243.0 243.0 243.0 243.0 243.0 243.0
243.0 243.0 243.0 243.0 243.0 244.0 243.0 244.0 243.0 243.0 244.0 243.0
