-10000
21.4091 79.8389 16.15 9.19216 33.0233 59.6296 30.6778 50.9762 5.57959 
20.0 25.0 23.0 13.0 13.0
243.0 236.0 235.0 242.0 242.0 239.0 241.0 238.0 242.0 241.0 236.0 237.0
243.0 244.0 244.0 244.0 243.0 242.0 246.0 230.0 244.0 244.0 237.0 244.0
245.0 242.0 243.0 244.0 241.0 241.0 239.0 232.0 238.0 240.0 235.0 241.0
242.0 244.0 243.0 243.0 243.0 243.0 243.0 243.0 243.0 243.0 243.0 243.0
243.0 243.0 243.0 242.0 243.0 243.0 243.0 244.0 243.0 243.0 243.0 243.0
21.2728 79.7273 16.5346 12.4354 33.0233 59.6296 32.5434 50.5613 6.0898 
21.0 28.0 26.0 13.0 13.0
243.0 233.0 233.0 241.0 242.0 238.0 240.0 237.0 241.0 241.0 234.0 232.0
243.0 243.0 243.0 244.0 243.0 241.0 246.0 226.0 244.0 244.0 233.0 243.0
245.0 241.0 243.0 244.0 241.0 240.0 239.0 229.0 238.0 239.0 234.0 241.0
242.0 243.0 243.0 243.0 243.0 243.0 243.0 242.0 242.0 243.0 243.0 242.0
243.0 242.0 244.0 243.0 243.0 243.0 243.0 243.0 243.0 243.0 244.0 243.0
21.2728 79.6157 14.9962 27.5705 32.6357 59.6296 34.036 50.5613 6.0898 
33.0 33.0 28.0 13.0 12.0
242.0 228.0 225.0 240.0 241.0 233.0 239.0 231.0 241.0 240.0 221.0 227.0
243.0 243.0 243.0 243.0 243.0 240.0 246.0 221.0 244.0 244.0 226.0 243.0
245.0 242.0 242.0 244.0 242.0 240.0 240.0 227.0 238.0 239.0 233.0 241.0
242.0 244.0 243.0 243.0 243.0 243.0 243.0 243.0 243.0 243.0 243.0 243.0
243.0 244.0 242.0 243.0 243.0 243.0 243.0 244.0 243.0 243.0 244.0 242.0
21.4091 79.7273 14.2269 32.4354 32.6357 59.6296 34.7822 50.5613 6.0898 
42.0 36.0 29.0 13.0 13.0
242.0 229.0 220.0 239.0 240.0 228.0 238.0 226.0 240.0 239.0 212.0 229.0
243.0 243.0 243.0 243.0 243.0 240.0 246.0 218.0 244.0 244.0 221.0 243.0
245.0 241.0 243.0 245.0 243.0 240.0 240.0 225.0 238.0 239.0 233.0 241.0
243.0 244.0 243.0 243.0 243.0 243.0 243.0 243.0 243.0 243.0 243.0 243.0
243.0 244.0 243.0 243.0 243.0 243.0 243.0 244.0 243.0 242.0 244.0 243.0
21.4091 79.8389 13.8423 35.6786 33.0233 60 35.1554 51.3912 6.0898 
47.0 41.0 32.0 12.0 13.0
242.0 230.0 218.0 239.0 240.0 226.0 237.0 223.0 240.0 239.0 207.0 230.0
243.0 243.0 243.0 243.0 242.0 239.0 246.0 212.0 244.0 244.0 219.0 243.0
245.0 242.0 243.0 246.0 243.0 239.0 239.0 223.0 238.0 239.0 233.0 241.0
243.0 244.0 242.0 243.0 243.0 243.0 243.0 242.0 242.0 244.0 243.0 243.0
243.0 243.0 243.0 242.0 243.0 243.0 243.0 244.0 242.0 244.0 244.0 243.0
21.4091 79.9505 13.4577 36.7597 33.0233 60.7407 35.9016 52.221 6.0898 
50.0 46.0 34.0 13.0 13.0
242.0 229.0 216.0 239.0 240.0 225.0 237.0 221.0 239.0 239.0 204.0 229.0
243.0 243.0 243.0 243.0 243.0 238.0 246.0 208.0 244.0 244.0 217.0 243.0
245.0 242.0 243.0 246.0 244.0 238.0 240.0 221.0 237.0 239.0 233.0 241.0
243.0 243.0 243.0 243.0 243.0 243.0 243.0 243.0 243.0 243.0 243.0 243.0
242.0 243.0 242.0 243.0 244.0 243.0 242.0 244.0 243.0 243.0 244.0 243.0
21.2728 80.0621 13.0731 37.3003 33.7984 60.3704 36.2748 52.636 6.0898 
53.0 52.0 36.0 13.0 14.0
242.0 229.0 216.0 239.0 239.0 224.0 237.0 220.0 239.0 239.0 202.0 229.0
243.0 243.0 242.0 243.0 243.0 238.0 246.0 202.0 244.0 244.0 214.0 243.0
245.0 241.0 242.0 247.0 244.0 238.0 240.0 219.0 237.0 238.0 233.0 241.0
243.0 243.0 243.0 243.0 243.0 243.0 243.0 243.0 243.0 243.0 243.0 242.0
244.0 243.0 243.0 244.0 243.0 243.0 242.0 244.0 243.0 243.0 244.0 243.0
21.1364 80.0621 12.6885 38.9219 33.7984 61.1111 36.6479 53.4659 5.57959 
55.0 55.0 37.0 12.0 12.0
242.0 228.0 214.0 239.0 239.0 223.0 237.0 217.0 239.0 239.0 199.0 229.0
243.0 243.0 243.0 243.0 243.0 237.0 246.0 199.0 244.0 244.0 214.0 243.0
246.0 242.0 243.0 247.0 244.0 237.0 240.0 216.0 236.0 238.0 233.0 241.0
243.0 244.0 244.0 243.0 243.0 243.0 243.0 243.0 243.0 243.0 243.0 243.0
243.0 242.0 243.0 244.0 242.0 243.0 244.0 243.0 243.0 244.0 243.0 243.0
21.2728 80.0621 12.6885 39.4624 33.7984 60.7407 36.6479 53.4659 5.06939 
58.0 58.0 41.0 12.0 13.0
242.0 228.0 213.0 239.0 239.0 222.0 236.0 215.0 239.0 239.0 196.0 229.0
243.0 243.0 243.0 243.0 243.0 237.0 246.0 197.0 244.0 244.0 212.0 243.0
245.0 241.0 243.0 248.0 244.0 237.0 239.0 214.0 236.0 238.0 232.0 241.0
243.0 244.0 243.0 243.0 243.0 243.0 243.0 243.0 243.0 243.0 243.0 243.0
244.0 244.0 242.0 243.0 243.0 243.0 243.0 243.0 242.0 244.0 243.0 243.0
21.2728 80.2854 12.6885 39.4624 34.5736 60.7407 37.021 53.8808 4.55918 
60.0 62.0 42.0 12.0 12.0
242.0 228.0 212.0 238.0 239.0 221.0 236.0 215.0 239.0 239.0 195.0 228.0
243.0 243.0 242.0 243.0 242.0 236.0 246.0 193.0 244.0 244.0 209.0 243.0
246.0 241.0 243.0 248.0 244.0 236.0 239.0 213.0 236.0 238.0 232.0 241.0
242.0 244.0 243.0 243.0 243.0 243.0 244.0 243.0 243.0 243.0 242.0 243.0
243.0 243.0 243.0 243.0 243.0 244.0 243.0 244.0 242.0 244.0 244.0 243.0
21.2728 80.2854 12.6885 39.4624 34.5736 60.7407 37.021 54.2957 4.04898 
61.0 64.0 44.0 12.0 12.0
242.0 227.0 211.0 238.0 239.0 222.0 236.0 214.0 239.0 239.0 194.0 228.0
242.0 243.0 242.0 243.0 242.0 236.0 246.0 191.0 244.0 244.0 209.0 243.0
245.0 241.0 243.0 248.0 245.0 235.0 239.0 211.0 236.0 237.0 232.0 241.0
243.0 243.0 243.0 243.0 243.0 243.0 243.0 242.0 242.0 243.0 243.0 243.0
243.0 244.0 243.0 243.0 244.0 243.0 244.0 244.0 242.0 243.0 243.0 243.0
21.1364 80.1737 12.6885 38.9219 34.5736 61.1111 36.6479 54.7107 4.04898 
62.0 67.0 46.0 13.0 13.0
242.0 226.0 210.0 238.0 239.0 221.0 236.0 214.0 239.0 239.0 192.0 227.0
242.0 243.0 242.0 243.0 242.0 235.0 246.0 188.0 244.0 244.0 208.0 243.0
246.0 241.0 244.0 248.0 244.0 234.0 240.0 208.0 235.0 237.0 231.0 241.0
243.0 243.0 243.0 243.0 243.0 243.0 243.0 243.0 243.0 243.0 243.0 243.0
243.0 242.0 244.0 242.0 243.0 243.0 244.0 244.0 242.0 244.0 243.0 244.0
21.1364 80.1737 12.6885 40.5435 34.186 61.8519 36.6479 55.1256 4.04898 
64.0 69.0 47.0 13.0 12.0
242.0 226.0 209.0 238.0 239.0 220.0 236.0 211.0 239.0 239.0 190.0 227.0
243.0 243.0 242.0 244.0 242.0 235.0 246.0 184.0 244.0 244.0 208.0 243.0
246.0 242.0 243.0 249.0 244.0 233.0 239.0 207.0 235.0 237.0 231.0 241.0
242.0 243.0 243.0 243.0 243.0 243.0 243.0 243.0 243.0 243.0 243.0 243.0
244.0 244.0 242.0 244.0 243.0 244.0 243.0 243.0 244.0 243.0 243.0 242.0
21 80.397 12.3038 40.5435 34.9612 61.1111 37.021 55.1256 4.04898 
66.0 76.0 46.0 13.0 13.0
242.0 226.0 208.0 238.0 239.0 220.0 236.0 211.0 239.0 239.0 189.0 227.0
242.0 243.0 242.0 243.0 243.0 233.0 246.0 179.0 243.0 244.0 204.0 243.0
246.0 241.0 244.0 248.0 244.0 234.0 239.0 210.0 235.0 237.0 232.0 241.0
243.0 244.0 243.0 243.0 243.0 243.0 243.0 243.0 243.0 243.0 243.0 243.0
242.0 244.0 242.0 243.0 242.0 244.0 241.0 244.0 242.0 244.0 243.0 243.0
21 80.5086 12.3038 40.5435 34.9612 61.4815 37.021 55.1256 4.04898 
66.0 78.0 46.0 12.0 13.0
242.0 225.0 208.0 238.0 239.0 220.0 236.0 211.0 239.0 239.0 189.0 227.0
243.0 243.0 242.0 243.0 242.0 233.0 246.0 177.0 244.0 244.0 205.0 243.0
246.0 242.0 244.0 249.0 245.0 234.0 239.0 209.0 235.0 237.0 232.0 240.0
243.0 244.0 243.0 243.0 243.0 243.0 243.0 243.0 243.0 243.0 243.0 243.0
243.0 243.0 244.0 244.0 243.0 243.0 244.0 244.0 243.0 244.0 243.0 243.0
21.1364 80.5086 12.3038 40.5435 34.9612 61.4815 37.021 55.1256 4.04898 
67.0 79.0 45.0 13.0 13.0
241.0 225.0 207.0 238.0 239.0 220.0 236.0 211.0 239.0 239.0 188.0 226.0
243.0 243.0 242.0 243.0 242.0 233.0 246.0 176.0 243.0 243.0 203.0 243.0
246.0 242.0 243.0 249.0 245.0 234.0 240.0 210.0 235.0 237.0 233.0 240.0
243.0 243.0 243.0 243.0 243.0 243.0 243.0 243.0 242.0 243.0 243.0 243.0
243.0 243.0 243.0 243.0 243.0 244.0 244.0 244.0 244.0 243.0 244.0 243.0
