-10000
19.9091 79.8389 10.7654 30.8138 31.8605 46.6667 31.0509 39.7729 82.1102 
28.0 19.0 16.0 12.0 12.0
242.0 238.0 227.0 241.0 241.0 232.0 239.0 231.0 241.0 242.0 230.0 239.0
244.0 243.0 240.0 244.0 244.0 237.0 244.0 239.0 244.0 244.0 242.0 244.0
245.0 244.0 240.0 245.0 240.0 243.0 242.0 240.0 242.0 241.0 240.0 240.0
244.0 243.0 243.0 243.0 244.0 243.0 244.0 243.0 244.0 244.0 244.0 244.0
243.0 244.0 244.0 244.0 245.0 244.0 244.0 243.0 244.0 244.0 243.0 243.0
19.9091 79.8389 19.2269 29.1922 31.8605 48.1481 31.0509 40.6028 82.6204 
34.0 19.0 17.0 12.0 12.0
242.0 237.0 222.0 240.0 240.0 226.0 237.0 226.0 240.0 241.0 226.0 238.0
244.0 244.0 241.0 244.0 244.0 235.0 244.0 239.0 244.0 244.0 242.0 244.0
245.0 244.0 239.0 245.0 239.0 242.0 242.0 238.0 241.0 241.0 237.0 240.0
244.0 243.0 243.0 243.0 244.0 243.0 244.0 244.0 243.0 244.0 243.0 244.0
243.0 244.0 244.0 243.0 246.0 244.0 245.0 243.0 244.0 244.0 244.0 243.0
19.5 79.6157 19.6115 28.1111 31.8605 48.1481 31.0509 41.4327 83.1306 
37.0 21.0 18.0 12.0 11.0
242.0 236.0 218.0 240.0 240.0 224.0 237.0 225.0 240.0 240.0 224.0 238.0
243.0 244.0 240.0 244.0 244.0 234.0 244.0 237.0 244.0 244.0 242.0 243.0
246.0 244.0 239.0 245.0 240.0 241.0 242.0 238.0 241.0 241.0 237.0 240.0
244.0 243.0 243.0 243.0 244.0 243.0 244.0 244.0 243.0 244.0 243.0 243.0
243.0 244.0 245.0 244.0 245.0 244.0 245.0 244.0 244.0 244.0 244.0 244.0
19.3637 79.8389 19.6115 27.5705 32.2481 48.5185 31.424 41.8476 83.1306 
37.0 23.0 18.0 12.0 12.0
242.0 236.0 218.0 240.0 240.0 223.0 238.0 225.0 240.0 241.0 223.0 238.0
244.0 243.0 239.0 244.0 244.0 231.0 245.0 237.0 244.0 244.0 242.0 244.0
245.0 244.0 238.0 245.0 240.0 242.0 241.0 237.0 241.0 240.0 237.0 240.0
244.0 243.0 243.0 243.0 244.0 243.0 244.0 244.0 244.0 244.0 244.0 244.0
244.0 244.0 244.0 244.0 245.0 244.0 244.0 244.0 244.0 244.0 243.0 244.0
19.5 80.2854 18.8423 25.9489 33.4109 48.1481 32.5434 42.2625 83.1306 
39.0 27.0 20.0 12.0 12.0
242.0 234.0 217.0 239.0 240.0 224.0 238.0 226.0 240.0 240.0 222.0 237.0
244.0 243.0 237.0 244.0 244.0 226.0 245.0 236.0 244.0 243.0 242.0 244.0
246.0 244.0 237.0 245.0 240.0 240.0 241.0 234.0 240.0 239.0 235.0 240.0
243.0 243.0 244.0 243.0 243.0 243.0 243.0 243.0 244.0 244.0 244.0 243.0
244.0 243.0 244.0 243.0 245.0 244.0 244.0 243.0 244.0 244.0 244.0 243.0
20.0455 80.5086 18.4577 24.3273 34.5736 48.5185 34.036 42.2625 83.1306 
38.0 29.0 22.0 12.0 12.0
242.0 233.0 217.0 240.0 240.0 225.0 238.0 227.0 240.0 241.0 222.0 236.0
244.0 243.0 238.0 244.0 244.0 226.0 245.0 235.0 244.0 244.0 241.0 244.0
245.0 243.0 238.0 246.0 240.0 240.0 241.0 232.0 240.0 240.0 234.0 240.0
243.0 244.0 244.0 243.0 243.0 243.0 244.0 244.0 244.0 243.0 243.0 244.0
243.0 244.0 244.0 244.0 245.0 244.0 244.0 243.0 244.0 244.0 244.0 243.0
19.9091 80.397 17.6885 23.7868 34.9612 48.1481 34.4091 42.2625 83.1306 
38.0 31.0 24.0 12.0 12.0
242.0 232.0 217.0 240.0 240.0 226.0 238.0 229.0 240.0 240.0 222.0 236.0
243.0 244.0 237.0 244.0 244.0 224.0 246.0 233.0 244.0 244.0 242.0 244.0
245.0 243.0 237.0 245.0 241.0 239.0 242.0 230.0 240.0 239.0 233.0 241.0
244.0 243.0 243.0 243.0 243.0 243.0 244.0 244.0 244.0 244.0 243.0 244.0
242.0 243.0 244.0 244.0 244.0 244.0 244.0 243.0 244.0 244.0 244.0 244.0
20.3182 80.397 17.3038 23.2462 35.3488 49.2593 35.1554 41.8476 83.1306 
38.0 31.0 26.0 12.0 13.0
242.0 231.0 217.0 240.0 241.0 226.0 239.0 228.0 241.0 241.0 221.0 235.0
243.0 244.0 238.0 244.0 244.0 224.0 245.0 234.0 244.0 244.0 241.0 244.0
245.0 243.0 237.0 245.0 240.0 238.0 242.0 227.0 240.0 239.0 232.0 240.0
244.0 244.0 243.0 243.0 244.0 244.0 244.0 243.0 243.0 244.0 243.0 244.0
243.0 244.0 244.0 244.0 244.0 244.0 244.0 243.0 244.0 244.0 244.0 243.0
