-10000
20.3182 79.9505 8.45769 32.4354 31.8605 48.1481 32.9166 39.7729 83.1306 
28.0 17.0 19.0 12.0 13.0
243.0 238.0 227.0 240.0 241.0 230.0 238.0 230.0 241.0 241.0 231.0 240.0
244.0 243.0 241.0 244.0 244.0 238.0 244.0 240.0 244.0 244.0 243.0 243.0
244.0 243.0 240.0 243.0 239.0 241.0 241.0 236.0 241.0 240.0 237.0 242.0
244.0 243.0 244.0 243.0 244.0 244.0 244.0 243.0 244.0 243.0 244.0 244.0
243.0 244.0 244.0 243.0 244.0 244.0 244.0 243.0 244.0 244.0 243.0 243.0
20.1819 80.0621 16.5346 30.8138 33.4109 48.5185 33.2897 40.6028 84.151 
32.0 20.0 20.0 12.0 13.0
243.0 238.0 222.0 240.0 240.0 225.0 237.0 225.0 240.0 241.0 227.0 239.0
244.0 244.0 239.0 244.0 244.0 235.0 244.0 238.0 244.0 243.0 242.0 244.0
244.0 243.0 239.0 243.0 240.0 241.0 241.0 235.0 240.0 240.0 235.0 241.0
243.0 243.0 243.0 243.0 243.0 243.0 244.0 244.0 244.0 243.0 244.0 244.0
242.0 244.0 244.0 244.0 244.0 244.0 244.0 243.0 243.0 244.0 243.0 244.0
19.6364 79.9505 17.6885 29.1922 34.186 48.1481 33.6628 40.6028 84.151 
37.0 22.0 23.0 12.0 12.0
242.0 237.0 217.0 239.0 240.0 221.0 236.0 221.0 240.0 240.0 224.0 239.0
243.0 244.0 238.0 244.0 244.0 232.0 244.0 239.0 243.0 244.0 242.0 243.0
244.0 244.0 240.0 244.0 240.0 240.0 242.0 232.0 240.0 239.0 235.0 241.0
243.0 243.0 243.0 243.0 244.0 243.0 244.0 244.0 243.0 244.0 244.0 243.0
243.0 244.0 244.0 244.0 245.0 244.0 244.0 243.0 244.0 245.0 243.0 243.0
19.6364 79.9505 17.6885 27.5705 34.5736 47.7778 34.4091 40.6028 84.151 
39.0 26.0 26.0 12.0 13.0
242.0 236.0 216.0 240.0 240.0 220.0 236.0 222.0 240.0 240.0 221.0 238.0
244.0 244.0 238.0 244.0 244.0 229.0 245.0 237.0 244.0 244.0 241.0 244.0
244.0 243.0 239.0 244.0 240.0 239.0 241.0 228.0 240.0 239.0 232.0 241.0
243.0 243.0 243.0 243.0 244.0 243.0 244.0 244.0 243.0 243.0 244.0 244.0
242.0 244.0 245.0 244.0 244.0 243.0 244.0 243.0 244.0 243.0 244.0 244.0
19.7728 80.397 17.3038 26.4895 35.7364 47.7778 35.1554 40.1878 83.6408 
41.0 29.0 29.0 12.0 13.0
242.0 235.0 214.0 239.0 240.0 220.0 237.0 222.0 240.0 240.0 220.0 237.0
243.0 244.0 237.0 244.0 244.0 226.0 245.0 237.0 244.0 244.0 242.0 244.0
244.0 243.0 238.0 244.0 240.0 237.0 241.0 225.0 239.0 239.0 231.0 241.0
244.0 243.0 244.0 244.0 243.0 243.0 244.0 244.0 244.0 244.0 243.0 243.0
243.0 244.0 244.0 242.0 245.0 244.0 244.0 243.0 244.0 244.0 244.0 244.0
19.7728 80.397 16.9192 26.4895 35.7364 48.1481 35.5285 41.0177 83.6408 
41.0 28.0 31.0 12.0 12.0
242.0 235.0 214.0 239.0 240.0 220.0 237.0 222.0 240.0 240.0 219.0 237.0
244.0 244.0 238.0 244.0 244.0 225.0 245.0 236.0 244.0 244.0 242.0 244.0
244.0 243.0 238.0 244.0 240.0 237.0 241.0 223.0 239.0 239.0 230.0 241.0
243.0 243.0 243.0 243.0 244.0 243.0 244.0 244.0 243.0 243.0 244.0 243.0
244.0 244.0 244.0 244.0 245.0 244.0 244.0 242.0 244.0 244.0 243.0 244.0
19.5 80.2854 16.9192 26.4895 35.7364 48.1481 35.5285 41.0177 83.6408 
41.0 29.0 32.0 12.0 12.0
242.0 234.0 214.0 239.0 240.0 220.0 237.0 223.0 240.0 240.0 219.0 237.0
244.0 244.0 238.0 244.0 244.0 227.0 245.0 236.0 244.0 244.0 242.0 243.0
245.0 244.0 239.0 244.0 240.0 237.0 240.0 223.0 240.0 238.0 231.0 241.0
243.0 243.0 243.0 244.0 244.0 243.0 244.0 244.0 243.0 243.0 244.0 244.0
243.0 244.0 244.0 244.0 244.0 243.0 244.0 243.0 244.0 243.0 243.0 244.0
