-10000
19.7728 79.6157 16.5346 29.1922 29.9225 45.9259 24.3345 39.358 81.6 
30.0 19.0 18.0 12.0 12.0
242.0 238.0 226.0 240.0 240.0 227.0 237.0 227.0 240.0 241.0 228.0 239.0
244.0 244.0 240.0 244.0 244.0 236.0 244.0 239.0 244.0 244.0 242.0 244.0
244.0 244.0 240.0 242.0 238.0 242.0 240.0 238.0 241.0 240.0 238.0 241.0
244.0 243.0 244.0 243.0 244.0 243.0 244.0 243.0 243.0 244.0 244.0 244.0
244.0 244.0 245.0 244.0 246.0 244.0 245.0 242.0 245.0 244.0 244.0 243.0
19.5 79.8389 18.4577 28.6516 30.6977 46.6667 25.0807 41.8476 82.6204 
31.0 22.0 19.0 12.0 12.0
243.0 238.0 223.0 240.0 240.0 224.0 237.0 225.0 240.0 240.0 227.0 240.0
243.0 244.0 240.0 244.0 244.0 233.0 244.0 237.0 244.0 243.0 242.0 244.0
244.0 244.0 239.0 242.0 239.0 240.0 240.0 236.0 240.0 239.0 236.0 241.0
244.0 243.0 243.0 244.0 243.0 243.0 244.0 243.0 243.0 244.0 244.0 243.0
243.0 244.0 245.0 244.0 246.0 244.0 245.0 244.0 244.0 244.0 244.0 243.0
19.5 80.7318 18.8423 29.1922 32.6357 47.4074 29.9315 41.4327 83.1306 
34.0 26.0 23.0 12.0 13.0
242.0 238.0 221.0 239.0 240.0 223.0 236.0 224.0 240.0 240.0 226.0 240.0
244.0 244.0 239.0 243.0 244.0 230.0 244.0 235.0 244.0 244.0 243.0 243.0
243.0 243.0 237.0 243.0 238.0 240.0 240.0 232.0 238.0 238.0 235.0 242.0
243.0 243.0 243.0 243.0 244.0 243.0 244.0 244.0 244.0 243.0 244.0 244.0
243.0 244.0 244.0 244.0 246.0 243.0 244.0 243.0 244.0 244.0 243.0 243.0
19.5 81.0666 18.8423 28.6516 33.4109 48.1481 32.5434 41.8476 83.1306 
35.0 28.0 25.0 12.0 12.0
242.0 237.0 220.0 240.0 240.0 221.0 236.0 223.0 240.0 240.0 225.0 239.0
243.0 244.0 239.0 244.0 244.0 227.0 244.0 234.0 244.0 244.0 243.0 244.0
244.0 243.0 237.0 242.0 239.0 239.0 240.0 229.0 239.0 238.0 234.0 241.0
243.0 243.0 243.0 243.0 244.0 243.0 244.0 243.0 243.0 244.0 244.0 243.0
243.0 244.0 244.0 243.0 245.0 244.0 244.0 243.0 244.0 243.0 244.0 244.0
19.3637 81.1782 18.0731 28.1111 34.5736 48.1481 33.2897 41.4327 83.1306 
37.0 29.0 29.0 12.0 12.0
242.0 236.0 218.0 239.0 239.0 220.0 236.0 222.0 240.0 240.0 224.0 239.0
244.0 243.0 238.0 244.0 244.0 225.0 244.0 233.0 244.0 244.0 243.0 244.0
244.0 242.0 238.0 242.0 239.0 238.0 240.0 226.0 238.0 238.0 233.0 241.0
244.0 243.0 243.0 243.0 244.0 243.0 244.0 244.0 243.0 244.0 243.0 244.0
243.0 244.0 244.0 243.0 244.0 243.0 244.0 244.0 244.0 244.0 243.0 244.0
20.0455 81.4014 17.3038 28.1111 35.3488 48.5185 34.4091 41.8476 82.6204 
38.0 33.0 31.0 12.0 13.0
242.0 236.0 217.0 240.0 239.0 221.0 236.0 222.0 240.0 240.0 222.0 238.0
243.0 243.0 238.0 244.0 244.0 221.0 244.0 232.0 244.0 244.0 242.0 243.0
244.0 242.0 236.0 242.0 238.0 236.0 240.0 224.0 238.0 237.0 234.0 241.0
244.0 243.0 244.0 243.0 244.0 243.0 243.0 243.0 244.0 244.0 244.0 243.0
242.0 244.0 244.0 244.0 244.0 244.0 244.0 243.0 244.0 244.0 243.0 243.0
20.591 81.6246 16.5346 27.5705 36.124 48.5185 35.1554 42.2625 82.6204 
39.0 34.0 33.0 12.0 12.0
242.0 235.0 216.0 239.0 239.0 219.0 236.0 222.0 240.0 240.0 221.0 238.0
243.0 244.0 238.0 243.0 244.0 221.0 245.0 231.0 244.0 244.0 243.0 243.0
244.0 242.0 237.0 243.0 239.0 236.0 240.0 221.0 238.0 238.0 232.0 241.0
244.0 244.0 243.0 243.0 244.0 243.0 244.0 243.0 243.0 244.0 244.0 244.0
243.0 244.0 244.0 243.0 245.0 244.0 244.0 244.0 244.0 244.0 243.0 244.0
