-10000
19.7728 79.9505 9.61154 30.8138 33.4109 47.7778 30.3046 39.7729 82.6204 
26.0 20.0 21.0 12.0 12.0
242.0 238.0 228.0 241.0 241.0 233.0 239.0 232.0 241.0 242.0 232.0 239.0
244.0 244.0 239.0 244.0 244.0 236.0 244.0 238.0 244.0 244.0 242.0 244.0
245.0 243.0 240.0 243.0 238.0 241.0 240.0 238.0 241.0 240.0 236.0 240.0
244.0 243.0 244.0 244.0 244.0 243.0 244.0 244.0 243.0 244.0 244.0 243.0
243.0 243.0 244.0 244.0 245.0 244.0 244.0 244.0 244.0 243.0 244.0 244.0
19.6364 79.9505 18.0731 28.1111 33.4109 48.1481 30.3046 41.4327 83.1306 
31.0 19.0 21.0 12.0 13.0
243.0 236.0 224.0 240.0 240.0 229.0 238.0 228.0 240.0 241.0 227.0 238.0
243.0 243.0 239.0 244.0 244.0 235.0 244.0 238.0 244.0 243.0 242.0 244.0
245.0 243.0 240.0 244.0 239.0 240.0 240.0 236.0 241.0 239.0 233.0 240.0
244.0 243.0 243.0 244.0 243.0 243.0 244.0 244.0 243.0 244.0 243.0 244.0
243.0 243.0 244.0 244.0 245.0 244.0 244.0 243.0 244.0 244.0 244.0 244.0
19.9091 79.9505 18.4577 27.03 33.4109 48.5185 31.7972 41.4327 83.1306 
34.0 22.0 22.0 12.0 12.0
242.0 235.0 221.0 240.0 240.0 227.0 238.0 226.0 240.0 241.0 225.0 237.0
244.0 244.0 237.0 244.0 244.0 233.0 244.0 237.0 244.0 244.0 242.0 244.0
245.0 244.0 239.0 244.0 239.0 241.0 241.0 235.0 240.0 239.0 233.0 240.0
243.0 244.0 244.0 243.0 243.0 243.0 244.0 244.0 243.0 244.0 244.0 244.0
243.0 244.0 244.0 244.0 246.0 244.0 244.0 244.0 244.0 244.0 244.0 243.0
19.6364 79.9505 18.0731 25.9489 34.186 48.1481 33.6628 41.8476 83.6408 
35.0 23.0 23.0 12.0 12.0
242.0 234.0 220.0 240.0 240.0 228.0 238.0 227.0 241.0 241.0 225.0 237.0
243.0 244.0 236.0 244.0 244.0 231.0 244.0 236.0 244.0 244.0 242.0 244.0
244.0 244.0 239.0 244.0 239.0 241.0 241.0 233.0 240.0 239.0 232.0 241.0
244.0 243.0 243.0 243.0 244.0 243.0 244.0 243.0 244.0 244.0 244.0 244.0
243.0 244.0 244.0 244.0 246.0 244.0 244.0 243.0 244.0 244.0 243.0 244.0
19.5 80.1737 17.3038 24.8678 35.3488 48.5185 34.4091 42.2625 83.1306 
35.0 27.0 24.0 12.0 11.0
242.0 233.0 220.0 240.0 240.0 228.0 238.0 228.0 240.0 241.0 224.0 236.0
243.0 244.0 235.0 244.0 244.0 228.0 245.0 234.0 244.0 244.0 242.0 244.0
245.0 243.0 239.0 244.0 239.0 241.0 241.0 231.0 240.0 239.0 232.0 241.0
243.0 243.0 244.0 243.0 243.0 243.0 244.0 244.0 243.0 243.0 243.0 244.0
244.0 244.0 245.0 244.0 246.0 244.0 245.0 244.0 244.0 244.0 244.0 244.0
19.6364 80.5086 17.3038 23.7868 35.7364 48.8889 35.1554 41.8476 83.6408 
35.0 29.0 26.0 12.0 11.0
243.0 232.0 220.0 240.0 240.0 228.0 238.0 229.0 240.0 241.0 225.0 235.0
244.0 243.0 236.0 243.0 244.0 225.0 245.0 233.0 243.0 244.0 241.0 244.0
245.0 244.0 239.0 244.0 239.0 240.0 240.0 230.0 240.0 239.0 231.0 240.0
244.0 243.0 244.0 244.0 243.0 243.0 243.0 244.0 244.0 244.0 243.0 243.0
244.0 244.0 246.0 244.0 244.0 245.0 244.0 243.0 244.0 244.0 244.0 244.0
20.1819 80.5086 16.9192 23.7868 35.7364 49.6296 35.5285 42.2625 83.1306 
35.0 29.0 29.0 12.0 12.0
242.0 231.0 220.0 240.0 240.0 228.0 239.0 229.0 241.0 241.0 225.0 235.0
244.0 244.0 236.0 244.0 244.0 226.0 244.0 233.0 244.0 244.0 242.0 244.0
245.0 243.0 239.0 245.0 239.0 239.0 240.0 227.0 240.0 239.0 229.0 240.0
244.0 244.0 244.0 243.0 244.0 243.0 243.0 244.0 243.0 244.0 243.0 243.0
244.0 244.0 244.0 244.0 245.0 245.0 244.0 244.0 244.0 244.0 244.0 244.0
20.0455 80.5086 16.5346 23.2462 36.124 50 35.9016 41.8476 83.1306 
34.0 30.0 30.0 12.0 12.0
242.0 231.0 220.0 240.0 240.0 229.0 238.0 229.0 241.0 242.0 224.0 234.0
243.0 244.0 236.0 244.0 244.0 225.0 245.0 233.0 244.0 244.0 242.0 244.0
245.0 243.0 238.0 245.0 239.0 238.0 240.0 224.0 239.0 239.0 228.0 240.0
244.0 244.0 244.0 244.0 244.0 243.0 243.0 244.0 244.0 244.0 243.0 244.0
244.0 244.0 244.0 244.0 245.0 244.0 245.0 244.0 244.0 244.0 244.0 244.0
19.7728 80.2854 16.5346 23.2462 36.124 50 35.9016 41.8476 83.1306 
34.0 29.0 31.0 12.0 11.0
243.0 231.0 220.0 239.0 240.0 229.0 238.0 229.0 241.0 241.0 225.0 234.0
244.0 244.0 237.0 244.0 244.0 225.0 244.0 234.0 244.0 243.0 242.0 244.0
246.0 243.0 239.0 246.0 240.0 239.0 240.0 225.0 239.0 239.0 228.0 240.0
244.0 243.0 244.0 243.0 243.0 243.0 244.0 244.0 244.0 244.0 244.0 243.0
244.0 245.0 244.0 244.0 245.0 244.0 244.0 244.0 244.0 244.0 244.0 245.0
