-10000
20.8637 80.397 15.7654 24.3273 30.3101 57.7778 32.1703 50.1463 5.06939 
29.0 22.0 26.0 13.0 13.0
242.0 234.0 226.0 240.0 241.0 232.0 239.0 231.0 241.0 240.0 227.0 236.0
244.0 243.0 244.0 244.0 243.0 242.0 245.0 234.0 244.0 244.0 233.0 242.0
245.0 242.0 242.0 244.0 241.0 240.0 240.0 229.0 239.0 239.0 233.0 241.0
242.0 243.0 243.0 243.0 243.0 243.0 244.0 242.0 243.0 243.0 243.0 243.0
243.0 243.0 243.0 243.0 244.0 243.0 243.0 244.0 244.0 244.0 244.0 242.0
20.7273 80.2854 16.9192 23.2462 30.3101 57.7778 32.9166 50.5613 5.57959 
30.0 25.0 29.0 13.0 13.0
243.0 232.0 224.0 240.0 240.0 232.0 240.0 231.0 240.0 240.0 224.0 233.0
243.0 243.0 244.0 243.0 243.0 242.0 245.0 232.0 244.0 244.0 230.0 243.0
245.0 242.0 241.0 244.0 242.0 239.0 241.0 224.0 238.0 239.0 231.0 242.0
243.0 243.0 244.0 243.0 243.0 243.0 243.0 243.0 243.0 243.0 243.0 243.0
243.0 243.0 242.0 243.0 243.0 243.0 242.0 243.0 243.0 244.0 243.0 242.0
20.7273 80.397 16.15 27.5705 30.3101 58.1481 33.6628 51.8061 5.57959 
37.0 29.0 33.0 13.0 13.0
242.0 229.0 221.0 240.0 240.0 228.0 238.0 228.0 240.0 239.0 217.0 232.0
243.0 243.0 243.0 244.0 242.0 241.0 245.0 228.0 244.0 244.0 225.0 243.0
245.0 243.0 240.0 245.0 243.0 238.0 240.0 222.0 238.0 239.0 231.0 242.0
242.0 243.0 243.0 243.0 243.0 243.0 244.0 243.0 243.0 243.0 243.0 243.0
243.0 244.0 243.0 242.0 243.0 243.0 243.0 243.0 243.0 244.0 243.0 243.0
20.8637 80.6202 15.3808 29.7327 31.0853 58.5185 34.7822 51.8061 5.06939 
42.0 34.0 37.0 12.0 13.0
242.0 228.0 218.0 240.0 240.0 226.0 238.0 226.0 240.0 239.0 213.0 231.0
243.0 243.0 243.0 243.0 243.0 241.0 245.0 222.0 244.0 244.0 221.0 243.0
244.0 243.0 240.0 245.0 243.0 237.0 240.0 218.0 237.0 239.0 230.0 242.0
242.0 243.0 243.0 243.0 243.0 243.0 244.0 242.0 243.0 243.0 243.0 243.0
244.0 244.0 242.0 244.0 243.0 243.0 243.0 244.0 243.0 242.0 244.0 243.0
20.8637 80.7318 14.9962 30.8138 31.8605 58.1481 35.1554 52.221 4.55918 
44.0 36.0 37.0 13.0 13.0
242.0 228.0 216.0 240.0 239.0 225.0 237.0 224.0 240.0 239.0 210.0 231.0
243.0 243.0 243.0 243.0 242.0 240.0 246.0 218.0 244.0 244.0 219.0 243.0
244.0 243.0 241.0 246.0 243.0 237.0 241.0 217.0 237.0 238.0 230.0 242.0
243.0 243.0 243.0 244.0 242.0 243.0 243.0 243.0 242.0 243.0 242.0 242.0
243.0 244.0 242.0 244.0 243.0 243.0 243.0 243.0 243.0 242.0 243.0 242.0
20.591 80.7318 14.6115 32.4354 32.2481 58.8889 35.5285 52.221 4.04898 
47.0 41.0 41.0 13.0 13.0
242.0 228.0 214.0 239.0 239.0 223.0 237.0 222.0 239.0 239.0 208.0 231.0
243.0 243.0 243.0 244.0 243.0 240.0 245.0 213.0 244.0 244.0 216.0 243.0
244.0 242.0 240.0 246.0 244.0 236.0 240.0 215.0 237.0 238.0 230.0 242.0
242.0 243.0 243.0 243.0 243.0 243.0 243.0 243.0 243.0 243.0 243.0 243.0
242.0 243.0 242.0 242.0 244.0 243.0 243.0 243.0 242.0 243.0 244.0 243.0
20.4546 80.8434 13.8423 34.057 32.2481 60 35.5285 53.4659 3.53878 
49.0 45.0 45.0 13.0 13.0
242.0 228.0 213.0 239.0 240.0 222.0 236.0 221.0 239.0 239.0 206.0 231.0
243.0 243.0 243.0 244.0 242.0 239.0 246.0 209.0 244.0 244.0 216.0 243.0
245.0 242.0 240.0 247.0 243.0 234.0 241.0 210.0 236.0 238.0 230.0 242.0
242.0 243.0 243.0 243.0 243.0 243.0 244.0 243.0 243.0 243.0 242.0 243.0
243.0 242.0 244.0 242.0 243.0 243.0 243.0 244.0 241.0 243.0 244.0 243.0
20.3182 81.1782 13.4577 34.5976 33.0233 60 35.9016 53.8808 3.53878 
51.0 53.0 47.0 13.0 12.0
242.0 228.0 212.0 239.0 239.0 221.0 236.0 219.0 239.0 239.0 203.0 230.0
243.0 243.0 242.0 243.0 243.0 238.0 246.0 200.0 244.0 244.0 211.0 243.0
245.0 242.0 240.0 247.0 244.0 234.0 241.0 209.0 237.0 237.0 230.0 242.0
242.0 243.0 243.0 243.0 243.0 243.0 243.0 243.0 242.0 243.0 243.0 243.0
244.0 243.0 242.0 243.0 243.0 243.0 242.0 244.0 243.0 244.0 244.0 244.0
20.4546 81.2898 13.4577 35.6786 33.0233 60.3704 35.9016 53.8808 3.53878 
53.0 54.0 48.0 13.0 13.0
242.0 228.0 211.0 239.0 239.0 220.0 236.0 218.0 240.0 239.0 203.0 231.0
243.0 243.0 243.0 243.0 242.0 237.0 247.0 199.0 244.0 244.0 211.0 243.0
246.0 243.0 240.0 248.0 244.0 233.0 241.0 206.0 236.0 237.0 229.0 241.0
242.0 243.0 242.0 243.0 243.0 243.0 243.0 243.0 243.0 243.0 243.0 242.0
243.0 243.0 243.0 243.0 243.0 243.0 242.0 243.0 243.0 243.0 243.0 243.0
20.4546 81.4014 13.0731 36.2192 33.7984 60 36.2748 54.2957 3.53878 
55.0 60.0 48.0 13.0 13.0
241.0 228.0 210.0 239.0 239.0 218.0 236.0 215.0 239.0 239.0 200.0 230.0
243.0 243.0 242.0 243.0 243.0 237.0 246.0 193.0 244.0 244.0 208.0 243.0
246.0 242.0 241.0 248.0 244.0 232.0 241.0 205.0 236.0 237.0 230.0 241.0
242.0 243.0 243.0 243.0 243.0 243.0 244.0 243.0 242.0 243.0 242.0 242.0
243.0 243.0 244.0 243.0 244.0 242.0 243.0 243.0 243.0 244.0 243.0 243.0
20.1819 81.4014 13.0731 36.2192 33.7984 60.3704 36.6479 54.2957 3.53878 
56.0 63.0 53.0 13.0 13.0
242.0 228.0 211.0 239.0 239.0 218.0 236.0 215.0 239.0 239.0 199.0 230.0
243.0 243.0 242.0 243.0 242.0 236.0 247.0 191.0 244.0 244.0 208.0 243.0
246.0 242.0 241.0 248.0 244.0 231.0 241.0 202.0 236.0 237.0 229.0 241.0
243.0 243.0 243.0 243.0 243.0 242.0 243.0 242.0 243.0 243.0 243.0 243.0
242.0 244.0 242.0 243.0 243.0 244.0 242.0 243.0 242.0 243.0 243.0 243.0
21 81.2898 13.0731 36.7597 33.7984 60.3704 36.6479 54.7107 2.51837 
57.0 66.0 54.0 12.0 13.0
242.0 228.0 210.0 239.0 239.0 218.0 236.0 215.0 239.0 239.0 198.0 230.0
243.0 243.0 242.0 243.0 243.0 235.0 247.0 189.0 244.0 243.0 206.0 242.0
246.0 242.0 241.0 249.0 245.0 231.0 241.0 201.0 236.0 237.0 228.0 241.0
243.0 244.0 243.0 243.0 243.0 243.0 243.0 243.0 242.0 243.0 242.0 243.0
244.0 244.0 243.0 243.0 243.0 243.0 242.0 244.0 243.0 243.0 244.0 243.0
21.1364 81.1782 12.6885 37.8408 33.7984 60.3704 36.6479 54.7107 2.51837 
58.0 67.0 55.0 13.0 13.0
241.0 229.0 210.0 239.0 239.0 217.0 236.0 213.0 239.0 240.0 197.0 230.0
242.0 243.0 242.0 243.0 243.0 235.0 247.0 188.0 244.0 243.0 206.0 243.0
246.0 242.0 241.0 248.0 245.0 230.0 241.0 200.0 235.0 237.0 229.0 241.0
242.0 243.0 243.0 243.0 243.0 242.0 243.0 243.0 242.0 243.0 243.0 243.0
243.0 243.0 243.0 243.0 243.0 244.0 242.0 244.0 243.0 243.0 243.0 242.0
