-10000
22.091 80.397 13.8423 24.3273 36.5116 48.5185 41.4987 31.4741 88.7429 
41.0 19.0 44.0 12.0 13.0
242.0 231.0 215.0 240.0 240.0 223.0 237.0 222.0 240.0 239.0 214.0 234.0
244.0 244.0 241.0 243.0 243.0 236.0 245.0 241.0 244.0 244.0 244.0 244.0
244.0 241.0 234.0 241.0 237.0 232.0 238.0 214.0 237.0 235.0 210.0 238.0
243.0 243.0 243.0 243.0 243.0 243.0 244.0 243.0 243.0 244.0 243.0 243.0
243.0 243.0 243.0 244.0 244.0 243.0 243.0 243.0 243.0 244.0 243.0 244.0
21.9546 80.0621 14.6115 24.8678 36.124 49.2593 41.1255 31.4741 88.7429 
47.0 20.0 49.0 12.0 13.0
243.0 229.0 210.0 240.0 239.0 220.0 236.0 218.0 239.0 239.0 207.0 232.0
243.0 244.0 243.0 244.0 244.0 234.0 246.0 240.0 244.0 244.0 245.0 244.0
244.0 241.0 234.0 241.0 236.0 230.0 237.0 211.0 237.0 236.0 205.0 237.0
243.0 243.0 243.0 243.0 243.0 243.0 243.0 243.0 244.0 243.0 243.0 244.0
243.0 242.0 244.0 243.0 244.0 243.0 242.0 244.0 243.0 243.0 242.0 244.0
22.091 79.3925 16.9192 23.2462 34.5736 48.5185 39.633 30.2293 89.2531 
51.0 21.0 59.0 12.0 13.0
242.0 229.0 207.0 239.0 239.0 216.0 236.0 213.0 239.0 238.0 203.0 231.0
243.0 244.0 241.0 244.0 244.0 234.0 247.0 238.0 244.0 244.0 243.0 244.0
244.0 241.0 233.0 240.0 237.0 230.0 240.0 210.0 238.0 236.0 195.0 237.0
242.0 243.0 243.0 244.0 243.0 243.0 244.0 243.0 243.0 243.0 243.0 244.0
243.0 243.0 242.0 243.0 244.0 244.0 242.0 243.0 243.0 245.0 242.0 244.0
22.091 79.1693 17.3038 22.7057 34.186 48.5185 39.2599 31.4741 89.2531 
53.0 22.0 61.0 12.0 12.0
242.0 228.0 205.0 239.0 239.0 215.0 235.0 213.0 239.0 238.0 201.0 231.0
243.0 243.0 242.0 244.0 244.0 234.0 247.0 239.0 244.0 244.0 244.0 243.0
242.0 241.0 232.0 240.0 237.0 229.0 240.0 204.0 237.0 236.0 194.0 238.0
243.0 243.0 243.0 244.0 243.0 243.0 243.0 243.0 244.0 243.0 243.0 243.0
243.0 244.0 243.0 243.0 244.0 244.0 242.0 243.0 242.0 243.0 242.0 244.0
21.9546 78.9461 17.3038 22.1651 34.186 48.5185 38.8867 33.1339 89.2531 
55.0 20.0 62.0 12.0 12.0
243.0 227.0 204.0 238.0 239.0 214.0 236.0 212.0 239.0 238.0 199.0 230.0
244.0 243.0 242.0 243.0 244.0 235.0 246.0 238.0 244.0 244.0 243.0 243.0
242.0 241.0 231.0 240.0 236.0 227.0 239.0 198.0 237.0 236.0 193.0 239.0
243.0 243.0 244.0 243.0 244.0 243.0 243.0 242.0 243.0 243.0 243.0 243.0
243.0 244.0 244.0 244.0 244.0 244.0 243.0 243.0 243.0 244.0 243.0 243.0
21.9546 78.9461 17.6885 22.1651 34.186 48.5185 38.5136 34.3787 89.2531 
56.0 21.0 61.0 13.0 13.0
243.0 226.0 203.0 239.0 239.0 214.0 235.0 212.0 239.0 238.0 198.0 228.0
243.0 244.0 242.0 244.0 244.0 235.0 247.0 240.0 244.0 244.0 244.0 243.0
242.0 242.0 231.0 240.0 236.0 226.0 239.0 193.0 237.0 236.0 193.0 239.0
243.0 243.0 243.0 243.0 243.0 243.0 243.0 243.0 243.0 243.0 244.0 244.0
243.0 243.0 243.0 244.0 244.0 242.0 243.0 243.0 243.0 243.0 242.0 244.0
21.9546 78.9461 17.3038 22.1651 34.186 48.5185 38.5136 36.0385 89.2531 
57.0 21.0 65.0 12.0 13.0
243.0 226.0 202.0 238.0 239.0 214.0 235.0 212.0 239.0 238.0 197.0 228.0
243.0 243.0 242.0 243.0 244.0 234.0 247.0 239.0 244.0 244.0 244.0 243.0
242.0 242.0 230.0 239.0 237.0 224.0 241.0 187.0 237.0 236.0 193.0 240.0
243.0 244.0 243.0 243.0 243.0 243.0 243.0 243.0 243.0 243.0 243.0 243.0
242.0 243.0 243.0 243.0 244.0 243.0 242.0 243.0 243.0 244.0 243.0 243.0
22.091 79.0577 17.3038 22.7057 34.186 48.8889 38.1404 36.4534 89.2531 
58.0 20.0 70.0 12.0 13.0
242.0 226.0 202.0 239.0 239.0 213.0 235.0 211.0 239.0 238.0 197.0 228.0
244.0 243.0 241.0 244.0 243.0 235.0 246.0 239.0 244.0 244.0 244.0 242.0
241.0 242.0 230.0 239.0 236.0 223.0 240.0 184.0 236.0 235.0 193.0 240.0
243.0 244.0 243.0 243.0 244.0 243.0 243.0 243.0 243.0 243.0 243.0 243.0
242.0 243.0 244.0 243.0 244.0 244.0 242.0 244.0 244.0 244.0 242.0 243.0
22.091 79.0577 17.3038 22.7057 34.186 48.8889 38.5136 36.4534 88.7429 
59.0 20.0 72.0 12.0 12.0
242.0 225.0 201.0 238.0 239.0 212.0 235.0 210.0 239.0 238.0 196.0 228.0
242.0 244.0 242.0 244.0 244.0 235.0 246.0 239.0 244.0 244.0 244.0 243.0
241.0 241.0 229.0 238.0 235.0 222.0 240.0 182.0 236.0 235.0 191.0 240.0
242.0 243.0 243.0 243.0 243.0 243.0 243.0 243.0 243.0 243.0 243.0 243.0
243.0 244.0 244.0 242.0 244.0 243.0 242.0 243.0 242.0 243.0 243.0 244.0
21.9546 78.9461 17.3038 22.7057 34.186 48.8889 38.5136 36.4534 89.2531 
60.0 20.0 76.0 12.0 13.0
243.0 224.0 200.0 238.0 239.0 212.0 235.0 209.0 239.0 238.0 195.0 227.0
243.0 244.0 242.0 243.0 244.0 236.0 247.0 239.0 244.0 244.0 244.0 244.0
241.0 242.0 229.0 238.0 235.0 220.0 240.0 177.0 236.0 235.0 190.0 240.0
242.0 244.0 243.0 243.0 243.0 243.0 243.0 243.0 243.0 243.0 244.0 243.0
244.0 243.0 243.0 242.0 244.0 243.0 241.0 243.0 242.0 244.0 242.0 243.0
21.8182 78.8345 17.6885 22.7057 34.186 48.8889 38.5136 36.8683 88.2327 
60.0 20.0 81.0 12.0 13.0
242.0 223.0 200.0 238.0 238.0 208.0 234.0 204.0 239.0 237.0 196.0 226.0
243.0 244.0 241.0 244.0 244.0 235.0 246.0 240.0 244.0 244.0 244.0 243.0
241.0 241.0 228.0 237.0 235.0 219.0 240.0 175.0 236.0 234.0 190.0 240.0
243.0 243.0 243.0 243.0 244.0 243.0 243.0 243.0 243.0 243.0 243.0 243.0
243.0 244.0 243.0 244.0 244.0 244.0 243.0 244.0 242.0 244.0 243.0 244.0
21.9546 78.8345 17.6885 23.2462 34.5736 49.2593 38.5136 37.6982 88.7429 
59.0 21.0 85.0 12.0 13.0
243.0 221.0 199.0 238.0 238.0 208.0 234.0 204.0 238.0 238.0 196.0 224.0
243.0 244.0 242.0 243.0 244.0 235.0 246.0 239.0 244.0 244.0 244.0 243.0
240.0 241.0 227.0 237.0 235.0 218.0 240.0 169.0 236.0 234.0 190.0 241.0
243.0 243.0 243.0 244.0 243.0 243.0 244.0 243.0 243.0 243.0 243.0 243.0
243.0 244.0 243.0 243.0 244.0 243.0 244.0 244.0 243.0 244.0 243.0 243.0
21.9546 78.9461 17.6885 23.2462 34.5736 49.2593 38.8867 38.1132 88.2327 
59.0 19.0 90.0 12.0 12.0
243.0 220.0 199.0 238.0 238.0 208.0 234.0 205.0 239.0 237.0 195.0 224.0
243.0 243.0 242.0 243.0 244.0 235.0 246.0 240.0 244.0 244.0 244.0 244.0
241.0 241.0 227.0 236.0 234.0 216.0 240.0 165.0 236.0 234.0 189.0 240.0
243.0 243.0 243.0 243.0 243.0 243.0 243.0 243.0 244.0 243.0 242.0 243.0
242.0 243.0 244.0 243.0 244.0 243.0 243.0 244.0 242.0 244.0 243.0 244.0
