-10000
21 79.9505 14.6115 10.8138 32.2481 55.9259 32.5434 50.1463 6.0898 
20.0 18.0 27.0 13.0 13.0
243.0 237.0 235.0 241.0 242.0 239.0 241.0 238.0 242.0 241.0 237.0 239.0
244.0 244.0 244.0 244.0 243.0 243.0 244.0 237.0 244.0 244.0 239.0 244.0
244.0 243.0 240.0 243.0 242.0 239.0 241.0 228.0 239.0 239.0 234.0 243.0
243.0 244.0 243.0 243.0 243.0 243.0 243.0 243.0 243.0 244.0 242.0 243.0
243.0 244.0 243.0 243.0 244.0 243.0 243.0 243.0 242.0 244.0 244.0 243.0
20.8637 79.8389 14.9962 13.5165 33.0233 57.7778 34.4091 50.5613 6.0898 
20.0 20.0 29.0 13.0 13.0
243.0 236.0 234.0 241.0 241.0 238.0 240.0 237.0 242.0 241.0 234.0 237.0
243.0 244.0 244.0 244.0 243.0 242.0 244.0 235.0 244.0 244.0 238.0 244.0
244.0 242.0 241.0 243.0 242.0 238.0 240.0 226.0 239.0 239.0 234.0 242.0
243.0 243.0 243.0 242.0 243.0 243.0 243.0 243.0 243.0 243.0 243.0 243.0
243.0 244.0 242.0 243.0 243.0 243.0 243.0 244.0 243.0 243.0 243.0 243.0
20.7273 79.6157 13.4577 28.6516 32.6357 59.2593 34.7822 52.221 6.0898 
30.0 24.0 31.0 13.0 12.0
242.0 231.0 226.0 240.0 240.0 232.0 239.0 231.0 241.0 240.0 224.0 232.0
243.0 243.0 244.0 243.0 242.0 242.0 244.0 230.0 244.0 244.0 235.0 243.0
243.0 242.0 241.0 243.0 242.0 238.0 241.0 223.0 238.0 239.0 234.0 243.0
242.0 243.0 243.0 243.0 243.0 243.0 243.0 242.0 243.0 243.0 244.0 243.0
244.0 242.0 242.0 243.0 243.0 243.0 243.0 244.0 242.0 244.0 244.0 242.0
20.7273 79.3925 13.4577 33.5165 32.2481 60 35.1554 52.636 6.6 
40.0 28.0 34.0 13.0 13.0
242.0 232.0 221.0 239.0 239.0 227.0 237.0 225.0 240.0 239.0 214.0 231.0
243.0 244.0 244.0 244.0 243.0 242.0 244.0 226.0 244.0 244.0 231.0 243.0
244.0 243.0 240.0 244.0 243.0 237.0 241.0 222.0 237.0 238.0 233.0 242.0
243.0 244.0 243.0 243.0 243.0 243.0 243.0 242.0 243.0 243.0 243.0 243.0
242.0 243.0 243.0 243.0 243.0 243.0 243.0 243.0 243.0 243.0 243.0 243.0
20.8637 79.5041 13.4577 34.057 32.6357 59.2593 35.9016 53.0509 6.6 
45.0 35.0 36.0 13.0 13.0
242.0 231.0 219.0 239.0 239.0 227.0 237.0 224.0 240.0 239.0 210.0 231.0
243.0 243.0 244.0 243.0 243.0 240.0 244.0 220.0 244.0 244.0 226.0 242.0
244.0 242.0 239.0 244.0 243.0 236.0 241.0 218.0 238.0 239.0 232.0 242.0
243.0 243.0 243.0 243.0 244.0 243.0 243.0 243.0 243.0 243.0 242.0 243.0
243.0 243.0 242.0 243.0 243.0 244.0 243.0 243.0 243.0 242.0 244.0 243.0
20.8637 79.6157 13.4577 35.6786 33.0233 59.2593 35.9016 53.0509 6.0898 
49.0 39.0 41.0 13.0 13.0
242.0 231.0 217.0 239.0 239.0 224.0 237.0 220.0 239.0 239.0 205.0 231.0
243.0 243.0 244.0 243.0 243.0 240.0 244.0 215.0 244.0 244.0 224.0 243.0
244.0 242.0 239.0 244.0 243.0 234.0 241.0 213.0 237.0 238.0 231.0 242.0
243.0 244.0 243.0 243.0 243.0 243.0 243.0 243.0 242.0 243.0 243.0 243.0
243.0 243.0 243.0 243.0 243.0 243.0 243.0 243.0 242.0 243.0 244.0 243.0
20.7273 79.7273 13.0731 36.2192 33.4109 59.2593 36.2748 53.4659 5.57959 
52.0 44.0 42.0 12.0 12.0
242.0 230.0 216.0 239.0 239.0 223.0 236.0 219.0 239.0 238.0 203.0 230.0
243.0 243.0 243.0 243.0 243.0 240.0 244.0 211.0 244.0 244.0 222.0 243.0
244.0 242.0 239.0 244.0 243.0 233.0 242.0 212.0 237.0 238.0 231.0 242.0
242.0 243.0 243.0 243.0 243.0 243.0 243.0 243.0 243.0 243.0 243.0 243.0
243.0 244.0 243.0 243.0 243.0 243.0 242.0 244.0 242.0 244.0 244.0 242.0
20.4546 79.7273 12.6885 37.8408 33.4109 61.1111 36.2748 54.2957 5.57959 
54.0 47.0 46.0 12.0 13.0
242.0 230.0 214.0 239.0 239.0 222.0 236.0 217.0 239.0 239.0 201.0 230.0
242.0 243.0 243.0 244.0 243.0 239.0 244.0 207.0 244.0 245.0 222.0 243.0
244.0 242.0 239.0 245.0 244.0 232.0 241.0 208.0 237.0 238.0 231.0 242.0
243.0 243.0 243.0 243.0 243.0 243.0 243.0 243.0 243.0 243.0 242.0 243.0
243.0 242.0 243.0 242.0 243.0 244.0 243.0 243.0 244.0 242.0 244.0 243.0
20.3182 79.8389 12.6885 38.3814 33.7984 60.7407 36.2748 55.1256 5.06939 
57.0 56.0 49.0 13.0 12.0
242.0 229.0 213.0 238.0 239.0 221.0 237.0 215.0 239.0 239.0 197.0 230.0
243.0 243.0 243.0 243.0 243.0 238.0 245.0 199.0 244.0 245.0 218.0 243.0
244.0 242.0 239.0 246.0 244.0 232.0 241.0 207.0 237.0 238.0 232.0 242.0
242.0 244.0 243.0 243.0 243.0 243.0 243.0 242.0 242.0 243.0 243.0 242.0
242.0 243.0 243.0 243.0 243.0 243.0 243.0 243.0 243.0 244.0 244.0 243.0
20.4546 80.0621 12.3038 38.3814 34.186 60.3704 36.2748 55.1256 5.06939 
58.0 57.0 47.0 13.0 13.0
242.0 229.0 213.0 239.0 239.0 221.0 236.0 214.0 239.0 239.0 196.0 230.0
243.0 243.0 243.0 243.0 243.0 238.0 245.0 198.0 244.0 244.0 217.0 243.0
244.0 242.0 239.0 246.0 244.0 232.0 241.0 207.0 237.0 238.0 231.0 241.0
242.0 243.0 243.0 243.0 243.0 243.0 243.0 243.0 243.0 243.0 243.0 243.0
243.0 242.0 243.0 244.0 243.0 244.0 243.0 244.0 242.0 244.0 242.0 243.0
20.591 79.9505 12.6885 38.3814 34.186 61.1111 36.2748 55.1256 5.06939 
59.0 59.0 49.0 12.0 13.0
242.0 229.0 212.0 238.0 239.0 221.0 236.0 213.0 239.0 239.0 196.0 229.0
243.0 243.0 243.0 243.0 242.0 237.0 245.0 195.0 244.0 244.0 216.0 243.0
244.0 242.0 240.0 246.0 244.0 231.0 241.0 207.0 236.0 237.0 232.0 241.0
243.0 243.0 243.0 243.0 242.0 243.0 243.0 243.0 243.0 243.0 243.0 242.0
243.0 243.0 242.0 243.0 244.0 243.0 243.0 243.0 243.0 243.0 244.0 243.0
20.591 80.0621 12.6885 38.3814 34.186 60.7407 36.2748 55.1256 5.06939 
60.0 61.0 49.0 13.0 13.0
242.0 228.0 211.0 238.0 239.0 220.0 236.0 212.0 239.0 239.0 194.0 229.0
243.0 243.0 243.0 243.0 243.0 237.0 246.0 193.0 244.0 244.0 215.0 243.0
245.0 242.0 239.0 246.0 244.0 231.0 241.0 205.0 237.0 238.0 232.0 241.0
242.0 243.0 243.0 244.0 243.0 243.0 243.0 242.0 243.0 243.0 243.0 243.0
244.0 242.0 243.0 243.0 243.0 243.0 243.0 244.0 243.0 243.0 243.0 242.0
20.3182 79.9505 12.6885 38.3814 34.186 60.3704 36.2748 55.1256 4.55918 
62.0 66.0 49.0 13.0 13.0
242.0 228.0 210.0 238.0 239.0 220.0 236.0 212.0 239.0 239.0 193.0 228.0
243.0 244.0 243.0 243.0 243.0 236.0 246.0 188.0 244.0 244.0 211.0 242.0
244.0 242.0 240.0 246.0 244.0 232.0 241.0 206.0 237.0 237.0 231.0 241.0
243.0 244.0 243.0 243.0 243.0 243.0 243.0 243.0 243.0 244.0 243.0 243.0
243.0 243.0 242.0 243.0 244.0 243.0 243.0 243.0 242.0 243.0 244.0 243.0
20.591 79.9505 12.6885 38.9219 34.186 60.3704 36.2748 55.1256 4.55918 
62.0 68.0 49.0 13.0 13.0
242.0 228.0 210.0 238.0 238.0 219.0 236.0 210.0 239.0 239.0 192.0 229.0
243.0 243.0 243.0 244.0 243.0 236.0 246.0 188.0 244.0 244.0 211.0 243.0
245.0 242.0 240.0 247.0 244.0 231.0 241.0 206.0 236.0 237.0 231.0 241.0
242.0 243.0 243.0 243.0 243.0 243.0 244.0 243.0 243.0 243.0 243.0 243.0
242.0 243.0 243.0 243.0 242.0 242.0 244.0 243.0 244.0 244.0 243.0 244.0
