-10000
22.091 79.8389 15.3808 25.9489 33.0233 49.6296 39.2599 31.8891 88.7429 
42.0 16.0 48.0 12.0 13.0
242.0 234.0 213.0 239.0 239.0 219.0 236.0 218.0 239.0 239.0 214.0 236.0
243.0 245.0 244.0 243.0 244.0 239.0 245.0 242.0 244.0 244.0 244.0 244.0
244.0 242.0 234.0 242.0 236.0 231.0 239.0 210.0 236.0 235.0 207.0 238.0
243.0 243.0 243.0 243.0 243.0 243.0 243.0 243.0 243.0 243.0 243.0 243.0
243.0 244.0 244.0 243.0 243.0 244.0 241.0 243.0 243.0 243.0 243.0 244.0
21.9546 79.8389 16.5346 24.8678 33.4109 50.7407 39.2599 32.719 88.7429 
46.0 17.0 52.0 12.0 13.0
242.0 231.0 209.0 239.0 239.0 217.0 236.0 215.0 239.0 239.0 209.0 234.0
243.0 244.0 243.0 244.0 244.0 238.0 246.0 242.0 244.0 244.0 244.0 244.0
244.0 241.0 233.0 242.0 237.0 229.0 239.0 204.0 236.0 236.0 203.0 238.0
243.0 243.0 243.0 243.0 243.0 243.0 243.0 243.0 243.0 243.0 243.0 243.0
242.0 244.0 243.0 243.0 244.0 243.0 243.0 243.0 243.0 244.0 243.0 244.0
21.9546 79.6157 16.5346 22.7057 34.5736 51.1111 38.8867 34.3787 88.7429 
49.0 19.0 60.0 12.0 14.0
243.0 229.0 206.0 239.0 239.0 216.0 236.0 214.0 239.0 239.0 205.0 232.0
244.0 244.0 244.0 243.0 244.0 235.0 246.0 241.0 244.0 244.0 245.0 244.0
244.0 241.0 232.0 242.0 236.0 226.0 239.0 195.0 236.0 235.0 203.0 239.0
243.0 243.0 243.0 243.0 243.0 243.0 243.0 243.0 244.0 243.0 243.0 243.0
243.0 244.0 243.0 243.0 244.0 243.0 243.0 244.0 242.0 244.0 243.0 244.0
21.8182 79.7273 16.5346 21.6246 35.3488 50.7407 39.2599 36.0385 88.2327 
51.0 23.0 67.0 13.0 12.0
243.0 227.0 204.0 239.0 239.0 216.0 236.0 214.0 239.0 239.0 203.0 230.0
244.0 243.0 242.0 244.0 244.0 232.0 246.0 238.0 244.0 244.0 244.0 244.0
244.0 241.0 231.0 242.0 237.0 224.0 240.0 188.0 236.0 235.0 202.0 239.0
243.0 243.0 243.0 244.0 243.0 243.0 243.0 243.0 243.0 243.0 243.0 243.0
242.0 243.0 243.0 242.0 243.0 243.0 243.0 243.0 243.0 243.0 244.0 243.0
21.9546 79.8389 16.5346 21.0841 35.7364 51.1111 39.633 36.0385 88.2327 
54.0 23.0 75.0 12.0 13.0
243.0 225.0 202.0 238.0 239.0 216.0 236.0 214.0 239.0 238.0 201.0 229.0
243.0 243.0 242.0 243.0 244.0 231.0 246.0 238.0 244.0 244.0 244.0 243.0
244.0 241.0 229.0 242.0 236.0 221.0 240.0 178.0 235.0 234.0 201.0 239.0
243.0 243.0 243.0 243.0 243.0 243.0 243.0 243.0 243.0 243.0 243.0 243.0
243.0 243.0 244.0 243.0 244.0 243.0 243.0 243.0 244.0 243.0 242.0 243.0
21.9546 79.8389 16.5346 20.5435 35.7364 51.1111 39.633 36.8683 88.7429 
54.0 24.0 78.0 12.0 13.0
242.0 224.0 202.0 239.0 239.0 216.0 236.0 214.0 239.0 239.0 201.0 228.0
243.0 244.0 243.0 244.0 244.0 230.0 246.0 238.0 244.0 243.0 245.0 243.0
243.0 241.0 230.0 241.0 236.0 220.0 240.0 177.0 235.0 236.0 200.0 240.0
243.0 243.0 243.0 243.0 244.0 243.0 243.0 242.0 244.0 243.0 243.0 243.0
243.0 243.0 244.0 243.0 244.0 243.0 242.0 243.0 243.0 243.0 243.0 244.0
21.8182 79.7273 16.5346 20.5435 35.7364 51.4815 39.633 36.8683 88.2327 
54.0 25.0 81.0 12.0 13.0
243.0 224.0 201.0 239.0 239.0 216.0 236.0 214.0 239.0 238.0 200.0 229.0
243.0 244.0 242.0 243.0 244.0 231.0 246.0 238.0 244.0 244.0 245.0 244.0
244.0 241.0 230.0 241.0 236.0 219.0 240.0 173.0 234.0 234.0 199.0 240.0
243.0 244.0 243.0 244.0 244.0 243.0 243.0 243.0 243.0 243.0 244.0 243.0
242.0 242.0 244.0 243.0 244.0 243.0 243.0 243.0 243.0 244.0 243.0 244.0
21.8182 79.7273 16.5346 20.5435 35.7364 51.1111 39.633 37.2833 88.2327 
55.0 24.0 84.0 12.0 13.0
243.0 223.0 201.0 239.0 239.0 216.0 236.0 213.0 239.0 238.0 199.0 228.0
243.0 244.0 243.0 243.0 244.0 231.0 246.0 237.0 244.0 244.0 245.0 244.0
242.0 242.0 229.0 241.0 234.0 218.0 240.0 169.0 235.0 234.0 199.0 240.0
243.0 244.0 243.0 244.0 243.0 243.0 243.0 243.0 244.0 243.0 243.0 243.0
243.0 243.0 243.0 243.0 244.0 243.0 243.0 242.0 243.0 243.0 243.0 243.0
21.9546 79.7273 16.5346 20.5435 35.7364 51.4815 40.0061 37.6982 87.7224 
56.0 24.0 88.0 12.0 12.0
243.0 222.0 200.0 239.0 239.0 215.0 236.0 213.0 240.0 238.0 198.0 226.0
243.0 243.0 242.0 244.0 244.0 231.0 245.0 238.0 244.0 244.0 245.0 244.0
243.0 242.0 229.0 241.0 235.0 216.0 240.0 167.0 234.0 234.0 197.0 240.0
243.0 243.0 243.0 243.0 243.0 243.0 243.0 243.0 243.0 243.0 244.0 244.0
242.0 242.0 244.0 243.0 243.0 244.0 242.0 243.0 243.0 243.0 243.0 244.0
21.9546 79.7273 16.5346 20.5435 35.7364 51.8519 40.0061 37.6982 87.2122 
58.0 24.0 92.0 12.0 13.0
243.0 221.0 198.0 239.0 239.0 213.0 235.0 210.0 239.0 238.0 197.0 226.0
243.0 243.0 244.0 244.0 244.0 231.0 245.0 237.0 244.0 244.0 244.0 244.0
243.0 242.0 228.0 240.0 235.0 215.0 239.0 163.0 234.0 234.0 196.0 240.0
243.0 243.0 243.0 244.0 244.0 243.0 244.0 243.0 243.0 243.0 243.0 243.0
243.0 243.0 244.0 243.0 244.0 243.0 243.0 243.0 242.0 243.0 243.0 243.0
21.9546 79.7273 16.9192 21.6246 35.7364 51.8519 40.0061 38.1132 87.2122 
58.0 23.0 94.0 13.0 13.0
243.0 220.0 197.0 239.0 239.0 211.0 235.0 208.0 239.0 238.0 198.0 225.0
242.0 244.0 244.0 244.0 244.0 230.0 245.0 236.0 244.0 244.0 245.0 243.0
243.0 240.0 229.0 240.0 235.0 214.0 240.0 161.0 234.0 233.0 195.0 240.0
243.0 243.0 243.0 243.0 244.0 243.0 244.0 243.0 243.0 243.0 243.0 243.0
242.0 244.0 244.0 243.0 244.0 244.0 242.0 244.0 244.0 244.0 242.0 244.0
21.8182 79.6157 16.5346 21.6246 35.7364 51.8519 40.0061 38.1132 87.2122 
58.0 25.0 95.0 12.0 13.0
243.0 220.0 197.0 238.0 238.0 209.0 235.0 207.0 239.0 238.0 197.0 225.0
242.0 244.0 244.0 243.0 244.0 231.0 246.0 238.0 244.0 243.0 244.0 244.0
243.0 242.0 228.0 240.0 235.0 213.0 239.0 159.0 235.0 234.0 195.0 239.0
243.0 243.0 243.0 243.0 244.0 243.0 244.0 244.0 243.0 243.0 243.0 244.0
242.0 243.0 243.0 243.0 243.0 244.0 242.0 243.0 243.0 243.0 243.0 244.0
