-10000
21.1364 80.0621 17.3038 26.4895 29.1473 56.6667 33.2897 33.5488 6.6 
28.0 22.0 15.0 13.0 13.0
242.0 237.0 228.0 240.0 240.0 233.0 239.0 231.0 240.0 240.0 227.0 237.0
242.0 243.0 243.0 243.0 243.0 242.0 245.0 233.0 244.0 244.0 233.0 243.0
244.0 243.0 244.0 243.0 242.0 244.0 241.0 241.0 241.0 242.0 240.0 241.0
243.0 243.0 243.0 243.0 243.0 243.0 243.0 243.0 243.0 243.0 243.0 243.0
242.0 242.0 243.0 242.0 244.0 243.0 243.0 243.0 243.0 244.0 244.0 243.0
21 80.1737 17.6885 25.4084 29.5349 58.1481 32.9166 38.943 7.1102 
31.0 25.0 22.0 12.0 13.0
243.0 234.0 226.0 240.0 240.0 231.0 239.0 230.0 240.0 240.0 223.0 234.0
243.0 243.0 244.0 244.0 243.0 242.0 246.0 228.0 244.0 244.0 231.0 243.0
244.0 242.0 243.0 243.0 240.0 242.0 240.0 237.0 240.0 241.0 232.0 241.0
242.0 243.0 243.0 244.0 244.0 243.0 243.0 243.0 242.0 243.0 243.0 242.0
242.0 243.0 243.0 243.0 243.0 242.0 244.0 242.0 243.0 244.0 243.0 244.0
20.8637 80.2854 16.5346 29.1922 30.3101 59.6296 33.2897 43.9223 6.6 
37.0 32.0 27.0 12.0 13.0
242.0 233.0 223.0 240.0 240.0 229.0 238.0 227.0 240.0 239.0 218.0 232.0
243.0 243.0 243.0 244.0 243.0 241.0 246.0 222.0 244.0 244.0 228.0 243.0
244.0 243.0 241.0 244.0 241.0 241.0 241.0 233.0 239.0 240.0 229.0 242.0
243.0 244.0 244.0 243.0 243.0 243.0 243.0 242.0 243.0 244.0 243.0 243.0
242.0 242.0 243.0 242.0 243.0 244.0 243.0 244.0 243.0 244.0 244.0 243.0
21 80.6202 15.7654 31.3543 31.0853 59.6296 33.6628 45.582 5.57959 
43.0 38.0 28.0 13.0 13.0
242.0 231.0 221.0 239.0 240.0 227.0 237.0 225.0 240.0 239.0 212.0 231.0
243.0 243.0 244.0 243.0 243.0 239.0 246.0 214.0 244.0 244.0 225.0 243.0
244.0 243.0 241.0 245.0 243.0 241.0 241.0 229.0 238.0 239.0 228.0 243.0
242.0 244.0 243.0 244.0 243.0 243.0 243.0 243.0 243.0 243.0 243.0 243.0
244.0 242.0 243.0 243.0 243.0 243.0 242.0 244.0 242.0 243.0 244.0 242.0
21.2728 80.955 14.9962 31.8949 31.8605 60.3704 34.036 47.6567 5.06939 
46.0 44.0 30.0 13.0 13.0
242.0 231.0 220.0 240.0 239.0 226.0 237.0 224.0 240.0 239.0 209.0 230.0
243.0 244.0 243.0 244.0 243.0 239.0 246.0 210.0 244.0 244.0 224.0 243.0
244.0 244.0 241.0 246.0 244.0 240.0 241.0 225.0 238.0 238.0 227.0 244.0
242.0 244.0 243.0 243.0 243.0 243.0 243.0 243.0 243.0 243.0 243.0 243.0
242.0 243.0 243.0 243.0 244.0 244.0 244.0 243.0 243.0 243.0 243.0 243.0
21.2728 81.1782 14.6115 32.9759 32.2481 61.8519 34.7822 49.7314 5.06939 
47.0 50.0 34.0 12.0 12.0
242.0 230.0 219.0 240.0 240.0 226.0 237.0 223.0 240.0 239.0 207.0 229.0
242.0 243.0 243.0 243.0 242.0 238.0 246.0 204.0 244.0 244.0 226.0 243.0
245.0 244.0 240.0 247.0 244.0 239.0 242.0 221.0 238.0 238.0 228.0 243.0
243.0 244.0 243.0 243.0 243.0 243.0 243.0 243.0 243.0 243.0 243.0 243.0
244.0 244.0 244.0 243.0 243.0 243.0 243.0 244.0 244.0 244.0 244.0 244.0
21.2728 81.6246 13.8423 34.057 33.0233 61.4815 35.1554 50.9762 4.55918 
51.0 56.0 36.0 13.0 12.0
242.0 229.0 218.0 239.0 240.0 225.0 237.0 222.0 239.0 239.0 204.0 228.0
242.0 243.0 243.0 243.0 243.0 237.0 246.0 198.0 244.0 244.0 223.0 243.0
244.0 243.0 241.0 248.0 244.0 238.0 242.0 218.0 237.0 238.0 230.0 244.0
243.0 243.0 244.0 243.0 244.0 243.0 243.0 242.0 243.0 243.0 243.0 243.0
244.0 244.0 243.0 243.0 243.0 244.0 244.0 244.0 242.0 243.0 243.0 243.0
21.2728 81.513 13.4577 35.6786 33.0233 62.5926 35.9016 51.8061 4.55918 
52.0 59.0 39.0 13.0 13.0
241.0 229.0 217.0 239.0 239.0 224.0 237.0 219.0 239.0 239.0 202.0 228.0
243.0 243.0 242.0 244.0 242.0 236.0 246.0 196.0 244.0 243.0 224.0 243.0
245.0 244.0 241.0 248.0 245.0 237.0 243.0 216.0 237.0 238.0 230.0 243.0
243.0 243.0 243.0 243.0 243.0 243.0 243.0 243.0 243.0 243.0 243.0 243.0
243.0 243.0 244.0 244.0 243.0 244.0 242.0 244.0 243.0 244.0 244.0 244.0
21.2728 81.6246 13.4577 36.2192 33.7984 62.2222 36.2748 52.636 4.55918 
55.0 63.0 41.0 13.0 13.0
242.0 230.0 215.0 239.0 239.0 222.0 236.0 217.0 239.0 239.0 199.0 228.0
243.0 243.0 242.0 243.0 242.0 236.0 245.0 192.0 244.0 243.0 222.0 243.0
245.0 243.0 241.0 248.0 245.0 237.0 242.0 214.0 236.0 238.0 230.0 243.0
242.0 243.0 243.0 243.0 243.0 243.0 243.0 243.0 243.0 243.0 243.0 243.0
244.0 243.0 243.0 243.0 242.0 243.0 244.0 244.0 243.0 243.0 244.0 244.0
21.1364 81.7362 13.0731 36.2192 33.7984 62.2222 36.6479 52.636 4.04898 
57.0 66.0 43.0 13.0 13.0
241.0 229.0 215.0 239.0 239.0 222.0 236.0 216.0 239.0 239.0 198.0 228.0
243.0 243.0 242.0 243.0 242.0 235.0 245.0 188.0 244.0 243.0 220.0 243.0
245.0 244.0 241.0 249.0 245.0 237.0 244.0 213.0 236.0 237.0 230.0 244.0
243.0 243.0 243.0 243.0 243.0 243.0 243.0 243.0 243.0 243.0 243.0 243.0
243.0 244.0 243.0 243.0 243.0 243.0 244.0 243.0 244.0 244.0 244.0 242.0
21.2728 81.9595 13.0731 37.3003 33.7984 62.2222 37.021 52.636 4.04898 
59.0 69.0 42.0 13.0 12.0
241.0 229.0 214.0 238.0 239.0 221.0 236.0 215.0 239.0 239.0 196.0 227.0
243.0 243.0 242.0 243.0 242.0 234.0 245.0 186.0 243.0 243.0 218.0 243.0
245.0 244.0 242.0 249.0 246.0 236.0 244.0 213.0 236.0 236.0 229.0 243.0
242.0 243.0 243.0 243.0 243.0 243.0 243.0 243.0 243.0 243.0 243.0 243.0
244.0 244.0 243.0 243.0 244.0 243.0 243.0 244.0 243.0 244.0 244.0 243.0
21.2728 81.8479 13.4577 37.8408 33.7984 62.5926 37.021 53.4659 4.04898 
59.0 70.0 44.0 13.0 13.0
241.0 229.0 213.0 238.0 239.0 220.0 237.0 214.0 239.0 239.0 195.0 228.0
243.0 243.0 242.0 243.0 242.0 234.0 245.0 184.0 244.0 243.0 218.0 243.0
244.0 244.0 242.0 249.0 245.0 236.0 243.0 211.0 236.0 236.0 230.0 244.0
243.0 244.0 243.0 243.0 243.0 243.0 243.0 243.0 242.0 243.0 243.0 243.0
244.0 243.0 244.0 244.0 243.0 244.0 243.0 244.0 242.0 244.0 244.0 244.0
21.1364 81.6246 13.4577 37.8408 34.186 62.2222 37.3942 53.4659 3.53878 
62.0 73.0 45.0 13.0 12.0
241.0 230.0 212.0 238.0 239.0 220.0 236.0 213.0 239.0 239.0 193.0 227.0
242.0 243.0 242.0 243.0 242.0 233.0 245.0 181.0 244.0 243.0 214.0 243.0
245.0 244.0 242.0 249.0 246.0 236.0 244.0 210.0 236.0 236.0 229.0 244.0
243.0 243.0 243.0 244.0 243.0 243.0 243.0 242.0 243.0 244.0 243.0 243.0
243.0 244.0 243.0 243.0 243.0 244.0 244.0 243.0 244.0 244.0 243.0 243.0
21.1364 81.8479 13.0731 37.8408 34.5736 62.2222 37.3942 53.8808 3.53878 
63.0 78.0 44.0 13.0 13.0
241.0 228.0 212.0 239.0 239.0 220.0 236.0 212.0 239.0 239.0 192.0 226.0
242.0 243.0 242.0 243.0 242.0 233.0 245.0 176.0 243.0 242.0 213.0 243.0
245.0 244.0 243.0 249.0 246.0 236.0 244.0 211.0 236.0 236.0 230.0 244.0
243.0 244.0 243.0 243.0 243.0 243.0 244.0 243.0 243.0 243.0 243.0 243.0
243.0 243.0 243.0 244.0 243.0 244.0 243.0 244.0 243.0 243.0 244.0 244.0
21.1364 81.8479 13.0731 40.003 34.5736 62.2222 37.3942 53.8808 3.53878 
66.0 80.0 45.0 12.0 12.0
241.0 229.0 210.0 238.0 238.0 218.0 235.0 208.0 239.0 240.0 189.0 227.0
243.0 243.0 242.0 243.0 242.0 232.0 244.0 176.0 243.0 243.0 211.0 243.0
246.0 244.0 242.0 249.0 246.0 236.0 244.0 210.0 236.0 236.0 229.0 244.0
243.0 244.0 243.0 244.0 243.0 243.0 244.0 243.0 243.0 243.0 243.0 243.0
244.0 244.0 243.0 244.0 243.0 243.0 242.0 244.0 243.0 244.0 244.0 243.0
21.2728 81.7362 13.0731 40.003 34.5736 62.2222 37.3942 53.8808 3.53878 
66.0 81.0 45.0 13.0 12.0
241.0 228.0 209.0 238.0 239.0 218.0 235.0 208.0 239.0 239.0 189.0 227.0
243.0 243.0 242.0 243.0 242.0 232.0 244.0 175.0 243.0 242.0 210.0 243.0
246.0 244.0 242.0 250.0 246.0 236.0 244.0 211.0 236.0 236.0 230.0 243.0
242.0 244.0 243.0 243.0 243.0 243.0 243.0 242.0 243.0 243.0 244.0 243.0
244.0 244.0 244.0 244.0 242.0 244.0 243.0 244.0 243.0 243.0 244.0 243.0
