-10000
20.7273 79.9505 15.7654 25.4084 31.8605 51.4815 34.7822 48.0717 5.57959 
31.0 18.0 30.0 12.0 12.0
242.0 234.0 224.0 240.0 240.0 231.0 239.0 230.0 240.0 240.0 224.0 235.0
244.0 243.0 244.0 244.0 243.0 242.0 244.0 238.0 244.0 244.0 237.0 243.0
243.0 243.0 240.0 243.0 242.0 239.0 240.0 224.0 238.0 239.0 231.0 243.0
243.0 244.0 243.0 243.0 243.0 243.0 243.0 243.0 243.0 243.0 243.0 243.0
243.0 242.0 243.0 243.0 242.0 243.0 243.0 244.0 243.0 244.0 243.0 243.0
20.7273 79.8389 16.9192 23.7868 31.0853 54.8148 35.1554 48.4866 6.0898 
33.0 22.0 34.0 12.0 12.0
243.0 231.0 223.0 240.0 240.0 231.0 239.0 230.0 240.0 240.0 222.0 232.0
243.0 243.0 243.0 243.0 243.0 242.0 244.0 234.0 244.0 244.0 232.0 242.0
244.0 243.0 241.0 244.0 242.0 237.0 241.0 220.0 239.0 239.0 229.0 242.0
243.0 243.0 243.0 243.0 243.0 244.0 243.0 243.0 242.0 244.0 243.0 243.0
242.0 244.0 242.0 243.0 243.0 243.0 243.0 243.0 243.0 244.0 243.0 243.0
20.7273 79.7273 16.15 27.5705 30.3101 57.4074 34.7822 49.7314 5.57959 
39.0 24.0 39.0 12.0 13.0
243.0 230.0 219.0 240.0 240.0 228.0 238.0 227.0 240.0 239.0 215.0 231.0
243.0 243.0 244.0 243.0 243.0 242.0 244.0 232.0 244.0 244.0 231.0 243.0
244.0 242.0 240.0 244.0 242.0 235.0 241.0 215.0 238.0 238.0 227.0 241.0
243.0 243.0 243.0 243.0 243.0 243.0 244.0 243.0 243.0 243.0 243.0 243.0
243.0 242.0 243.0 243.0 243.0 244.0 243.0 244.0 242.0 244.0 243.0 243.0
20.7273 79.7273 15.7654 30.2732 30.6977 58.8889 35.1554 50.1463 4.55918 
44.0 27.0 42.0 13.0 13.0
243.0 230.0 216.0 240.0 240.0 225.0 237.0 224.0 240.0 239.0 211.0 231.0
243.0 244.0 244.0 244.0 243.0 242.0 244.0 227.0 243.0 244.0 228.0 242.0
244.0 242.0 239.0 244.0 242.0 234.0 240.0 212.0 238.0 238.0 227.0 241.0
242.0 243.0 242.0 243.0 243.0 243.0 243.0 243.0 243.0 243.0 243.0 243.0
242.0 243.0 242.0 244.0 243.0 243.0 243.0 243.0 243.0 244.0 244.0 242.0
20.4546 79.8389 14.9962 31.3543 31.0853 58.8889 35.1554 50.9762 4.04898 
47.0 33.0 45.0 13.0 13.0
242.0 229.0 215.0 239.0 240.0 224.0 237.0 223.0 239.0 239.0 208.0 231.0
243.0 243.0 244.0 244.0 243.0 241.0 246.0 222.0 244.0 244.0 224.0 243.0
244.0 242.0 239.0 244.0 242.0 233.0 240.0 210.0 238.0 238.0 228.0 241.0
242.0 243.0 243.0 243.0 243.0 243.0 243.0 242.0 243.0 243.0 243.0 243.0
242.0 243.0 243.0 243.0 243.0 243.0 243.0 244.0 243.0 244.0 244.0 243.0
20.3182 79.9505 14.6115 32.4354 31.8605 58.8889 35.5285 51.8061 4.04898 
49.0 36.0 47.0 12.0 12.0
242.0 229.0 213.0 239.0 240.0 222.0 237.0 220.0 240.0 239.0 205.0 231.0
243.0 243.0 244.0 244.0 243.0 240.0 246.0 218.0 244.0 244.0 221.0 243.0
244.0 242.0 239.0 245.0 243.0 233.0 241.0 208.0 238.0 238.0 228.0 241.0
242.0 243.0 243.0 244.0 243.0 243.0 244.0 242.0 243.0 243.0 243.0 243.0
243.0 243.0 243.0 243.0 244.0 244.0 243.0 244.0 242.0 243.0 243.0 242.0
20.1819 80.1737 14.2269 33.5165 32.2481 58.8889 35.9016 52.636 4.04898 
51.0 42.0 49.0 13.0 12.0
242.0 229.0 212.0 239.0 239.0 221.0 237.0 219.0 239.0 239.0 203.0 231.0
243.0 243.0 243.0 243.0 243.0 239.0 245.0 212.0 244.0 244.0 219.0 243.0
244.0 242.0 239.0 245.0 243.0 232.0 241.0 206.0 237.0 238.0 228.0 242.0
242.0 244.0 243.0 243.0 243.0 243.0 244.0 242.0 243.0 243.0 243.0 243.0
243.0 243.0 243.0 243.0 243.0 244.0 243.0 244.0 243.0 243.0 244.0 242.0
20.7273 80.397 13.8423 35.1381 32.2481 61.1111 35.9016 53.8808 3.53878 
53.0 46.0 52.0 13.0 12.0
242.0 229.0 210.0 239.0 239.0 220.0 236.0 217.0 239.0 239.0 201.0 230.0
243.0 243.0 243.0 243.0 243.0 239.0 246.0 206.0 244.0 244.0 219.0 243.0
245.0 242.0 240.0 245.0 244.0 231.0 241.0 202.0 237.0 238.0 229.0 241.0
243.0 243.0 243.0 244.0 243.0 243.0 243.0 243.0 243.0 243.0 243.0 243.0
243.0 244.0 243.0 243.0 243.0 243.0 243.0 243.0 243.0 244.0 243.0 242.0
20.8637 80.7318 13.4577 35.6786 33.0233 60.3704 36.2748 53.4659 3.53878 
55.0 54.0 54.0 13.0 13.0
242.0 229.0 211.0 239.0 239.0 219.0 237.0 216.0 239.0 239.0 199.0 229.0
243.0 243.0 242.0 243.0 243.0 237.0 246.0 199.0 244.0 244.0 216.0 243.0
245.0 242.0 239.0 246.0 244.0 230.0 242.0 201.0 237.0 238.0 228.0 241.0
243.0 243.0 243.0 243.0 243.0 242.0 243.0 243.0 242.0 243.0 243.0 243.0
243.0 243.0 243.0 243.0 243.0 244.0 243.0 244.0 243.0 244.0 243.0 243.0
21 80.7318 13.0731 36.2192 33.0233 60.7407 36.6479 53.4659 3.02857 
57.0 57.0 55.0 13.0 13.0
241.0 229.0 209.0 239.0 239.0 219.0 236.0 214.0 239.0 239.0 198.0 230.0
243.0 243.0 242.0 243.0 242.0 237.0 246.0 197.0 244.0 244.0 215.0 243.0
246.0 242.0 240.0 247.0 244.0 229.0 241.0 199.0 236.0 238.0 229.0 241.0
242.0 243.0 243.0 243.0 243.0 243.0 243.0 243.0 242.0 243.0 243.0 243.0
243.0 243.0 243.0 244.0 243.0 244.0 243.0 242.0 244.0 243.0 244.0 243.0
21 80.6202 13.4577 36.7597 33.0233 60.7407 36.6479 53.8808 3.02857 
58.0 59.0 57.0 13.0 12.0
242.0 229.0 208.0 239.0 239.0 218.0 236.0 213.0 239.0 239.0 197.0 229.0
243.0 243.0 242.0 244.0 243.0 237.0 247.0 195.0 244.0 244.0 214.0 243.0
245.0 242.0 240.0 247.0 244.0 229.0 241.0 198.0 236.0 237.0 229.0 241.0
243.0 243.0 243.0 243.0 243.0 243.0 243.0 243.0 243.0 243.0 243.0 243.0
243.0 243.0 243.0 243.0 243.0 243.0 243.0 244.0 244.0 244.0 243.0 243.0
21 80.8434 13.0731 36.7597 33.7984 60 36.6479 54.2957 3.02857 
60.0 66.0 56.0 13.0 13.0
241.0 228.0 209.0 239.0 239.0 218.0 236.0 213.0 239.0 239.0 196.0 229.0
243.0 243.0 242.0 243.0 242.0 236.0 246.0 189.0 244.0 244.0 210.0 243.0
245.0 241.0 240.0 247.0 244.0 228.0 241.0 198.0 236.0 237.0 230.0 241.0
242.0 244.0 243.0 243.0 243.0 243.0 243.0 243.0 243.0 243.0 243.0 243.0
243.0 243.0 243.0 243.0 243.0 243.0 243.0 243.0 242.0 244.0 243.0 242.0
21.1364 80.8434 13.0731 36.7597 33.7984 60.3704 36.6479 54.7107 3.02857 
60.0 68.0 58.0 13.0 12.0
242.0 228.0 209.0 239.0 239.0 217.0 236.0 212.0 239.0 239.0 194.0 229.0
243.0 243.0 242.0 243.0 243.0 235.0 245.0 187.0 244.0 243.0 210.0 243.0
245.0 242.0 240.0 247.0 245.0 228.0 242.0 196.0 236.0 237.0 229.0 241.0
242.0 243.0 244.0 243.0 243.0 243.0 243.0 243.0 243.0 243.0 243.0 243.0
243.0 242.0 242.0 243.0 243.0 243.0 242.0 244.0 242.0 244.0 243.0 243.0
