-10000
19.9091 81.0666 11.15 37.3003 30.3101 46.6667 29.1852 38.5281 82.6204 
29.0 18.0 21.0 12.0 12.0
242.0 241.0 232.0 240.0 239.0 227.0 236.0 226.0 240.0 241.0 234.0 242.0
244.0 244.0 242.0 244.0 244.0 237.0 244.0 240.0 244.0 244.0 242.0 244.0
244.0 244.0 241.0 243.0 241.0 242.0 242.0 234.0 241.0 240.0 239.0 241.0
244.0 243.0 243.0 243.0 244.0 243.0 244.0 244.0 244.0 244.0 244.0 244.0
243.0 243.0 245.0 243.0 244.0 244.0 244.0 243.0 244.0 244.0 244.0 243.0
19.7728 80.8434 11.5346 34.5976 30.3101 47.037 29.1852 40.1878 83.1306 
28.0 18.0 23.0 12.0 12.0
243.0 241.0 231.0 240.0 240.0 228.0 236.0 226.0 240.0 242.0 234.0 242.0
244.0 244.0 242.0 244.0 244.0 238.0 244.0 240.0 244.0 244.0 244.0 244.0
244.0 244.0 241.0 243.0 240.0 240.0 242.0 232.0 241.0 240.0 239.0 242.0
244.0 244.0 244.0 244.0 243.0 243.0 244.0 244.0 243.0 244.0 244.0 243.0
243.0 244.0 245.0 244.0 245.0 244.0 245.0 243.0 243.0 244.0 243.0 243.0
19.5 80.5086 11.9192 33.5165 30.6977 47.037 29.1852 41.0177 83.6408 
29.0 18.0 24.0 12.0 12.0
242.0 240.0 230.0 240.0 240.0 226.0 235.0 225.0 240.0 241.0 233.0 241.0
243.0 244.0 242.0 244.0 244.0 238.0 244.0 241.0 244.0 244.0 243.0 244.0
244.0 243.0 241.0 243.0 240.0 240.0 242.0 231.0 241.0 240.0 238.0 241.0
243.0 243.0 243.0 243.0 243.0 243.0 244.0 244.0 243.0 244.0 243.0 243.0
243.0 244.0 245.0 244.0 245.0 245.0 245.0 244.0 244.0 244.0 244.0 244.0
20.3182 80.397 18.8423 30.2732 30.6977 47.037 29.9315 41.0177 83.6408 
37.0 17.0 29.0 12.0 12.0
243.0 239.0 226.0 240.0 239.0 217.0 234.0 219.0 239.0 241.0 229.0 241.0
244.0 244.0 242.0 244.0 244.0 237.0 244.0 240.0 244.0 244.0 244.0 244.0
244.0 244.0 240.0 243.0 241.0 237.0 242.0 225.0 240.0 239.0 237.0 242.0
244.0 244.0 243.0 243.0 244.0 243.0 244.0 243.0 243.0 244.0 244.0 244.0
243.0 244.0 244.0 244.0 245.0 244.0 244.0 244.0 244.0 244.0 244.0 244.0
20.591 80.5086 19.9962 29.1922 33.4109 47.037 31.7972 41.0177 83.1306 
38.0 21.0 35.0 12.0 12.0
242.0 240.0 225.0 240.0 239.0 216.0 234.0 217.0 239.0 240.0 229.0 241.0
244.0 243.0 241.0 244.0 243.0 234.0 244.0 239.0 244.0 244.0 243.0 244.0
244.0 243.0 240.0 243.0 240.0 235.0 242.0 221.0 241.0 240.0 237.0 242.0
244.0 244.0 243.0 243.0 244.0 244.0 244.0 244.0 243.0 244.0 243.0 243.0
243.0 244.0 244.0 244.0 245.0 244.0 244.0 244.0 244.0 243.0 243.0 243.0
20.3182 80.397 19.6115 28.1111 34.9612 47.037 33.2897 41.4327 83.1306 
40.0 21.0 37.0 12.0 12.0
242.0 239.0 224.0 240.0 239.0 215.0 234.0 215.0 239.0 240.0 228.0 241.0
244.0 244.0 241.0 244.0 244.0 233.0 243.0 239.0 244.0 244.0 243.0 244.0
244.0 243.0 239.0 243.0 241.0 235.0 242.0 218.0 240.0 240.0 236.0 242.0
244.0 244.0 243.0 244.0 243.0 243.0 244.0 243.0 244.0 244.0 243.0 244.0
244.0 243.0 244.0 244.0 244.0 244.0 244.0 242.0 244.0 244.0 243.0 244.0
20.1819 80.397 18.8423 27.03 35.7364 47.4074 34.4091 41.4327 83.1306 
41.0 22.0 39.0 12.0 12.0
242.0 238.0 223.0 240.0 239.0 214.0 234.0 215.0 239.0 240.0 227.0 241.0
244.0 244.0 241.0 243.0 244.0 232.0 244.0 238.0 244.0 244.0 243.0 244.0
244.0 243.0 239.0 242.0 241.0 233.0 242.0 216.0 240.0 240.0 237.0 241.0
243.0 243.0 244.0 244.0 243.0 243.0 244.0 243.0 243.0 244.0 243.0 244.0
243.0 244.0 244.0 244.0 245.0 244.0 244.0 244.0 244.0 244.0 244.0 244.0
20.4546 80.5086 18.8423 25.9489 36.124 48.1481 35.1554 41.8476 83.1306 
41.0 23.0 40.0 12.0 12.0
242.0 238.0 223.0 240.0 239.0 213.0 234.0 215.0 239.0 240.0 226.0 240.0
244.0 243.0 241.0 243.0 244.0 233.0 243.0 238.0 244.0 244.0 242.0 244.0
244.0 243.0 239.0 243.0 241.0 235.0 243.0 215.0 240.0 239.0 236.0 242.0
243.0 243.0 243.0 243.0 243.0 243.0 244.0 244.0 244.0 244.0 243.0 244.0
243.0 244.0 245.0 244.0 246.0 244.0 244.0 244.0 244.0 243.0 244.0 243.0
