-10000
21.9546 79.9505 16.15 23.7868 34.5736 46.6667 40.3793 27.7397 88.2327 
40.0 19.0 53.0 12.0 13.0
242.0 233.0 216.0 239.0 239.0 222.0 237.0 222.0 240.0 239.0 215.0 235.0
243.0 244.0 241.0 244.0 244.0 236.0 247.0 241.0 244.0 244.0 244.0 244.0
244.0 241.0 233.0 240.0 237.0 233.0 239.0 220.0 237.0 237.0 202.0 236.0
243.0 243.0 243.0 243.0 244.0 243.0 243.0 243.0 243.0 243.0 243.0 244.0
243.0 244.0 244.0 243.0 244.0 244.0 243.0 244.0 243.0 244.0 242.0 244.0
22.091 80.1737 16.5346 23.7868 34.5736 47.4074 40.0061 28.9845 88.2327 
44.0 20.0 57.0 12.0 13.0
243.0 232.0 212.0 239.0 239.0 221.0 237.0 220.0 239.0 239.0 210.0 233.0
244.0 244.0 242.0 244.0 244.0 235.0 246.0 240.0 244.0 243.0 244.0 244.0
244.0 241.0 231.0 240.0 236.0 231.0 239.0 215.0 237.0 237.0 197.0 236.0
243.0 243.0 243.0 243.0 243.0 243.0 244.0 243.0 243.0 243.0 243.0 243.0
244.0 245.0 243.0 244.0 244.0 243.0 243.0 244.0 244.0 244.0 244.0 245.0
22.091 80.1737 16.9192 22.1651 34.9612 47.7778 39.633 31.4741 88.2327 
49.0 22.0 58.0 12.0 12.0
242.0 229.0 209.0 239.0 239.0 219.0 237.0 218.0 239.0 238.0 206.0 231.0
244.0 244.0 241.0 244.0 244.0 232.0 247.0 238.0 244.0 244.0 244.0 244.0
243.0 241.0 231.0 240.0 237.0 230.0 239.0 209.0 238.0 237.0 196.0 238.0
243.0 244.0 243.0 244.0 243.0 243.0 243.0 243.0 243.0 243.0 243.0 243.0
243.0 244.0 245.0 244.0 244.0 243.0 243.0 244.0 243.0 244.0 244.0 245.0
21.9546 79.9505 16.9192 21.0841 34.9612 48.5185 39.2599 34.3787 88.7429 
52.0 26.0 59.0 12.0 12.0
242.0 227.0 207.0 239.0 239.0 218.0 236.0 217.0 239.0 239.0 202.0 229.0
242.0 244.0 239.0 244.0 244.0 229.0 247.0 235.0 244.0 244.0 243.0 244.0
243.0 241.0 230.0 240.0 236.0 228.0 239.0 199.0 237.0 237.0 196.0 239.0
242.0 243.0 243.0 244.0 244.0 243.0 243.0 243.0 243.0 243.0 243.0 243.0
244.0 244.0 244.0 244.0 244.0 244.0 243.0 243.0 243.0 244.0 244.0 244.0
21.9546 80.1737 16.9192 21.0841 34.9612 49.2593 39.2599 36.0385 88.7429 
55.0 29.0 60.0 12.0 12.0
243.0 225.0 205.0 239.0 239.0 217.0 237.0 216.0 239.0 238.0 200.0 228.0
243.0 244.0 241.0 243.0 244.0 226.0 247.0 234.0 244.0 244.0 244.0 242.0
243.0 241.0 230.0 240.0 236.0 225.0 240.0 194.0 236.0 237.0 197.0 240.0
243.0 243.0 243.0 244.0 244.0 243.0 243.0 243.0 243.0 243.0 243.0 243.0
242.0 244.0 244.0 244.0 244.0 243.0 243.0 244.0 243.0 244.0 243.0 244.0
21.9546 80.1737 16.9192 21.0841 35.3488 49.6296 39.2599 37.2833 88.2327 
56.0 30.0 69.0 12.0 13.0
242.0 222.0 203.0 239.0 239.0 216.0 236.0 216.0 239.0 239.0 198.0 226.0
242.0 244.0 239.0 244.0 244.0 222.0 247.0 231.0 244.0 244.0 244.0 244.0
243.0 241.0 229.0 240.0 237.0 224.0 240.0 186.0 236.0 236.0 197.0 241.0
243.0 243.0 243.0 244.0 244.0 243.0 243.0 243.0 244.0 243.0 243.0 243.0
243.0 244.0 244.0 243.0 244.0 243.0 244.0 244.0 243.0 243.0 243.0 244.0
21.9546 80.1737 16.5346 20.5435 35.7364 49.6296 39.633 37.2833 88.2327 
57.0 33.0 71.0 13.0 13.0
242.0 222.0 202.0 238.0 239.0 216.0 236.0 216.0 239.0 238.0 197.0 225.0
243.0 243.0 240.0 244.0 244.0 221.0 247.0 230.0 244.0 244.0 244.0 243.0
242.0 241.0 228.0 240.0 236.0 221.0 240.0 182.0 236.0 235.0 194.0 240.0
242.0 243.0 243.0 244.0 244.0 243.0 244.0 243.0 244.0 243.0 243.0 244.0
243.0 244.0 244.0 243.0 244.0 244.0 241.0 244.0 243.0 244.0 244.0 243.0
21.8182 80.0621 16.5346 21.0841 35.7364 49.6296 39.633 37.2833 87.7224 
59.0 32.0 74.0 12.0 12.0
243.0 221.0 201.0 239.0 239.0 215.0 236.0 215.0 239.0 239.0 196.0 225.0
243.0 244.0 239.0 244.0 244.0 222.0 246.0 230.0 244.0 244.0 244.0 244.0
242.0 241.0 227.0 239.0 235.0 220.0 240.0 179.0 236.0 235.0 193.0 240.0
243.0 243.0 243.0 243.0 243.0 243.0 243.0 243.0 243.0 243.0 243.0 243.0
243.0 244.0 244.0 243.0 244.0 244.0 242.0 244.0 242.0 244.0 243.0 244.0
21.8182 80.0621 16.5346 21.6246 35.7364 50 39.633 37.6982 87.7224 
60.0 33.0 78.0 12.0 13.0
243.0 221.0 200.0 239.0 239.0 214.0 237.0 214.0 239.0 239.0 195.0 224.0
242.0 244.0 240.0 243.0 244.0 222.0 246.0 231.0 244.0 243.0 243.0 244.0
242.0 241.0 228.0 238.0 235.0 219.0 240.0 176.0 236.0 235.0 191.0 240.0
243.0 243.0 243.0 244.0 243.0 243.0 244.0 243.0 243.0 243.0 243.0 243.0
244.0 243.0 244.0 243.0 244.0 244.0 243.0 245.0 242.0 243.0 243.0 244.0
21.9546 80.1737 16.5346 21.6246 35.7364 50 40.0061 37.2833 87.2122 
61.0 33.0 80.0 12.0 12.0
242.0 220.0 199.0 238.0 239.0 213.0 236.0 212.0 239.0 239.0 194.0 223.0
243.0 243.0 241.0 243.0 244.0 222.0 247.0 230.0 244.0 244.0 243.0 244.0
242.0 241.0 227.0 238.0 235.0 218.0 240.0 175.0 235.0 234.0 191.0 240.0
243.0 244.0 243.0 244.0 243.0 243.0 243.0 243.0 244.0 243.0 243.0 243.0
243.0 244.0 244.0 244.0 244.0 244.0 243.0 244.0 243.0 244.0 242.0 244.0
21.9546 80.1737 16.5346 21.6246 35.7364 50 39.633 38.1132 87.2122 
62.0 33.0 84.0 12.0 13.0
242.0 219.0 197.0 238.0 239.0 212.0 235.0 211.0 239.0 238.0 194.0 222.0
242.0 244.0 241.0 244.0 244.0 221.0 248.0 230.0 244.0 244.0 243.0 244.0
241.0 241.0 226.0 239.0 235.0 216.0 240.0 170.0 235.0 234.0 189.0 240.0
243.0 243.0 243.0 244.0 244.0 243.0 244.0 242.0 243.0 243.0 243.0 243.0
242.0 244.0 244.0 244.0 243.0 244.0 243.0 243.0 243.0 244.0 242.0 244.0
21.9546 80.1737 16.5346 21.6246 35.7364 50 40.0061 38.5281 87.2122 
62.0 33.0 86.0 13.0 13.0
243.0 219.0 197.0 238.0 239.0 212.0 235.0 211.0 239.0 238.0 193.0 222.0
242.0 244.0 241.0 243.0 244.0 222.0 247.0 229.0 245.0 244.0 244.0 244.0
242.0 241.0 225.0 238.0 234.0 215.0 240.0 168.0 234.0 234.0 189.0 240.0
243.0 243.0 243.0 243.0 243.0 243.0 243.0 243.0 243.0 243.0 243.0 243.0
242.0 244.0 243.0 243.0 243.0 244.0 243.0 243.0 243.0 243.0 243.0 243.0
