-10000
20.8637 79.9505 17.3038 8.11108 33.0233 51.1111 36.2748 47.6567 6.0898 
22.0 18.0 30.0 13.0 13.0
243.0 233.0 233.0 241.0 241.0 238.0 241.0 237.0 241.0 241.0 235.0 234.0
243.0 243.0 244.0 244.0 243.0 242.0 243.0 239.0 244.0 243.0 237.0 242.0
244.0 243.0 239.0 242.0 242.0 238.0 242.0 225.0 238.0 238.0 231.0 243.0
243.0 244.0 243.0 243.0 243.0 244.0 243.0 243.0 243.0 243.0 243.0 243.0
243.0 243.0 243.0 243.0 244.0 243.0 243.0 244.0 243.0 243.0 243.0 243.0
20.8637 79.7273 17.3038 11.3543 31.8605 54.8148 36.6479 48.0717 6.0898 
23.0 21.0 32.0 13.0 13.0
243.0 231.0 232.0 241.0 241.0 237.0 240.0 236.0 241.0 241.0 232.0 231.0
243.0 244.0 244.0 244.0 243.0 243.0 244.0 236.0 244.0 244.0 233.0 244.0
244.0 243.0 239.0 243.0 241.0 236.0 241.0 221.0 238.0 239.0 229.0 242.0
242.0 243.0 243.0 243.0 242.0 242.0 244.0 243.0 243.0 243.0 243.0 243.0
243.0 243.0 243.0 243.0 243.0 244.0 243.0 243.0 244.0 242.0 244.0 242.0
20.591 79.2809 15.3808 27.03 31.4729 57.7778 35.9016 49.3165 5.57959 
33.0 23.0 40.0 13.0 13.0
243.0 228.0 223.0 240.0 240.0 231.0 239.0 231.0 240.0 240.0 220.0 228.0
243.0 244.0 244.0 244.0 243.0 243.0 244.0 234.0 244.0 244.0 232.0 243.0
244.0 242.0 239.0 243.0 242.0 234.0 241.0 215.0 238.0 238.0 226.0 241.0
243.0 243.0 243.0 243.0 243.0 243.0 243.0 243.0 243.0 243.0 242.0 243.0
242.0 244.0 244.0 243.0 242.0 244.0 244.0 243.0 243.0 243.0 244.0 243.0
20.591 79.0577 14.6115 31.3543 31.4729 59.2593 35.9016 50.1463 5.06939 
42.0 27.0 42.0 13.0 13.0
243.0 229.0 218.0 240.0 240.0 226.0 238.0 225.0 240.0 239.0 212.0 230.0
243.0 244.0 244.0 243.0 243.0 242.0 244.0 230.0 244.0 244.0 228.0 242.0
244.0 242.0 239.0 243.0 241.0 233.0 240.0 213.0 238.0 238.0 226.0 240.0
242.0 244.0 243.0 243.0 243.0 243.0 244.0 243.0 243.0 243.0 243.0 243.0
243.0 243.0 243.0 243.0 243.0 242.0 243.0 243.0 243.0 243.0 243.0 242.0
20.7273 79.2809 13.8423 34.5976 31.8605 59.6296 35.5285 51.3912 4.55918 
46.0 31.0 45.0 13.0 13.0
242.0 230.0 216.0 239.0 239.0 224.0 237.0 221.0 240.0 239.0 208.0 231.0
243.0 243.0 244.0 244.0 243.0 243.0 245.0 225.0 244.0 244.0 222.0 243.0
244.0 242.0 239.0 244.0 241.0 232.0 241.0 210.0 238.0 238.0 226.0 241.0
242.0 243.0 244.0 243.0 243.0 243.0 243.0 243.0 242.0 243.0 243.0 243.0
244.0 243.0 242.0 244.0 242.0 243.0 243.0 244.0 243.0 243.0 243.0 243.0
20.7273 79.5041 13.4577 35.1381 32.6357 58.8889 35.9016 51.8061 4.04898 
49.0 35.0 47.0 13.0 13.0
242.0 230.0 215.0 239.0 239.0 223.0 237.0 220.0 240.0 239.0 206.0 230.0
243.0 243.0 244.0 244.0 243.0 242.0 245.0 221.0 244.0 244.0 219.0 243.0
244.0 242.0 238.0 244.0 242.0 231.0 240.0 208.0 238.0 238.0 226.0 241.0
243.0 244.0 243.0 243.0 243.0 243.0 243.0 243.0 243.0 243.0 243.0 243.0
243.0 243.0 243.0 243.0 243.0 243.0 242.0 244.0 242.0 244.0 243.0 244.0
20.7273 79.6157 13.0731 36.7597 32.6357 59.6296 35.9016 53.0509 4.04898 
51.0 38.0 50.0 13.0 13.0
242.0 230.0 214.0 239.0 239.0 221.0 237.0 218.0 239.0 239.0 203.0 231.0
243.0 243.0 244.0 244.0 244.0 241.0 246.0 217.0 244.0 245.0 217.0 243.0
244.0 242.0 239.0 244.0 242.0 231.0 241.0 205.0 238.0 238.0 226.0 241.0
243.0 243.0 243.0 243.0 243.0 243.0 244.0 242.0 243.0 243.0 243.0 242.0
243.0 244.0 243.0 243.0 243.0 243.0 243.0 244.0 242.0 243.0 243.0 242.0
20.3182 79.5041 12.6885 38.3814 33.0233 60.3704 36.2748 53.4659 3.53878 
54.0 44.0 52.0 13.0 13.0
242.0 230.0 212.0 239.0 239.0 219.0 236.0 215.0 239.0 239.0 201.0 231.0
243.0 243.0 244.0 243.0 243.0 241.0 246.0 211.0 244.0 244.0 215.0 243.0
244.0 242.0 239.0 245.0 243.0 229.0 241.0 202.0 238.0 238.0 226.0 241.0
243.0 243.0 243.0 243.0 243.0 243.0 243.0 243.0 243.0 243.0 243.0 243.0
243.0 242.0 243.0 243.0 243.0 242.0 242.0 243.0 243.0 243.0 243.0 243.0
20.3182 79.6157 12.6885 38.3814 33.0233 61.1111 36.2748 54.2957 3.02857 
56.0 47.0 55.0 13.0 13.0
242.0 230.0 212.0 239.0 239.0 219.0 236.0 214.0 239.0 240.0 199.0 230.0
243.0 243.0 243.0 243.0 243.0 239.0 246.0 207.0 244.0 244.0 213.0 243.0
245.0 242.0 239.0 245.0 243.0 229.0 241.0 200.0 238.0 237.0 226.0 241.0
242.0 243.0 243.0 243.0 243.0 243.0 243.0 243.0 242.0 243.0 243.0 243.0
242.0 242.0 243.0 242.0 244.0 243.0 243.0 243.0 243.0 244.0 243.0 243.0
21 80.0621 12.3038 38.3814 33.7984 60.7407 36.6479 54.2957 3.02857 
57.0 54.0 55.0 12.0 13.0
242.0 229.0 212.0 239.0 239.0 220.0 236.0 215.0 239.0 239.0 198.0 230.0
243.0 243.0 243.0 244.0 243.0 238.0 246.0 201.0 244.0 244.0 210.0 243.0
246.0 242.0 240.0 247.0 244.0 230.0 241.0 200.0 238.0 237.0 227.0 240.0
243.0 244.0 243.0 243.0 243.0 243.0 244.0 243.0 242.0 243.0 243.0 243.0
243.0 244.0 242.0 243.0 243.0 244.0 243.0 244.0 244.0 243.0 244.0 242.0
21.1364 80.0621 12.6885 38.3814 33.4109 60.7407 36.6479 53.8808 3.02857 
58.0 56.0 57.0 13.0 13.0
242.0 229.0 211.0 239.0 239.0 219.0 236.0 213.0 239.0 239.0 196.0 229.0
243.0 243.0 243.0 243.0 242.0 237.0 246.0 199.0 244.0 244.0 210.0 243.0
246.0 242.0 240.0 247.0 244.0 229.0 241.0 197.0 237.0 237.0 226.0 240.0
243.0 243.0 243.0 242.0 243.0 243.0 243.0 242.0 242.0 243.0 243.0 243.0
242.0 243.0 243.0 244.0 243.0 243.0 243.0 244.0 243.0 242.0 243.0 243.0
21.1364 80.0621 12.6885 38.9219 34.186 60.3704 36.6479 54.2957 3.02857 
60.0 58.0 58.0 13.0 13.0
242.0 229.0 211.0 239.0 239.0 218.0 236.0 211.0 239.0 239.0 194.0 229.0
242.0 243.0 243.0 244.0 242.0 236.0 246.0 195.0 244.0 244.0 205.0 243.0
245.0 242.0 240.0 247.0 244.0 229.0 241.0 197.0 237.0 238.0 227.0 240.0
242.0 244.0 243.0 243.0 243.0 243.0 243.0 242.0 242.0 243.0 243.0 243.0
242.0 243.0 243.0 243.0 243.0 243.0 243.0 243.0 242.0 243.0 244.0 242.0
21 80.1737 12.3038 39.4624 34.186 60.3704 36.6479 54.7107 3.02857 
62.0 62.0 58.0 13.0 12.0
242.0 229.0 211.0 239.0 239.0 217.0 236.0 210.0 239.0 239.0 193.0 229.0
242.0 243.0 242.0 244.0 242.0 237.0 245.0 192.0 244.0 244.0 204.0 243.0
246.0 242.0 240.0 247.0 244.0 228.0 241.0 197.0 237.0 237.0 227.0 240.0
243.0 244.0 243.0 243.0 243.0 243.0 243.0 243.0 242.0 243.0 243.0 243.0
243.0 243.0 243.0 242.0 243.0 243.0 242.0 244.0 243.0 243.0 243.0 242.0
21 80.0621 12.3038 39.4624 34.186 60.3704 36.6479 54.7107 3.02857 
62.0 63.0 59.0 13.0 13.0
241.0 229.0 211.0 238.0 239.0 218.0 236.0 210.0 239.0 239.0 193.0 229.0
243.0 244.0 243.0 244.0 243.0 236.0 246.0 192.0 244.0 244.0 203.0 243.0
246.0 241.0 240.0 247.0 244.0 228.0 241.0 197.0 236.0 237.0 227.0 240.0
243.0 244.0 243.0 243.0 243.0 243.0 244.0 242.0 242.0 243.0 243.0 243.0
243.0 242.0 243.0 243.0 242.0 243.0 243.0 243.0 243.0 243.0 243.0 243.0
