-10000
21.9546 79.8389 17.3038 21.6246 33.0233 46.2963 39.633 28.9845 88.2327 
41.0 17.0 57.0 12.0 13.0
242.0 232.0 216.0 240.0 240.0 224.0 237.0 223.0 240.0 239.0 214.0 234.0
242.0 244.0 243.0 244.0 244.0 239.0 246.0 241.0 244.0 244.0 244.0 244.0
243.0 240.0 232.0 238.0 236.0 232.0 238.0 218.0 237.0 237.0 197.0 235.0
243.0 244.0 243.0 243.0 244.0 243.0 244.0 243.0 243.0 243.0 243.0 243.0
242.0 243.0 243.0 243.0 244.0 243.0 244.0 243.0 242.0 244.0 243.0 244.0
21.9546 79.8389 17.6885 21.6246 34.186 47.4074 39.2599 31.0592 88.2327 
47.0 19.0 62.0 12.0 13.0
242.0 230.0 210.0 239.0 239.0 220.0 238.0 220.0 239.0 238.0 208.0 231.0
244.0 244.0 240.0 243.0 244.0 236.0 246.0 240.0 244.0 244.0 244.0 244.0
243.0 240.0 230.0 239.0 236.0 230.0 238.0 212.0 237.0 236.0 193.0 235.0
243.0 243.0 243.0 244.0 244.0 243.0 243.0 243.0 243.0 243.0 243.0 243.0
244.0 243.0 242.0 242.0 243.0 243.0 243.0 244.0 243.0 243.0 242.0 244.0
21.9546 79.9505 17.6885 21.0841 34.186 48.5185 38.8867 33.9638 88.2327 
51.0 21.0 63.0 12.0 12.0
243.0 228.0 208.0 239.0 240.0 219.0 237.0 218.0 239.0 238.0 204.0 230.0
243.0 243.0 241.0 243.0 244.0 232.0 247.0 239.0 244.0 244.0 244.0 244.0
243.0 241.0 230.0 238.0 236.0 229.0 239.0 205.0 237.0 236.0 191.0 238.0
243.0 243.0 243.0 244.0 243.0 243.0 243.0 243.0 243.0 243.0 243.0 243.0
242.0 244.0 243.0 243.0 243.0 243.0 244.0 243.0 243.0 244.0 243.0 243.0
21.8182 79.8389 17.3038 21.0841 34.5736 48.8889 38.8867 35.6235 88.2327 
53.0 24.0 64.0 13.0 13.0
242.0 226.0 206.0 239.0 239.0 218.0 236.0 218.0 239.0 238.0 201.0 228.0
243.0 244.0 240.0 244.0 244.0 229.0 248.0 237.0 244.0 244.0 244.0 244.0
243.0 241.0 228.0 239.0 236.0 226.0 239.0 197.0 236.0 236.0 193.0 239.0
242.0 243.0 243.0 244.0 243.0 243.0 244.0 243.0 243.0 243.0 243.0 243.0
242.0 244.0 243.0 244.0 243.0 243.0 242.0 244.0 243.0 244.0 242.0 244.0
21.8182 79.9505 16.9192 20.003 35.3488 48.8889 39.2599 36.0385 87.2122 
56.0 28.0 65.0 12.0 13.0
242.0 223.0 203.0 239.0 239.0 217.0 237.0 217.0 239.0 238.0 198.0 226.0
244.0 244.0 240.0 244.0 244.0 226.0 247.0 233.0 244.0 244.0 244.0 243.0
242.0 241.0 228.0 239.0 236.0 223.0 239.0 189.0 236.0 235.0 191.0 239.0
242.0 243.0 243.0 243.0 244.0 243.0 243.0 243.0 243.0 243.0 243.0 243.0
243.0 243.0 244.0 244.0 243.0 243.0 243.0 243.0 242.0 244.0 243.0 244.0
22.091 80.1737 16.9192 20.003 35.3488 49.6296 39.633 36.4534 87.7224 
58.0 30.0 69.0 12.0 13.0
242.0 222.0 202.0 239.0 239.0 217.0 237.0 218.0 239.0 238.0 196.0 225.0
243.0 244.0 239.0 244.0 244.0 225.0 247.0 232.0 244.0 244.0 244.0 243.0
242.0 240.0 226.0 238.0 235.0 221.0 240.0 186.0 236.0 235.0 190.0 238.0
243.0 243.0 242.0 244.0 243.0 243.0 243.0 243.0 243.0 243.0 243.0 243.0
241.0 244.0 243.0 242.0 244.0 244.0 243.0 243.0 242.0 244.0 243.0 244.0
21.9546 80.2854 16.5346 21.0841 35.7364 49.6296 39.633 37.2833 87.7224 
61.0 33.0 71.0 13.0 12.0
242.0 221.0 199.0 238.0 239.0 214.0 236.0 215.0 239.0 238.0 194.0 225.0
243.0 243.0 239.0 243.0 244.0 222.0 247.0 229.0 244.0 244.0 244.0 244.0
242.0 241.0 224.0 238.0 234.0 220.0 239.0 183.0 236.0 235.0 189.0 239.0
243.0 243.0 244.0 244.0 244.0 243.0 243.0 242.0 243.0 243.0 243.0 243.0
243.0 244.0 243.0 243.0 243.0 244.0 242.0 244.0 243.0 243.0 242.0 244.0
21.8182 80.1737 16.5346 21.0841 35.7364 49.6296 40.0061 38.1132 87.7224 
62.0 33.0 74.0 12.0 13.0
242.0 221.0 198.0 238.0 239.0 214.0 236.0 215.0 239.0 238.0 193.0 224.0
243.0 244.0 239.0 244.0 244.0 222.0 247.0 230.0 244.0 244.0 244.0 243.0
242.0 241.0 224.0 238.0 234.0 219.0 239.0 179.0 235.0 235.0 188.0 239.0
243.0 243.0 243.0 244.0 244.0 243.0 244.0 243.0 243.0 243.0 243.0 243.0
242.0 244.0 243.0 243.0 244.0 244.0 242.0 244.0 243.0 244.0 242.0 243.0
21.8182 80.1737 16.5346 21.0841 35.7364 50 40.0061 38.1132 87.7224 
63.0 33.0 78.0 12.0 13.0
242.0 220.0 197.0 238.0 239.0 213.0 236.0 213.0 239.0 238.0 192.0 224.0
243.0 244.0 239.0 244.0 244.0 221.0 247.0 231.0 244.0 244.0 244.0 243.0
242.0 240.0 224.0 237.0 234.0 217.0 239.0 175.0 235.0 234.0 187.0 238.0
243.0 243.0 243.0 244.0 244.0 243.0 243.0 243.0 243.0 243.0 243.0 243.0
242.0 244.0 242.0 243.0 244.0 243.0 243.0 244.0 243.0 242.0 242.0 244.0
21.8182 80.1737 16.9192 21.6246 35.7364 50 40.3793 38.5281 87.2122 
65.0 33.0 81.0 12.0 13.0
242.0 221.0 195.0 238.0 239.0 207.0 234.0 203.0 238.0 238.0 192.0 224.0
243.0 243.0 240.0 243.0 244.0 222.0 247.0 230.0 244.0 244.0 243.0 243.0
241.0 240.0 223.0 237.0 234.0 216.0 239.0 173.0 235.0 234.0 185.0 239.0
243.0 243.0 243.0 243.0 244.0 243.0 243.0 243.0 243.0 243.0 243.0 243.0
242.0 244.0 243.0 243.0 244.0 244.0 243.0 243.0 242.0 244.0 242.0 244.0
21.9546 80.2854 16.9192 21.0841 36.124 50 40.3793 38.5281 87.2122 
64.0 33.0 83.0 13.0 13.0
242.0 221.0 195.0 238.0 238.0 204.0 234.0 202.0 238.0 238.0 191.0 223.0
243.0 243.0 241.0 244.0 244.0 222.0 247.0 229.0 244.0 243.0 243.0 244.0
241.0 240.0 223.0 237.0 233.0 217.0 239.0 172.0 235.0 234.0 185.0 238.0
243.0 243.0 243.0 244.0 243.0 243.0 243.0 243.0 244.0 243.0 243.0 243.0
243.0 243.0 244.0 243.0 243.0 243.0 243.0 243.0 244.0 244.0 242.0 244.0
21.9546 80.2854 16.9192 21.6246 36.124 50 40.3793 38.5281 87.2122 
64.0 32.0 85.0 12.0 13.0
242.0 220.0 195.0 238.0 238.0 203.0 233.0 202.0 238.0 238.0 190.0 223.0
243.0 243.0 240.0 243.0 244.0 224.0 246.0 231.0 244.0 244.0 244.0 243.0
242.0 241.0 222.0 236.0 233.0 215.0 239.0 170.0 234.0 233.0 185.0 239.0
243.0 243.0 243.0 243.0 244.0 243.0 243.0 243.0 243.0 243.0 244.0 243.0
243.0 244.0 242.0 244.0 244.0 243.0 242.0 243.0 243.0 243.0 243.0 243.0
