-10000
21 80.5086 14.9962 25.9489 31.8605 53.3333 34.7822 48.4866 5.57959 
30.0 20.0 29.0 12.0 12.0
242.0 234.0 226.0 240.0 241.0 231.0 239.0 231.0 240.0 240.0 226.0 236.0
243.0 243.0 243.0 243.0 243.0 242.0 244.0 239.0 244.0 244.0 236.0 242.0
244.0 242.0 240.0 244.0 242.0 239.0 241.0 226.0 238.0 239.0 231.0 242.0
243.0 243.0 243.0 243.0 243.0 243.0 243.0 243.0 242.0 243.0 243.0 242.0
244.0 243.0 243.0 244.0 244.0 244.0 242.0 244.0 243.0 244.0 244.0 243.0
21 80.397 16.15 24.3273 31.0853 55.9259 35.1554 48.9015 5.57959 
32.0 24.0 34.0 13.0 13.0
243.0 231.0 224.0 240.0 240.0 231.0 239.0 230.0 240.0 240.0 222.0 233.0
243.0 243.0 243.0 244.0 243.0 242.0 244.0 235.0 244.0 244.0 231.0 243.0
244.0 242.0 240.0 244.0 242.0 237.0 240.0 220.0 238.0 239.0 229.0 242.0
242.0 244.0 243.0 243.0 243.0 243.0 243.0 242.0 242.0 243.0 243.0 242.0
244.0 243.0 243.0 243.0 243.0 244.0 243.0 244.0 243.0 244.0 243.0 242.0
21 80.2854 15.7654 27.5705 30.6977 57.7778 35.1554 50.1463 5.06939 
38.0 26.0 39.0 13.0 12.0
243.0 230.0 219.0 240.0 240.0 228.0 238.0 227.0 240.0 239.0 217.0 232.0
243.0 243.0 243.0 244.0 243.0 242.0 245.0 232.0 244.0 244.0 228.0 243.0
244.0 242.0 240.0 244.0 242.0 235.0 240.0 215.0 238.0 238.0 227.0 241.0
243.0 243.0 243.0 243.0 243.0 243.0 244.0 243.0 243.0 243.0 243.0 243.0
244.0 244.0 244.0 243.0 244.0 243.0 243.0 244.0 243.0 244.0 243.0 244.0
20.7273 80.2854 15.3808 29.7327 31.0853 58.5185 35.5285 50.5613 4.55918 
42.0 31.0 42.0 13.0 13.0
242.0 229.0 217.0 239.0 240.0 226.0 238.0 225.0 240.0 239.0 212.0 232.0
243.0 243.0 242.0 243.0 243.0 241.0 246.0 227.0 244.0 244.0 224.0 243.0
244.0 242.0 239.0 244.0 242.0 234.0 240.0 212.0 238.0 238.0 227.0 241.0
243.0 243.0 243.0 243.0 243.0 243.0 243.0 243.0 243.0 243.0 243.0 243.0
243.0 243.0 243.0 243.0 243.0 244.0 243.0 244.0 243.0 244.0 243.0 243.0
20.7273 80.397 14.9962 30.2732 31.8605 58.5185 35.5285 51.3912 4.04898 
45.0 35.0 44.0 13.0 12.0
242.0 229.0 216.0 240.0 239.0 225.0 237.0 224.0 240.0 239.0 210.0 231.0
243.0 243.0 243.0 244.0 243.0 241.0 247.0 221.0 244.0 244.0 219.0 243.0
244.0 242.0 240.0 244.0 243.0 234.0 241.0 211.0 238.0 238.0 228.0 242.0
243.0 243.0 243.0 243.0 243.0 243.0 243.0 243.0 243.0 243.0 243.0 242.0
243.0 244.0 243.0 244.0 244.0 244.0 244.0 244.0 244.0 243.0 244.0 243.0
20.7273 80.6202 14.2269 32.4354 32.2481 58.8889 35.9016 51.8061 3.53878 
48.0 37.0 47.0 13.0 13.0
242.0 229.0 213.0 239.0 239.0 223.0 237.0 221.0 239.0 239.0 207.0 231.0
243.0 243.0 243.0 244.0 243.0 240.0 246.0 219.0 244.0 244.0 217.0 242.0
244.0 242.0 239.0 245.0 243.0 233.0 241.0 208.0 237.0 238.0 226.0 241.0
243.0 243.0 243.0 243.0 243.0 243.0 243.0 243.0 243.0 243.0 243.0 243.0
242.0 243.0 243.0 243.0 243.0 244.0 242.0 244.0 243.0 242.0 244.0 243.0
20.8637 80.8434 13.8423 33.5165 32.6357 59.2593 35.9016 53.0509 3.53878 
49.0 41.0 49.0 13.0 13.0
242.0 229.0 213.0 239.0 239.0 221.0 237.0 220.0 240.0 239.0 205.0 231.0
243.0 243.0 242.0 243.0 243.0 240.0 246.0 214.0 244.0 244.0 216.0 243.0
245.0 242.0 239.0 246.0 243.0 232.0 241.0 206.0 237.0 238.0 227.0 242.0
243.0 243.0 243.0 243.0 244.0 243.0 243.0 243.0 243.0 243.0 243.0 243.0
243.0 243.0 244.0 243.0 243.0 243.0 243.0 243.0 243.0 243.0 243.0 242.0
20.8637 80.955 13.4577 34.057 33.0233 60.3704 36.2748 53.4659 3.53878 
51.0 48.0 52.0 13.0 12.0
242.0 228.0 212.0 239.0 239.0 221.0 237.0 218.0 239.0 239.0 203.0 230.0
243.0 243.0 243.0 243.0 243.0 238.0 247.0 205.0 244.0 244.0 214.0 243.0
245.0 242.0 240.0 246.0 244.0 231.0 241.0 202.0 237.0 238.0 228.0 241.0
242.0 243.0 243.0 243.0 243.0 243.0 243.0 243.0 242.0 243.0 243.0 243.0
244.0 244.0 243.0 244.0 244.0 243.0 243.0 244.0 243.0 243.0 244.0 243.0
21 81.0666 13.0731 35.1381 33.4109 60.3704 36.6479 53.4659 3.02857 
53.0 53.0 54.0 13.0 13.0
242.0 228.0 211.0 239.0 239.0 220.0 236.0 217.0 239.0 239.0 201.0 230.0
243.0 243.0 242.0 243.0 242.0 237.0 247.0 201.0 244.0 244.0 211.0 243.0
245.0 242.0 240.0 247.0 244.0 231.0 241.0 201.0 237.0 237.0 228.0 241.0
242.0 244.0 243.0 243.0 243.0 243.0 244.0 243.0 242.0 243.0 243.0 243.0
244.0 244.0 244.0 242.0 244.0 244.0 245.0 243.0 244.0 243.0 244.0 244.0
21.1364 80.955 13.0731 36.2192 33.4109 61.1111 36.6479 53.8808 3.02857 
54.0 54.0 56.0 13.0 13.0
242.0 228.0 211.0 239.0 239.0 219.0 236.0 215.0 240.0 239.0 200.0 230.0
243.0 243.0 242.0 243.0 242.0 237.0 246.0 199.0 244.0 244.0 211.0 243.0
246.0 241.0 240.0 247.0 244.0 231.0 241.0 198.0 236.0 237.0 227.0 240.0
242.0 243.0 243.0 243.0 243.0 243.0 243.0 242.0 243.0 243.0 242.0 243.0
243.0 243.0 243.0 244.0 243.0 244.0 242.0 244.0 242.0 244.0 244.0 243.0
21.1364 81.0666 13.0731 36.2192 33.7984 60.3704 37.021 53.8808 3.02857 
56.0 59.0 57.0 13.0 12.0
242.0 228.0 210.0 239.0 239.0 218.0 236.0 215.0 239.0 239.0 199.0 230.0
243.0 243.0 242.0 243.0 243.0 236.0 247.0 194.0 244.0 243.0 207.0 243.0
245.0 242.0 240.0 248.0 244.0 230.0 241.0 199.0 236.0 237.0 228.0 240.0
242.0 244.0 243.0 243.0 243.0 243.0 243.0 243.0 243.0 243.0 243.0 243.0
244.0 242.0 243.0 243.0 243.0 243.0 243.0 243.0 243.0 242.0 244.0 243.0
21.2728 81.1782 13.0731 35.6786 33.7984 60 37.021 54.2957 3.02857 
57.0 64.0 57.0 13.0 13.0
242.0 228.0 210.0 239.0 239.0 218.0 236.0 215.0 239.0 239.0 198.0 229.0
243.0 243.0 242.0 243.0 242.0 235.0 247.0 191.0 244.0 244.0 206.0 243.0
246.0 242.0 240.0 247.0 244.0 229.0 241.0 198.0 236.0 236.0 228.0 241.0
242.0 244.0 243.0 243.0 243.0 243.0 243.0 242.0 242.0 243.0 243.0 243.0
243.0 243.0 243.0 243.0 243.0 243.0 243.0 243.0 243.0 243.0 243.0 243.0
21.2728 81.0666 12.6885 36.2192 33.7984 60.3704 37.021 54.7107 2.51837 
58.0 66.0 58.0 13.0 12.0
242.0 228.0 210.0 239.0 239.0 218.0 236.0 213.0 239.0 239.0 197.0 229.0
243.0 243.0 242.0 243.0 242.0 235.0 246.0 189.0 244.0 244.0 205.0 243.0
245.0 242.0 240.0 248.0 244.0 229.0 241.0 197.0 236.0 237.0 228.0 241.0
243.0 244.0 243.0 243.0 243.0 243.0 243.0 242.0 242.0 243.0 242.0 243.0
243.0 243.0 244.0 244.0 243.0 243.0 244.0 243.0 243.0 243.0 244.0 244.0
