-10000
20.7273 80.2854 12.6885 29.1922 35.3488 50 37.021 39.358 83.6408 
42.0 17.0 44.0 11.0 12.0
244.0 241.0 224.0 241.0 239.0 215.0 234.0 213.0 239.0 241.0 227.0 241.0
244.0 244.0 244.0 245.0 244.0 238.0 247.0 239.0 245.0 244.0 245.0 244.0
243.0 239.0 232.0 236.0 234.0 230.0 234.0 212.0 232.0 235.0 229.0 241.0
244.0 244.0 244.0 244.0 244.0 244.0 244.0 244.0 244.0 244.0 244.0 244.0
244.0 244.0 244.0 243.0 244.0 245.0 244.0 243.0 244.0 244.0 244.0 244.0
20.8637 80.397 16.15 27.5705 35.3488 50.3704 36.6479 39.7729 84.151 
49.0 19.0 45.0 11.0 12.0
243.0 240.0 222.0 240.0 238.0 207.0 232.0 206.0 239.0 240.0 225.0 241.0
244.0 244.0 244.0 244.0 245.0 237.0 247.0 236.0 245.0 244.0 245.0 244.0
242.0 240.0 232.0 236.0 234.0 230.0 234.0 210.0 231.0 234.0 229.0 241.0
244.0 244.0 244.0 244.0 244.0 244.0 244.0 244.0 244.0 244.0 244.0 244.0
244.0 244.0 244.0 244.0 245.0 244.0 245.0 244.0 244.0 244.0 244.0 244.0
20.7273 80.1737 17.3038 26.4895 35.3488 50 36.6479 39.358 84.6612 
55.0 21.0 46.0 11.0 12.0
243.0 240.0 219.0 240.0 238.0 201.0 231.0 200.0 238.0 239.0 223.0 241.0
244.0 244.0 244.0 244.0 244.0 235.0 247.0 234.0 245.0 244.0 245.0 244.0
242.0 239.0 232.0 235.0 233.0 229.0 233.0 209.0 231.0 234.0 228.0 241.0
244.0 244.0 244.0 244.0 244.0 244.0 244.0 244.0 244.0 244.0 244.0 244.0
244.0 244.0 244.0 244.0 244.0 244.0 244.0 243.0 244.0 244.0 244.0 245.0
20.4546 80.0621 17.6885 25.4084 35.7364 49.2593 37.021 39.7729 84.6612 
58.0 24.0 46.0 11.0 11.0
244.0 240.0 216.0 239.0 238.0 198.0 230.0 197.0 238.0 240.0 221.0 240.0
244.0 244.0 244.0 244.0 245.0 232.0 247.0 231.0 244.0 245.0 244.0 244.0
242.0 239.0 231.0 235.0 234.0 229.0 233.0 209.0 231.0 234.0 228.0 241.0
244.0 244.0 244.0 244.0 244.0 244.0 244.0 244.0 244.0 244.0 244.0 244.0
245.0 244.0 245.0 244.0 245.0 245.0 244.0 244.0 245.0 244.0 245.0 245.0
20.8637 80.1737 18.0731 24.8678 35.7364 49.2593 38.1404 39.358 84.6612 
60.0 24.0 50.0 11.0 12.0
243.0 239.0 215.0 240.0 238.0 195.0 230.0 195.0 238.0 239.0 219.0 240.0
244.0 244.0 244.0 244.0 244.0 232.0 248.0 229.0 245.0 245.0 245.0 244.0
242.0 240.0 231.0 235.0 234.0 228.0 233.0 205.0 230.0 234.0 228.0 241.0
244.0 244.0 244.0 244.0 244.0 244.0 244.0 244.0 244.0 244.0 244.0 244.0
245.0 244.0 245.0 245.0 245.0 244.0 245.0 243.0 244.0 245.0 245.0 246.0
20.591 80.1737 18.0731 24.3273 35.7364 49.2593 38.5136 39.358 84.6612 
61.0 25.0 53.0 11.0 11.0
243.0 239.0 214.0 239.0 238.0 194.0 230.0 194.0 238.0 239.0 218.0 240.0
244.0 244.0 244.0 244.0 244.0 232.0 247.0 230.0 245.0 245.0 244.0 244.0
242.0 239.0 231.0 236.0 234.0 227.0 233.0 200.0 230.0 233.0 227.0 241.0
244.0 244.0 244.0 244.0 244.0 244.0 244.0 244.0 244.0 244.0 244.0 244.0
244.0 244.0 244.0 244.0 244.0 245.0 245.0 244.0 244.0 244.0 244.0 244.0
20.591 80.0621 18.4577 23.7868 35.7364 49.2593 38.8867 38.5281 84.6612 
62.0 25.0 59.0 11.0 11.0
243.0 239.0 213.0 239.0 238.0 194.0 229.0 192.0 238.0 239.0 217.0 240.0
244.0 244.0 244.0 244.0 245.0 233.0 247.0 231.0 245.0 245.0 244.0 244.0
242.0 239.0 230.0 234.0 233.0 226.0 232.0 194.0 229.0 233.0 227.0 241.0
244.0 244.0 244.0 244.0 244.0 244.0 244.0 244.0 244.0 244.0 244.0 244.0
244.0 244.0 245.0 244.0 244.0 245.0 244.0 243.0 244.0 245.0 244.0 244.0
20.3182 79.9505 18.4577 23.2462 35.7364 49.6296 38.8867 38.5281 84.6612 
63.0 24.0 63.0 11.0 12.0
243.0 239.0 212.0 239.0 238.0 192.0 230.0 192.0 238.0 240.0 217.0 240.0
244.0 244.0 244.0 244.0 244.0 233.0 248.0 231.0 245.0 244.0 245.0 244.0
242.0 239.0 230.0 235.0 233.0 224.0 232.0 191.0 229.0 232.0 226.0 241.0
244.0 244.0 244.0 244.0 244.0 244.0 244.0 244.0 244.0 244.0 244.0 244.0
244.0 244.0 244.0 243.0 244.0 244.0 245.0 243.0 244.0 244.0 244.0 244.0
20.3182 79.9505 18.4577 22.7057 35.7364 49.6296 38.8867 38.1132 84.6612 
64.0 24.0 66.0 11.0 12.0
243.0 239.0 211.0 239.0 238.0 190.0 229.0 190.0 238.0 239.0 215.0 240.0
244.0 244.0 244.0 244.0 245.0 232.0 248.0 231.0 245.0 244.0 245.0 244.0
241.0 239.0 230.0 235.0 233.0 223.0 231.0 188.0 228.0 232.0 226.0 241.0
244.0 244.0 244.0 244.0 244.0 244.0 244.0 244.0 244.0 244.0 244.0 244.0
244.0 244.0 244.0 244.0 244.0 245.0 244.0 244.0 244.0 244.0 244.0 244.0
20.4546 80.0621 18.4577 22.7057 35.7364 49.6296 39.2599 38.5281 84.6612 
65.0 23.0 70.0 11.0 11.0
243.0 239.0 211.0 239.0 238.0 190.0 229.0 190.0 238.0 239.0 215.0 240.0
244.0 244.0 244.0 245.0 244.0 233.0 248.0 231.0 245.0 245.0 245.0 244.0
242.0 239.0 230.0 235.0 233.0 222.0 232.0 185.0 228.0 232.0 226.0 241.0
244.0 244.0 244.0 244.0 244.0 244.0 244.0 244.0 244.0 244.0 244.0 244.0
244.0 244.0 244.0 244.0 244.0 245.0 244.0 244.0 244.0 244.0 244.0 244.0
20.591 80.0621 18.4577 22.7057 35.7364 49.6296 39.2599 38.1132 84.6612 
66.0 23.0 72.0 11.0 12.0
243.0 239.0 211.0 239.0 238.0 190.0 229.0 189.0 238.0 240.0 215.0 240.0
244.0 243.0 244.0 245.0 244.0 233.0 247.0 231.0 245.0 245.0 244.0 244.0
241.0 239.0 230.0 234.0 233.0 222.0 232.0 183.0 228.0 232.0 225.0 241.0
244.0 244.0 244.0 245.0 244.0 244.0 244.0 244.0 244.0 244.0 244.0 244.0
244.0 244.0 244.0 244.0 245.0 244.0 244.0 244.0 244.0 244.0 244.0 244.0
20.591 80.0621 18.4577 22.7057 36.124 49.6296 39.633 38.1132 84.151 
67.0 22.0 76.0 11.0 12.0
243.0 238.0 210.0 239.0 238.0 189.0 229.0 188.0 238.0 239.0 214.0 239.0
244.0 244.0 244.0 245.0 245.0 233.0 247.0 232.0 245.0 245.0 245.0 244.0
241.0 239.0 230.0 234.0 234.0 220.0 231.0 178.0 228.0 232.0 225.0 241.0
244.0 244.0 244.0 244.0 244.0 244.0 244.0 244.0 244.0 244.0 244.0 244.0
244.0 244.0 245.0 244.0 243.0 245.0 244.0 244.0 244.0 244.0 244.0 245.0
20.1819 80.0621 18.0731 22.7057 36.124 50 39.633 38.5281 84.151 
67.0 23.0 80.0 11.0 11.0
243.0 238.0 210.0 239.0 238.0 187.0 230.0 189.0 238.0 239.0 214.0 239.0
245.0 244.0 244.0 245.0 244.0 234.0 247.0 234.0 245.0 245.0 245.0 244.0
241.0 239.0 229.0 235.0 235.0 219.0 231.0 176.0 228.0 232.0 226.0 241.0
244.0 244.0 244.0 244.0 244.0 244.0 244.0 244.0 244.0 244.0 244.0 244.0
244.0 244.0 244.0 244.0 244.0 244.0 244.0 243.0 245.0 244.0 244.0 244.0
19.9091 79.9505 18.4577 22.1651 35.7364 50 39.633 38.5281 83.6408 
68.0 23.0 80.0 11.0 12.0
243.0 239.0 209.0 239.0 238.0 187.0 229.0 188.0 238.0 239.0 213.0 239.0
245.0 244.0 244.0 244.0 245.0 233.0 248.0 232.0 245.0 245.0 244.0 244.0
241.0 240.0 230.0 235.0 234.0 218.0 230.0 175.0 228.0 232.0 225.0 241.0
244.0 244.0 244.0 244.0 244.0 244.0 244.0 244.0 244.0 244.0 244.0 244.0
244.0 244.0 244.0 244.0 244.0 244.0 245.0 243.0 244.0 244.0 244.0 245.0
