-10000
21.2728 80.0621 16.5346 9.19216 31.4729 55.9259 35.9016 36.0385 6.0898 
20.0 20.0 18.0 13.0 12.0
243.0 238.0 235.0 241.0 241.0 239.0 241.0 238.0 242.0 242.0 237.0 239.0
243.0 243.0 244.0 244.0 243.0 242.0 245.0 237.0 244.0 243.0 234.0 243.0
244.0 243.0 244.0 243.0 241.0 243.0 240.0 241.0 241.0 241.0 237.0 241.0
242.0 244.0 243.0 243.0 243.0 243.0 243.0 243.0 243.0 243.0 243.0 243.0
243.0 244.0 243.0 244.0 243.0 244.0 243.0 244.0 242.0 244.0 244.0 244.0
21.4091 80.2854 14.9962 16.2192 33.0233 58.1481 35.5285 41.0177 6.0898 
20.0 20.0 23.0 13.0 12.0
243.0 236.0 234.0 241.0 241.0 238.0 240.0 237.0 241.0 241.0 234.0 237.0
244.0 244.0 244.0 244.0 244.0 242.0 246.0 234.0 244.0 244.0 235.0 243.0
244.0 243.0 243.0 243.0 241.0 242.0 241.0 238.0 240.0 241.0 232.0 241.0
243.0 243.0 243.0 243.0 243.0 243.0 243.0 242.0 243.0 243.0 243.0 243.0
244.0 244.0 244.0 243.0 244.0 244.0 243.0 244.0 242.0 244.0 244.0 244.0
21.4091 80.1737 11.9192 34.057 32.2481 61.4815 35.5285 45.582 6.0898 
32.0 24.0 25.0 13.0 12.0
242.0 233.0 225.0 240.0 240.0 230.0 238.0 229.0 240.0 240.0 220.0 234.0
243.0 243.0 243.0 243.0 243.0 242.0 245.0 229.0 244.0 244.0 233.0 243.0
244.0 243.0 242.0 243.0 241.0 241.0 241.0 232.0 239.0 240.0 229.0 242.0
242.0 243.0 243.0 243.0 243.0 243.0 243.0 243.0 243.0 243.0 243.0 243.0
244.0 243.0 243.0 243.0 243.0 243.0 243.0 244.0 243.0 244.0 244.0 244.0
21.2728 79.9505 11.9192 37.3003 32.2481 61.4815 35.5285 47.2418 6.0898 
42.0 29.0 27.0 13.0 13.0
242.0 232.0 220.0 239.0 239.0 225.0 237.0 222.0 240.0 239.0 212.0 233.0
243.0 243.0 244.0 243.0 244.0 241.0 246.0 224.0 244.0 244.0 227.0 243.0
244.0 243.0 240.0 244.0 242.0 240.0 241.0 230.0 239.0 239.0 228.0 242.0
242.0 243.0 243.0 243.0 243.0 242.0 243.0 243.0 243.0 243.0 243.0 243.0
243.0 243.0 243.0 243.0 243.0 244.0 243.0 243.0 242.0 243.0 243.0 243.0
21.1364 79.9505 12.3038 37.3003 32.6357 60.7407 35.9016 48.4866 6.0898 
47.0 34.0 28.0 12.0 13.0
242.0 232.0 218.0 239.0 239.0 224.0 237.0 220.0 239.0 239.0 208.0 233.0
242.0 243.0 243.0 243.0 243.0 241.0 246.0 220.0 244.0 244.0 224.0 243.0
244.0 243.0 241.0 244.0 243.0 240.0 242.0 227.0 238.0 239.0 227.0 243.0
242.0 244.0 243.0 243.0 243.0 243.0 243.0 243.0 242.0 244.0 243.0 243.0
242.0 242.0 243.0 243.0 243.0 243.0 243.0 244.0 242.0 243.0 243.0 242.0
21.1364 80.0621 12.3038 37.3003 33.0233 60.7407 35.9016 49.7314 6.0898 
49.0 41.0 31.0 13.0 12.0
242.0 231.0 217.0 239.0 239.0 223.0 237.0 219.0 239.0 239.0 205.0 231.0
243.0 243.0 243.0 243.0 242.0 240.0 246.0 214.0 244.0 244.0 220.0 243.0
244.0 244.0 240.0 246.0 244.0 239.0 242.0 224.0 238.0 238.0 227.0 243.0
243.0 244.0 243.0 243.0 243.0 243.0 244.0 243.0 243.0 243.0 242.0 243.0
243.0 243.0 243.0 244.0 244.0 243.0 242.0 244.0 244.0 244.0 244.0 244.0
21.2728 80.2854 12.3038 37.8408 33.0233 61.8519 35.9016 50.9762 6.0898 
51.0 45.0 33.0 13.0 12.0
242.0 230.0 216.0 239.0 239.0 223.0 237.0 218.0 239.0 239.0 203.0 231.0
243.0 243.0 243.0 243.0 243.0 239.0 246.0 211.0 244.0 244.0 220.0 242.0
244.0 243.0 240.0 245.0 243.0 237.0 242.0 221.0 238.0 238.0 227.0 243.0
242.0 244.0 242.0 243.0 243.0 243.0 243.0 243.0 243.0 243.0 243.0 243.0
244.0 244.0 244.0 244.0 244.0 244.0 243.0 244.0 242.0 244.0 244.0 244.0
21.1364 80.5086 11.9192 38.3814 33.7984 62.2222 36.6479 51.8061 5.57959 
53.0 50.0 36.0 13.0 12.0
242.0 229.0 215.0 239.0 239.0 222.0 236.0 218.0 239.0 239.0 201.0 230.0
243.0 243.0 243.0 243.0 242.0 238.0 246.0 203.0 244.0 244.0 218.0 243.0
244.0 243.0 240.0 247.0 243.0 237.0 243.0 219.0 238.0 237.0 227.0 244.0
242.0 243.0 243.0 243.0 243.0 243.0 243.0 243.0 242.0 243.0 243.0 243.0
243.0 244.0 243.0 243.0 243.0 244.0 244.0 244.0 243.0 244.0 243.0 244.0
21 80.397 12.3038 38.3814 33.7984 61.8519 37.021 52.221 5.06939 
56.0 55.0 37.0 13.0 12.0
241.0 229.0 213.0 238.0 239.0 222.0 236.0 216.0 239.0 239.0 199.0 229.0
242.0 243.0 243.0 244.0 242.0 237.0 246.0 201.0 244.0 244.0 215.0 243.0
244.0 244.0 240.0 247.0 244.0 237.0 243.0 216.0 237.0 237.0 227.0 244.0
243.0 243.0 243.0 243.0 244.0 244.0 243.0 242.0 242.0 243.0 242.0 243.0
244.0 243.0 244.0 244.0 244.0 243.0 244.0 244.0 243.0 244.0 244.0 244.0
21 80.397 12.3038 38.9219 33.4109 62.963 37.021 53.4659 5.06939 
57.0 56.0 40.0 13.0 13.0
242.0 229.0 213.0 238.0 239.0 221.0 236.0 216.0 239.0 239.0 198.0 230.0
243.0 244.0 243.0 243.0 242.0 237.0 246.0 197.0 244.0 244.0 215.0 243.0
244.0 243.0 240.0 247.0 244.0 236.0 243.0 214.0 237.0 237.0 227.0 243.0
242.0 243.0 243.0 243.0 243.0 243.0 243.0 243.0 243.0 243.0 243.0 243.0
243.0 243.0 243.0 243.0 243.0 243.0 242.0 244.0 243.0 243.0 243.0 243.0
20.8637 80.5086 11.9192 38.9219 34.186 62.2222 37.3942 53.4659 4.55918 
59.0 63.0 41.0 13.0 12.0
242.0 227.0 212.0 238.0 239.0 221.0 236.0 215.0 239.0 239.0 196.0 228.0
242.0 243.0 243.0 244.0 242.0 236.0 246.0 193.0 244.0 244.0 212.0 243.0
245.0 244.0 240.0 247.0 244.0 235.0 243.0 212.0 236.0 236.0 228.0 244.0
242.0 243.0 243.0 243.0 243.0 243.0 244.0 243.0 243.0 244.0 243.0 243.0
244.0 243.0 243.0 243.0 243.0 242.0 243.0 244.0 242.0 243.0 244.0 242.0
21 80.5086 12.3038 38.3814 34.186 62.2222 37.3942 53.4659 4.04898 
61.0 64.0 45.0 13.0 13.0
242.0 227.0 211.0 238.0 239.0 221.0 236.0 214.0 239.0 239.0 195.0 227.0
242.0 243.0 243.0 243.0 242.0 236.0 245.0 191.0 244.0 244.0 210.0 243.0
244.0 244.0 240.0 247.0 244.0 235.0 244.0 210.0 236.0 237.0 226.0 243.0
242.0 243.0 243.0 243.0 243.0 243.0 243.0 242.0 243.0 243.0 243.0 243.0
244.0 244.0 243.0 243.0 244.0 243.0 243.0 244.0 243.0 244.0 244.0 243.0
21 80.5086 12.3038 38.3814 34.186 62.2222 37.3942 53.4659 4.04898 
61.0 65.0 45.0 13.0 12.0
242.0 226.0 211.0 238.0 239.0 221.0 236.0 214.0 239.0 239.0 195.0 227.0
243.0 243.0 243.0 243.0 242.0 236.0 246.0 189.0 244.0 244.0 209.0 243.0
245.0 244.0 241.0 248.0 244.0 234.0 243.0 211.0 237.0 236.0 226.0 243.0
242.0 243.0 243.0 243.0 243.0 244.0 243.0 243.0 243.0 243.0 242.0 243.0
244.0 244.0 243.0 244.0 244.0 243.0 243.0 244.0 243.0 244.0 243.0 244.0
21 80.397 12.3038 38.9219 34.186 62.5926 37.3942 53.4659 4.04898 
62.0 67.0 45.0 13.0 12.0
241.0 227.0 210.0 238.0 239.0 220.0 236.0 213.0 239.0 239.0 193.0 227.0
243.0 243.0 242.0 243.0 242.0 235.0 246.0 189.0 244.0 244.0 208.0 243.0
244.0 244.0 240.0 247.0 244.0 234.0 243.0 210.0 237.0 237.0 226.0 243.0
242.0 244.0 243.0 243.0 243.0 242.0 244.0 243.0 242.0 243.0 242.0 242.0
244.0 243.0 244.0 244.0 244.0 244.0 244.0 244.0 243.0 244.0 243.0 244.0
