-10000
20.3182 80.1737 8.84231 32.9759 35.3488 49.2593 31.424 40.1878 82.6204 
23.0 19.0 16.0 12.0 12.0
243.0 239.0 232.0 241.0 242.0 236.0 240.0 236.0 241.0 242.0 234.0 239.0
244.0 244.0 235.0 244.0 244.0 240.0 244.0 242.0 243.0 244.0 241.0 244.0
247.0 244.0 241.0 245.0 241.0 242.0 242.0 241.0 242.0 242.0 239.0 238.0
244.0 243.0 244.0 244.0 244.0 244.0 244.0 243.0 244.0 244.0 243.0 244.0
243.0 244.0 245.0 244.0 244.0 244.0 245.0 244.0 244.0 244.0 244.0 244.0
20.3182 80.0621 16.5346 30.8138 34.9612 49.6296 31.424 41.8476 82.6204 
28.0 20.0 19.0 12.0 12.0
243.0 235.0 227.0 240.0 241.0 232.0 239.0 233.0 241.0 241.0 231.0 237.0
244.0 244.0 234.0 244.0 244.0 240.0 243.0 241.0 243.0 244.0 240.0 244.0
247.0 243.0 241.0 246.0 240.0 241.0 242.0 240.0 242.0 241.0 236.0 237.0
244.0 243.0 244.0 244.0 243.0 243.0 244.0 243.0 243.0 244.0 243.0 244.0
243.0 244.0 245.0 244.0 246.0 244.0 245.0 243.0 244.0 244.0 243.0 244.0
19.7728 79.8389 17.6885 28.1111 34.9612 49.6296 33.6628 41.8476 83.1306 
30.0 21.0 23.0 12.0 12.0
243.0 232.0 225.0 240.0 241.0 232.0 239.0 233.0 241.0 241.0 229.0 235.0
244.0 243.0 232.0 244.0 244.0 239.0 244.0 241.0 244.0 244.0 240.0 244.0
247.0 242.0 239.0 246.0 240.0 241.0 241.0 239.0 241.0 240.0 231.0 238.0
244.0 243.0 244.0 243.0 243.0 243.0 243.0 243.0 243.0 244.0 244.0 243.0
244.0 244.0 245.0 244.0 246.0 243.0 245.0 243.0 244.0 244.0 244.0 243.0
19.5 79.8389 18.0731 25.9489 35.3488 49.2593 34.7822 41.8476 83.1306 
30.0 24.0 26.0 12.0 12.0
243.0 231.0 225.0 240.0 241.0 233.0 240.0 233.0 241.0 241.0 230.0 234.0
243.0 244.0 230.0 244.0 244.0 238.0 244.0 240.0 244.0 244.0 239.0 243.0
247.0 244.0 240.0 247.0 240.0 241.0 240.0 237.0 240.0 240.0 229.0 238.0
243.0 244.0 243.0 244.0 243.0 243.0 244.0 244.0 244.0 243.0 243.0 244.0
243.0 244.0 245.0 244.0 245.0 244.0 245.0 243.0 244.0 245.0 245.0 243.0
19.5 80.0621 17.6885 25.4084 35.7364 49.6296 35.5285 41.4327 83.1306 
30.0 25.0 28.0 12.0 11.0
243.0 230.0 225.0 240.0 241.0 233.0 240.0 234.0 241.0 241.0 230.0 234.0
244.0 244.0 229.0 244.0 244.0 237.0 244.0 240.0 243.0 244.0 239.0 244.0
248.0 243.0 240.0 248.0 241.0 241.0 240.0 237.0 241.0 240.0 226.0 237.0
244.0 244.0 244.0 243.0 244.0 244.0 244.0 243.0 244.0 244.0 243.0 243.0
244.0 244.0 246.0 244.0 245.0 244.0 244.0 244.0 245.0 244.0 244.0 244.0
19.5 80.0621 17.6885 24.8678 35.7364 49.6296 35.5285 41.4327 83.1306 
30.0 27.0 29.0 12.0 12.0
243.0 230.0 225.0 240.0 241.0 233.0 240.0 234.0 241.0 241.0 230.0 234.0
244.0 244.0 229.0 244.0 244.0 237.0 244.0 240.0 243.0 244.0 239.0 243.0
248.0 244.0 239.0 247.0 238.0 241.0 239.0 236.0 240.0 240.0 226.0 237.0
244.0 243.0 243.0 243.0 244.0 243.0 244.0 244.0 244.0 244.0 244.0 243.0
244.0 244.0 245.0 244.0 246.0 244.0 245.0 244.0 244.0 244.0 244.0 244.0
19.3637 79.9505 17.6885 24.8678 35.7364 49.6296 35.5285 41.4327 83.1306 
29.0 27.0 31.0 12.0 11.0
243.0 232.0 225.0 240.0 241.0 233.0 240.0 233.0 242.0 241.0 230.0 234.0
244.0 244.0 229.0 244.0 244.0 237.0 244.0 240.0 244.0 244.0 238.0 244.0
248.0 243.0 238.0 247.0 239.0 241.0 239.0 235.0 240.0 239.0 224.0 236.0
244.0 244.0 243.0 244.0 243.0 244.0 244.0 244.0 243.0 244.0 243.0 243.0
244.0 244.0 246.0 246.0 244.0 244.0 245.0 244.0 244.0 244.0 244.0 244.0
19.3637 79.9505 17.6885 24.3273 35.7364 49.6296 35.5285 41.4327 83.1306 
30.0 26.0 30.0 12.0 12.0
243.0 230.0 225.0 240.0 241.0 233.0 240.0 233.0 241.0 241.0 230.0 234.0
244.0 243.0 229.0 244.0 245.0 236.0 244.0 240.0 243.0 244.0 239.0 244.0
248.0 244.0 238.0 247.0 238.0 241.0 239.0 236.0 239.0 239.0 225.0 237.0
244.0 243.0 244.0 243.0 243.0 243.0 244.0 244.0 244.0 244.0 243.0 244.0
243.0 244.0 244.0 244.0 246.0 244.0 244.0 244.0 245.0 244.0 244.0 244.0
19.2273 79.9505 17.6885 24.8678 35.7364 49.6296 35.5285 41.4327 83.1306 
29.0 26.0 30.0 12.0 11.0
243.0 230.0 225.0 240.0 241.0 233.0 240.0 233.0 241.0 242.0 230.0 233.0
244.0 243.0 229.0 244.0 244.0 237.0 244.0 240.0 244.0 244.0 239.0 244.0
248.0 242.0 239.0 247.0 238.0 241.0 240.0 236.0 240.0 239.0 225.0 236.0
243.0 243.0 243.0 243.0 243.0 243.0 244.0 243.0 243.0 244.0 244.0 243.0
244.0 244.0 245.0 244.0 246.0 244.0 245.0 244.0 244.0 244.0 244.0 244.0
20.1819 80.0621 17.6885 24.8678 35.7364 49.6296 35.5285 41.4327 83.6408 
29.0 28.0 31.0 12.0 12.0
243.0 230.0 226.0 240.0 241.0 233.0 239.0 233.0 241.0 241.0 230.0 234.0
244.0 243.0 227.0 244.0 244.0 236.0 244.0 240.0 244.0 244.0 238.0 244.0
249.0 243.0 238.0 248.0 239.0 242.0 240.0 235.0 240.0 240.0 224.0 236.0
244.0 243.0 244.0 243.0 244.0 243.0 244.0 244.0 244.0 244.0 244.0 244.0
243.0 245.0 246.0 244.0 246.0 245.0 244.0 243.0 245.0 244.0 244.0 244.0
20.4546 80.0621 18.0731 24.8678 35.7364 50 35.5285 41.4327 83.6408 
30.0 27.0 31.0 12.0 12.0
243.0 230.0 225.0 241.0 241.0 233.0 240.0 233.0 241.0 242.0 230.0 234.0
243.0 244.0 229.0 244.0 244.0 236.0 244.0 240.0 244.0 244.0 240.0 244.0
248.0 243.0 239.0 248.0 239.0 242.0 240.0 235.0 240.0 239.0 225.0 236.0
243.0 243.0 243.0 244.0 243.0 243.0 244.0 243.0 243.0 244.0 244.0 243.0
243.0 244.0 245.0 245.0 245.0 244.0 245.0 244.0 244.0 244.0 243.0 244.0
20.7273 80.0621 17.6885 24.8678 35.7364 49.6296 35.5285 41.4327 83.6408 
29.0 27.0 31.0 12.0 12.0
243.0 230.0 225.0 240.0 241.0 233.0 239.0 233.0 242.0 241.0 230.0 234.0
243.0 242.0 229.0 244.0 244.0 236.0 244.0 241.0 244.0 244.0 239.0 244.0
249.0 243.0 239.0 248.0 239.0 241.0 239.0 235.0 240.0 239.0 224.0 236.0
243.0 243.0 244.0 243.0 244.0 243.0 244.0 244.0 243.0 244.0 244.0 243.0
244.0 244.0 244.0 244.0 245.0 245.0 244.0 244.0 245.0 244.0 244.0 244.0
20.4546 79.9505 18.0731 24.8678 35.7364 49.6296 35.5285 41.4327 83.6408 
29.0 27.0 31.0 12.0 11.0
243.0 230.0 226.0 241.0 241.0 233.0 240.0 233.0 241.0 241.0 229.0 234.0
244.0 244.0 227.0 244.0 244.0 238.0 244.0 239.0 244.0 244.0 239.0 244.0
248.0 244.0 239.0 248.0 239.0 241.0 240.0 235.0 239.0 239.0 223.0 236.0
244.0 243.0 243.0 243.0 244.0 243.0 244.0 244.0 244.0 244.0 244.0 243.0
244.0 244.0 246.0 244.0 245.0 245.0 244.0 243.0 244.0 244.0 244.0 244.0
