-10000
21.9546 79.8389 14.9962 25.9489 33.4109 47.037 40.3793 29.8144 88.2327 
38.0 17.0 53.0 13.0 13.0
243.0 234.0 217.0 240.0 239.0 223.0 237.0 222.0 240.0 239.0 216.0 235.0
244.0 244.0 243.0 244.0 244.0 239.0 246.0 243.0 244.0 244.0 244.0 244.0
243.0 240.0 233.0 240.0 236.0 232.0 239.0 218.0 238.0 237.0 203.0 236.0
242.0 243.0 244.0 243.0 243.0 243.0 243.0 242.0 243.0 243.0 243.0 244.0
244.0 244.0 244.0 244.0 244.0 244.0 243.0 244.0 243.0 244.0 243.0 245.0
21.9546 79.8389 15.7654 25.4084 33.4109 47.4074 40.3793 30.2293 88.2327 
44.0 17.0 56.0 12.0 13.0
242.0 232.0 213.0 240.0 240.0 220.0 236.0 219.0 239.0 239.0 211.0 234.0
244.0 244.0 243.0 244.0 245.0 239.0 246.0 242.0 244.0 244.0 244.0 244.0
243.0 240.0 231.0 239.0 235.0 231.0 238.0 215.0 237.0 237.0 198.0 237.0
243.0 243.0 243.0 244.0 244.0 243.0 243.0 243.0 243.0 243.0 243.0 244.0
243.0 244.0 244.0 243.0 244.0 244.0 243.0 244.0 243.0 244.0 243.0 244.0
22.091 79.8389 16.15 24.8678 34.9612 48.5185 39.633 33.1339 88.7429 
49.0 18.0 58.0 12.0 13.0
243.0 230.0 209.0 239.0 239.0 217.0 236.0 216.0 239.0 239.0 206.0 232.0
244.0 244.0 243.0 244.0 244.0 236.0 247.0 241.0 244.0 244.0 244.0 244.0
242.0 241.0 230.0 239.0 236.0 230.0 239.0 207.0 237.0 236.0 197.0 238.0
243.0 243.0 243.0 243.0 243.0 243.0 244.0 243.0 243.0 243.0 243.0 243.0
242.0 244.0 243.0 243.0 244.0 244.0 243.0 244.0 244.0 244.0 242.0 243.0
21.9546 79.7273 16.15 23.7868 34.9612 49.2593 39.633 35.2086 89.2531 
52.0 21.0 58.0 13.0 13.0
243.0 228.0 206.0 239.0 239.0 217.0 236.0 215.0 239.0 238.0 202.0 230.0
244.0 244.0 243.0 244.0 244.0 233.0 247.0 238.0 244.0 244.0 244.0 244.0
243.0 241.0 230.0 239.0 236.0 227.0 239.0 200.0 236.0 236.0 197.0 239.0
242.0 243.0 243.0 243.0 243.0 243.0 243.0 243.0 243.0 243.0 244.0 243.0
242.0 243.0 244.0 244.0 244.0 243.0 243.0 243.0 243.0 244.0 242.0 243.0
21.8182 79.7273 16.15 22.7057 34.9612 49.2593 39.2599 36.4534 88.7429 
54.0 23.0 60.0 12.0 13.0
242.0 227.0 204.0 238.0 239.0 216.0 236.0 214.0 239.0 238.0 200.0 229.0
244.0 244.0 242.0 243.0 244.0 230.0 247.0 237.0 244.0 244.0 244.0 244.0
242.0 242.0 228.0 238.0 236.0 225.0 240.0 194.0 238.0 236.0 196.0 240.0
243.0 243.0 244.0 243.0 243.0 243.0 244.0 243.0 243.0 243.0 244.0 244.0
242.0 243.0 243.0 244.0 242.0 243.0 242.0 244.0 243.0 244.0 242.0 244.0
21.9546 79.8389 16.5346 22.1651 35.3488 49.2593 39.2599 37.2833 88.7429 
57.0 27.0 67.0 12.0 14.0
243.0 226.0 203.0 239.0 239.0 216.0 236.0 214.0 239.0 238.0 198.0 227.0
244.0 243.0 242.0 243.0 244.0 228.0 247.0 235.0 244.0 244.0 244.0 244.0
242.0 241.0 228.0 238.0 235.0 223.0 240.0 188.0 236.0 236.0 196.0 241.0
243.0 244.0 243.0 243.0 243.0 243.0 243.0 243.0 243.0 243.0 243.0 243.0
243.0 243.0 244.0 244.0 243.0 244.0 242.0 244.0 242.0 244.0 243.0 244.0
21.9546 79.9505 16.15 21.6246 35.7364 49.2593 39.633 37.2833 88.2327 
58.0 29.0 72.0 12.0 13.0
242.0 224.0 201.0 238.0 239.0 215.0 236.0 214.0 239.0 238.0 197.0 227.0
243.0 244.0 241.0 243.0 244.0 227.0 246.0 233.0 244.0 244.0 244.0 243.0
241.0 241.0 227.0 238.0 235.0 220.0 240.0 183.0 236.0 236.0 193.0 240.0
243.0 244.0 243.0 243.0 244.0 243.0 243.0 243.0 243.0 244.0 243.0 243.0
242.0 243.0 244.0 244.0 244.0 244.0 243.0 242.0 242.0 244.0 242.0 244.0
21.9546 80.0621 16.15 21.6246 35.7364 49.2593 39.633 37.2833 87.7224 
59.0 28.0 73.0 12.0 13.0
243.0 223.0 201.0 239.0 239.0 215.0 236.0 213.0 239.0 238.0 196.0 226.0
243.0 244.0 240.0 244.0 244.0 226.0 247.0 234.0 244.0 244.0 244.0 243.0
241.0 242.0 227.0 237.0 236.0 220.0 240.0 180.0 236.0 235.0 192.0 241.0
243.0 243.0 243.0 243.0 243.0 244.0 243.0 244.0 243.0 243.0 243.0 243.0
243.0 244.0 244.0 243.0 243.0 243.0 242.0 243.0 242.0 244.0 243.0 244.0
21.9546 79.8389 16.15 22.1651 35.7364 49.2593 40.0061 37.6982 87.7224 
61.0 28.0 78.0 12.0 13.0
242.0 223.0 199.0 238.0 239.0 214.0 236.0 212.0 239.0 238.0 194.0 225.0
243.0 244.0 241.0 244.0 244.0 227.0 247.0 233.0 244.0 244.0 244.0 243.0
242.0 241.0 225.0 238.0 234.0 219.0 240.0 177.0 236.0 235.0 191.0 240.0
243.0 243.0 243.0 243.0 243.0 243.0 243.0 243.0 243.0 243.0 243.0 244.0
242.0 243.0 243.0 243.0 244.0 243.0 242.0 243.0 242.0 244.0 243.0 244.0
21.8182 79.8389 16.15 21.6246 35.7364 49.2593 39.633 38.1132 87.7224 
62.0 28.0 80.0 13.0 13.0
242.0 222.0 198.0 239.0 238.0 213.0 236.0 212.0 239.0 238.0 194.0 225.0
243.0 244.0 241.0 243.0 244.0 226.0 247.0 233.0 244.0 243.0 244.0 243.0
241.0 241.0 225.0 238.0 234.0 217.0 240.0 173.0 236.0 234.0 191.0 240.0
242.0 243.0 243.0 243.0 243.0 243.0 244.0 242.0 243.0 243.0 243.0 243.0
243.0 243.0 243.0 243.0 244.0 242.0 244.0 244.0 243.0 243.0 243.0 243.0
21.9546 79.9505 16.5346 21.6246 35.7364 49.6296 40.0061 38.1132 87.7224 
63.0 28.0 83.0 12.0 13.0
242.0 221.0 197.0 239.0 239.0 212.0 236.0 211.0 239.0 238.0 192.0 223.0
243.0 244.0 241.0 243.0 244.0 227.0 247.0 233.0 244.0 244.0 244.0 243.0
241.0 241.0 224.0 237.0 234.0 216.0 239.0 172.0 234.0 234.0 188.0 240.0
243.0 243.0 243.0 243.0 243.0 243.0 243.0 243.0 244.0 243.0 243.0 244.0
243.0 243.0 244.0 243.0 244.0 244.0 243.0 244.0 243.0 244.0 242.0 244.0
21.9546 79.9505 16.5346 21.6246 35.7364 49.6296 40.0061 38.5281 87.2122 
63.0 28.0 84.0 12.0 12.0
242.0 220.0 197.0 238.0 239.0 212.0 236.0 211.0 239.0 238.0 192.0 223.0
242.0 244.0 241.0 243.0 244.0 228.0 247.0 233.0 244.0 244.0 244.0 244.0
241.0 240.0 223.0 236.0 234.0 214.0 240.0 169.0 235.0 234.0 189.0 240.0
242.0 243.0 243.0 243.0 243.0 244.0 244.0 243.0 243.0 243.0 243.0 243.0
241.0 243.0 243.0 244.0 243.0 243.0 242.0 243.0 243.0 244.0 242.0 244.0
