-10000
21.9546 79.7273 17.6885 18.3814 33.4109 46.2963 39.633 28.9845 88.2327 
38.0 17.0 55.0 13.0 13.0
243.0 232.0 218.0 240.0 240.0 227.0 238.0 225.0 240.0 240.0 217.0 233.0
244.0 244.0 243.0 244.0 244.0 238.0 246.0 242.0 244.0 244.0 244.0 244.0
243.0 241.0 232.0 239.0 236.0 231.0 239.0 217.0 237.0 237.0 200.0 236.0
243.0 243.0 243.0 243.0 244.0 243.0 244.0 243.0 243.0 243.0 244.0 243.0
244.0 242.0 243.0 244.0 244.0 244.0 243.0 244.0 242.0 243.0 243.0 243.0
21.9546 79.7273 18.0731 18.9219 34.186 47.7778 39.2599 31.4741 88.2327 
44.0 19.0 59.0 12.0 13.0
242.0 229.0 213.0 239.0 240.0 224.0 237.0 223.0 240.0 239.0 210.0 230.0
243.0 244.0 243.0 244.0 244.0 236.0 247.0 241.0 244.0 244.0 244.0 244.0
243.0 241.0 230.0 239.0 235.0 230.0 239.0 211.0 237.0 236.0 194.0 236.0
243.0 244.0 243.0 244.0 244.0 243.0 243.0 243.0 243.0 243.0 243.0 243.0
243.0 243.0 244.0 243.0 244.0 244.0 243.0 244.0 244.0 244.0 242.0 244.0
22.091 79.9505 18.0731 18.9219 34.5736 48.8889 38.8867 33.9638 88.7429 
47.0 23.0 62.0 12.0 13.0
242.0 227.0 210.0 239.0 239.0 222.0 237.0 221.0 240.0 239.0 207.0 228.0
243.0 244.0 240.0 244.0 244.0 232.0 246.0 238.0 244.0 244.0 244.0 244.0
243.0 241.0 229.0 239.0 235.0 228.0 239.0 203.0 237.0 236.0 194.0 238.0
243.0 243.0 243.0 243.0 243.0 243.0 243.0 243.0 243.0 243.0 243.0 243.0
242.0 243.0 242.0 243.0 244.0 243.0 243.0 244.0 244.0 243.0 242.0 243.0
21.8182 79.8389 17.6885 19.4624 34.9612 48.8889 38.8867 35.6235 88.7429 
50.0 25.0 63.0 12.0 12.0
243.0 225.0 208.0 239.0 240.0 221.0 237.0 221.0 239.0 238.0 203.0 227.0
243.0 244.0 241.0 244.0 244.0 230.0 247.0 236.0 244.0 244.0 244.0 243.0
242.0 241.0 229.0 239.0 236.0 226.0 239.0 196.0 236.0 235.0 194.0 239.0
243.0 243.0 243.0 244.0 244.0 243.0 243.0 243.0 244.0 243.0 243.0 243.0
244.0 244.0 243.0 244.0 244.0 243.0 244.0 244.0 244.0 244.0 242.0 243.0
21.8182 79.9505 17.3038 20.003 35.3488 48.8889 39.633 36.0385 87.7224 
54.0 28.0 67.0 12.0 13.0
242.0 222.0 205.0 239.0 239.0 218.0 237.0 219.0 239.0 238.0 200.0 225.0
244.0 243.0 240.0 244.0 244.0 226.0 248.0 233.0 245.0 244.0 245.0 242.0
243.0 241.0 227.0 238.0 235.0 222.0 239.0 188.0 236.0 235.0 191.0 239.0
243.0 243.0 243.0 244.0 244.0 243.0 244.0 243.0 243.0 243.0 243.0 243.0
243.0 242.0 243.0 244.0 243.0 244.0 242.0 243.0 242.0 244.0 242.0 243.0
21.9546 80.1737 16.9192 20.003 35.7364 49.6296 40.0061 36.8683 87.7224 
57.0 30.0 71.0 12.0 13.0
242.0 221.0 203.0 239.0 239.0 217.0 236.0 218.0 239.0 238.0 197.0 224.0
243.0 243.0 239.0 243.0 244.0 224.0 247.0 232.0 244.0 244.0 244.0 242.0
242.0 241.0 226.0 239.0 235.0 220.0 240.0 183.0 236.0 235.0 190.0 239.0
243.0 243.0 243.0 243.0 244.0 243.0 243.0 243.0 243.0 243.0 244.0 243.0
243.0 243.0 244.0 243.0 244.0 244.0 243.0 243.0 243.0 244.0 243.0 244.0
21.9546 80.0621 16.5346 20.5435 35.7364 50 40.0061 38.1132 87.7224 
60.0 33.0 76.0 12.0 14.0
242.0 221.0 199.0 239.0 239.0 215.0 236.0 215.0 239.0 238.0 194.0 224.0
243.0 243.0 240.0 243.0 244.0 223.0 247.0 229.0 245.0 244.0 244.0 243.0
242.0 240.0 225.0 238.0 233.0 218.0 239.0 178.0 235.0 234.0 188.0 240.0
243.0 243.0 243.0 244.0 243.0 243.0 244.0 243.0 243.0 243.0 243.0 244.0
243.0 243.0 244.0 244.0 244.0 244.0 242.0 244.0 242.0 244.0 242.0 244.0
21.8182 80.0621 16.5346 20.5435 35.7364 50 40.0061 38.1132 87.7224 
61.0 34.0 79.0 12.0 13.0
242.0 220.0 198.0 239.0 239.0 215.0 236.0 214.0 239.0 238.0 193.0 223.0
243.0 243.0 239.0 244.0 244.0 222.0 247.0 230.0 244.0 244.0 244.0 244.0
242.0 241.0 224.0 238.0 234.0 216.0 238.0 175.0 235.0 234.0 188.0 240.0
242.0 243.0 243.0 243.0 243.0 243.0 243.0 243.0 243.0 243.0 243.0 243.0
243.0 244.0 243.0 244.0 243.0 243.0 244.0 244.0 242.0 244.0 244.0 244.0
21.8182 80.0621 16.5346 21.0841 35.7364 50.3704 40.3793 38.5281 87.2122 
63.0 32.0 82.0 12.0 13.0
243.0 219.0 197.0 238.0 239.0 214.0 236.0 213.0 239.0 238.0 192.0 222.0
243.0 244.0 240.0 243.0 244.0 222.0 247.0 230.0 244.0 244.0 244.0 243.0
242.0 241.0 223.0 238.0 234.0 215.0 239.0 172.0 234.0 234.0 186.0 239.0
242.0 243.0 243.0 244.0 243.0 243.0 244.0 243.0 243.0 243.0 243.0 243.0
242.0 244.0 243.0 243.0 243.0 243.0 242.0 244.0 243.0 243.0 242.0 244.0
21.9546 80.1737 16.5346 20.5435 36.124 50.3704 40.3793 38.5281 87.2122 
64.0 33.0 84.0 12.0 13.0
242.0 219.0 196.0 239.0 239.0 213.0 236.0 213.0 239.0 238.0 191.0 222.0
243.0 244.0 240.0 243.0 244.0 222.0 247.0 230.0 244.0 244.0 244.0 244.0
242.0 241.0 224.0 237.0 233.0 216.0 239.0 171.0 235.0 234.0 185.0 239.0
243.0 243.0 243.0 244.0 243.0 243.0 243.0 243.0 243.0 243.0 243.0 243.0
243.0 243.0 243.0 243.0 244.0 243.0 242.0 244.0 242.0 244.0 242.0 244.0
21.9546 80.1737 16.5346 21.0841 36.124 50.3704 40.3793 38.5281 87.2122 
64.0 32.0 85.0 12.0 13.0
243.0 219.0 196.0 239.0 238.0 212.0 236.0 212.0 239.0 238.0 190.0 222.0
243.0 244.0 241.0 243.0 244.0 222.0 247.0 230.0 244.0 244.0 244.0 244.0
242.0 240.0 223.0 237.0 233.0 215.0 239.0 169.0 235.0 234.0 185.0 239.0
243.0 243.0 243.0 244.0 243.0 243.0 243.0 243.0 243.0 243.0 244.0 243.0
242.0 243.0 244.0 243.0 244.0 243.0 243.0 244.0 243.0 244.0 242.0 244.0
21.8182 80.0621 16.9192 21.6246 36.124 50.3704 40.3793 38.943 87.2122 
64.0 32.0 85.0 12.0 13.0
242.0 220.0 195.0 238.0 238.0 204.0 233.0 201.0 238.0 238.0 191.0 223.0
243.0 244.0 240.0 244.0 244.0 223.0 246.0 230.0 244.0 244.0 243.0 244.0
242.0 241.0 222.0 237.0 233.0 215.0 239.0 169.0 234.0 233.0 185.0 239.0
243.0 243.0 244.0 244.0 243.0 243.0 243.0 243.0 243.0 244.0 243.0 243.0
243.0 243.0 243.0 243.0 244.0 243.0 242.0 244.0 243.0 244.0 243.0 244.0
