-10000
21 79.5041 17.6885 7.57054 31.8605 60 36.2748 48.9015 6.0898 
21.0 24.0 27.0 13.0 13.0
244.0 234.0 234.0 241.0 242.0 239.0 240.0 238.0 242.0 241.0 236.0 233.0
244.0 244.0 244.0 244.0 243.0 242.0 245.0 231.0 244.0 244.0 235.0 243.0
244.0 242.0 241.0 243.0 241.0 240.0 241.0 229.0 239.0 239.0 234.0 242.0
242.0 243.0 243.0 243.0 243.0 243.0 243.0 243.0 243.0 243.0 243.0 243.0
243.0 244.0 242.0 243.0 244.0 243.0 243.0 244.0 243.0 244.0 244.0 242.0
21.1364 79.6157 18.0731 10.2732 32.2481 60 36.6479 48.4866 6.6 
24.0 28.0 27.0 13.0 13.0
243.0 230.0 233.0 241.0 241.0 238.0 240.0 237.0 242.0 241.0 233.0 229.0
243.0 243.0 243.0 244.0 243.0 242.0 246.0 227.0 244.0 244.0 232.0 243.0
244.0 242.0 241.0 243.0 241.0 239.0 240.0 228.0 239.0 239.0 233.0 241.0
242.0 243.0 243.0 243.0 243.0 243.0 243.0 242.0 243.0 244.0 243.0 243.0
242.0 244.0 243.0 243.0 244.0 244.0 242.0 243.0 243.0 243.0 243.0 242.0
21 79.7273 16.15 26.4895 31.8605 59.6296 36.2748 48.4866 6.0898 
33.0 32.0 30.0 13.0 13.0
243.0 227.0 224.0 240.0 240.0 231.0 239.0 230.0 240.0 240.0 219.0 225.0
243.0 243.0 244.0 244.0 243.0 242.0 246.0 222.0 244.0 244.0 223.0 243.0
245.0 242.0 240.0 244.0 241.0 238.0 240.0 224.0 238.0 239.0 229.0 241.0
243.0 243.0 243.0 243.0 243.0 242.0 243.0 243.0 243.0 243.0 243.0 243.0
242.0 243.0 243.0 244.0 244.0 243.0 243.0 243.0 243.0 243.0 244.0 243.0
21 79.7273 15.3808 31.8949 32.2481 58.8889 36.2748 48.9015 6.0898 
43.0 37.0 31.0 13.0 12.0
242.0 228.0 220.0 239.0 240.0 228.0 238.0 227.0 240.0 239.0 211.0 227.0
243.0 243.0 244.0 244.0 243.0 241.0 246.0 219.0 244.0 244.0 218.0 243.0
244.0 242.0 239.0 244.0 242.0 238.0 240.0 223.0 239.0 239.0 228.0 241.0
243.0 243.0 243.0 243.0 243.0 242.0 243.0 243.0 243.0 243.0 243.0 243.0
243.0 243.0 244.0 243.0 243.0 243.0 242.0 244.0 243.0 243.0 243.0 244.0
20.8637 79.7273 14.6115 34.5976 33.0233 58.8889 36.2748 49.7314 5.57959 
49.0 40.0 34.0 13.0 13.0
242.0 228.0 217.0 239.0 240.0 226.0 237.0 223.0 239.0 239.0 206.0 228.0
243.0 243.0 244.0 244.0 243.0 241.0 247.0 215.0 244.0 244.0 215.0 243.0
245.0 241.0 239.0 245.0 243.0 237.0 241.0 220.0 238.0 239.0 227.0 241.0
243.0 244.0 243.0 243.0 243.0 243.0 243.0 243.0 243.0 243.0 243.0 243.0
243.0 243.0 243.0 244.0 243.0 244.0 244.0 243.0 243.0 243.0 243.0 242.0
20.8637 79.8389 13.8423 36.2192 32.6357 60.7407 36.6479 50.5613 5.57959 
52.0 44.0 39.0 13.0 13.0
242.0 229.0 216.0 239.0 239.0 224.0 237.0 221.0 239.0 239.0 203.0 228.0
243.0 244.0 244.0 244.0 243.0 239.0 246.0 210.0 244.0 244.0 215.0 243.0
245.0 241.0 240.0 245.0 243.0 235.0 241.0 216.0 239.0 239.0 226.0 241.0
243.0 243.0 243.0 243.0 243.0 242.0 243.0 243.0 242.0 243.0 243.0 243.0
244.0 244.0 243.0 243.0 243.0 244.0 243.0 244.0 242.0 243.0 244.0 243.0
20.8637 80.1737 13.4577 37.3003 33.7984 60.3704 36.6479 52.221 5.06939 
54.0 51.0 40.0 13.0 12.0
242.0 229.0 215.0 239.0 239.0 224.0 237.0 220.0 239.0 239.0 200.0 227.0
243.0 243.0 243.0 243.0 244.0 239.0 246.0 204.0 244.0 244.0 211.0 242.0
245.0 242.0 240.0 246.0 243.0 235.0 241.0 214.0 239.0 239.0 228.0 241.0
242.0 244.0 244.0 243.0 243.0 243.0 243.0 243.0 243.0 243.0 242.0 243.0
242.0 243.0 243.0 243.0 243.0 244.0 243.0 243.0 242.0 244.0 244.0 243.0
20.8637 80.2854 13.0731 38.3814 33.7984 60.7407 36.6479 52.636 4.55918 
57.0 55.0 43.0 13.0 13.0
242.0 229.0 214.0 239.0 239.0 223.0 237.0 217.0 239.0 239.0 198.0 228.0
242.0 243.0 243.0 243.0 242.0 237.0 246.0 200.0 244.0 244.0 210.0 243.0
245.0 242.0 240.0 246.0 243.0 234.0 241.0 212.0 238.0 239.0 227.0 240.0
242.0 243.0 243.0 243.0 243.0 243.0 243.0 243.0 243.0 244.0 242.0 242.0
244.0 243.0 243.0 244.0 243.0 244.0 243.0 244.0 243.0 244.0 244.0 244.0
20.8637 80.2854 13.0731 38.9219 33.7984 61.1111 36.6479 53.0509 4.55918 
58.0 56.0 44.0 13.0 13.0
242.0 229.0 213.0 239.0 239.0 222.0 237.0 217.0 240.0 239.0 197.0 227.0
243.0 244.0 243.0 243.0 243.0 238.0 246.0 199.0 244.0 244.0 210.0 243.0
246.0 242.0 240.0 247.0 244.0 233.0 241.0 211.0 238.0 238.0 227.0 240.0
243.0 244.0 243.0 243.0 243.0 243.0 244.0 243.0 243.0 244.0 243.0 243.0
244.0 244.0 243.0 243.0 243.0 244.0 243.0 244.0 243.0 244.0 244.0 243.0
20.7273 80.397 12.6885 38.9219 34.5736 60.7407 37.021 53.4659 4.55918 
59.0 62.0 46.0 13.0 13.0
242.0 228.0 213.0 239.0 239.0 223.0 237.0 216.0 239.0 239.0 195.0 226.0
243.0 243.0 243.0 244.0 243.0 237.0 246.0 193.0 244.0 244.0 207.0 243.0
245.0 242.0 240.0 247.0 244.0 233.0 242.0 209.0 238.0 238.0 228.0 241.0
242.0 244.0 243.0 243.0 243.0 243.0 243.0 243.0 243.0 243.0 243.0 243.0
243.0 242.0 243.0 244.0 244.0 244.0 244.0 242.0 243.0 243.0 243.0 243.0
20.7273 80.397 13.0731 38.9219 34.5736 61.4815 37.021 54.7107 4.04898 
61.0 64.0 48.0 12.0 13.0
242.0 227.0 213.0 238.0 239.0 222.0 237.0 216.0 239.0 239.0 194.0 226.0
243.0 243.0 243.0 243.0 243.0 237.0 247.0 190.0 244.0 244.0 206.0 243.0
246.0 242.0 241.0 247.0 244.0 232.0 241.0 207.0 237.0 238.0 228.0 241.0
243.0 243.0 244.0 243.0 243.0 243.0 243.0 242.0 243.0 243.0 243.0 243.0
242.0 243.0 243.0 243.0 243.0 243.0 242.0 243.0 243.0 244.0 243.0 242.0
20.7273 80.397 12.6885 40.5435 34.5736 61.4815 37.021 54.7107 4.04898 
63.0 66.0 49.0 13.0 12.0
242.0 228.0 212.0 239.0 239.0 221.0 236.0 214.0 239.0 239.0 191.0 226.0
243.0 244.0 243.0 243.0 243.0 236.0 246.0 189.0 244.0 245.0 205.0 243.0
246.0 241.0 240.0 247.0 244.0 231.0 240.0 205.0 237.0 238.0 227.0 241.0
243.0 243.0 243.0 243.0 243.0 243.0 243.0 243.0 243.0 243.0 243.0 243.0
243.0 244.0 242.0 243.0 244.0 244.0 243.0 244.0 244.0 243.0 244.0 243.0
20.8637 80.5086 12.6885 41.0841 34.186 62.2222 37.021 54.2957 3.53878 
65.0 69.0 51.0 13.0 12.0
242.0 228.0 211.0 238.0 239.0 220.0 236.0 212.0 239.0 239.0 190.0 227.0
243.0 243.0 242.0 243.0 243.0 235.0 246.0 186.0 244.0 244.0 205.0 243.0
246.0 241.0 240.0 247.0 244.0 230.0 242.0 205.0 237.0 238.0 227.0 240.0
243.0 244.0 243.0 243.0 243.0 243.0 244.0 243.0 243.0 244.0 243.0 243.0
244.0 243.0 244.0 244.0 244.0 244.0 243.0 244.0 243.0 244.0 244.0 244.0
20.8637 80.397 12.6885 41.0841 34.186 61.8519 37.021 54.2957 3.53878 
65.0 69.0 51.0 13.0 12.0
242.0 228.0 211.0 238.0 239.0 220.0 236.0 211.0 239.0 239.0 190.0 227.0
243.0 243.0 243.0 244.0 243.0 235.0 247.0 186.0 244.0 244.0 204.0 243.0
245.0 241.0 240.0 247.0 244.0 230.0 241.0 204.0 237.0 237.0 228.0 241.0
243.0 244.0 243.0 243.0 243.0 243.0 243.0 243.0 242.0 243.0 243.0 243.0
243.0 243.0 243.0 243.0 243.0 243.0 243.0 244.0 244.0 244.0 244.0 244.0
