-10000
21.4091 80.397 14.6115 23.7868 32.2481 55.5556 34.4091 48.9015 5.57959 
26.0 17.0 28.0 13.0 12.0
243.0 236.0 229.0 241.0 241.0 235.0 239.0 234.0 241.0 240.0 230.0 236.0
243.0 244.0 244.0 244.0 243.0 243.0 244.0 238.0 244.0 244.0 238.0 243.0
244.0 243.0 240.0 244.0 243.0 239.0 242.0 227.0 239.0 239.0 231.0 242.0
243.0 243.0 243.0 243.0 243.0 243.0 244.0 242.0 242.0 243.0 243.0 243.0
244.0 243.0 243.0 244.0 243.0 244.0 244.0 244.0 243.0 243.0 244.0 244.0
21.4091 80.0621 16.15 23.2462 31.4729 57.4074 35.1554 50.1463 6.0898 
27.0 19.0 30.0 13.0 12.0
243.0 233.0 229.0 241.0 241.0 234.0 239.0 233.0 241.0 240.0 227.0 233.0
243.0 244.0 244.0 244.0 243.0 243.0 244.0 236.0 244.0 244.0 237.0 243.0
244.0 242.0 240.0 244.0 243.0 238.0 242.0 224.0 239.0 239.0 231.0 243.0
242.0 244.0 243.0 243.0 243.0 243.0 244.0 243.0 243.0 243.0 243.0 243.0
244.0 244.0 244.0 244.0 243.0 244.0 243.0 244.0 244.0 243.0 244.0 244.0
21.2728 79.8389 15.7654 28.1111 31.0853 59.6296 35.1554 50.5613 6.0898 
34.0 22.0 34.0 12.0 13.0
242.0 230.0 223.0 240.0 240.0 231.0 238.0 230.0 240.0 239.0 220.0 230.0
244.0 244.0 244.0 244.0 243.0 242.0 244.0 233.0 244.0 243.0 233.0 243.0
244.0 242.0 239.0 244.0 242.0 236.0 241.0 219.0 238.0 238.0 230.0 242.0
242.0 243.0 243.0 243.0 243.0 243.0 243.0 243.0 243.0 243.0 243.0 243.0
244.0 244.0 244.0 243.0 244.0 244.0 243.0 245.0 242.0 244.0 245.0 243.0
21.4091 79.9505 15.3808 30.8138 31.0853 60.3704 35.1554 51.3912 5.57959 
40.0 26.0 38.0 13.0 12.0
243.0 229.0 220.0 240.0 240.0 228.0 238.0 227.0 240.0 239.0 214.0 229.0
243.0 244.0 243.0 244.0 243.0 241.0 244.0 228.0 244.0 244.0 230.0 243.0
244.0 243.0 238.0 244.0 243.0 235.0 242.0 216.0 238.0 239.0 229.0 242.0
242.0 243.0 243.0 243.0 243.0 244.0 243.0 242.0 243.0 243.0 243.0 243.0
243.0 244.0 243.0 243.0 243.0 243.0 242.0 244.0 243.0 244.0 244.0 242.0
21.4091 80.0621 14.6115 31.3543 31.8605 60 35.9016 51.8061 5.06939 
42.0 31.0 41.0 13.0 12.0
243.0 228.0 219.0 239.0 240.0 227.0 238.0 226.0 240.0 239.0 212.0 229.0
243.0 243.0 244.0 244.0 243.0 241.0 244.0 224.0 244.0 244.0 226.0 243.0
244.0 242.0 239.0 245.0 244.0 234.0 242.0 214.0 238.0 239.0 229.0 242.0
243.0 244.0 243.0 242.0 243.0 243.0 243.0 243.0 242.0 243.0 243.0 243.0
243.0 242.0 243.0 243.0 243.0 244.0 243.0 243.0 242.0 244.0 243.0 243.0
21.2728 80.0621 14.2269 32.9759 32.6357 59.6296 35.9016 52.636 4.55918 
46.0 35.0 42.0 13.0 13.0
242.0 228.0 217.0 240.0 240.0 227.0 237.0 225.0 240.0 239.0 209.0 228.0
243.0 243.0 243.0 243.0 243.0 241.0 245.0 219.0 244.0 244.0 223.0 243.0
244.0 242.0 239.0 245.0 244.0 234.0 242.0 212.0 238.0 238.0 229.0 242.0
243.0 243.0 243.0 243.0 243.0 243.0 243.0 243.0 243.0 243.0 243.0 243.0
243.0 243.0 242.0 243.0 243.0 243.0 244.0 243.0 243.0 244.0 243.0 244.0
21.1364 80.1737 13.8423 35.1381 33.0233 60 35.9016 53.4659 4.55918 
50.0 40.0 45.0 13.0 13.0
242.0 228.0 215.0 239.0 240.0 224.0 237.0 222.0 240.0 239.0 205.0 228.0
243.0 243.0 243.0 243.0 244.0 240.0 245.0 214.0 244.0 244.0 220.0 243.0
245.0 242.0 238.0 246.0 244.0 233.0 242.0 210.0 238.0 238.0 228.0 242.0
243.0 243.0 243.0 243.0 243.0 243.0 244.0 244.0 242.0 243.0 243.0 243.0
243.0 243.0 243.0 243.0 243.0 244.0 243.0 244.0 243.0 243.0 243.0 243.0
21.1364 80.2854 13.8423 36.2192 33.0233 61.1111 35.9016 53.8808 4.55918 
52.0 44.0 47.0 13.0 13.0
242.0 228.0 214.0 239.0 240.0 223.0 237.0 221.0 239.0 239.0 203.0 228.0
243.0 243.0 243.0 244.0 243.0 239.0 246.0 211.0 244.0 244.0 219.0 243.0
245.0 242.0 239.0 246.0 244.0 231.0 242.0 208.0 238.0 238.0 229.0 242.0
243.0 244.0 243.0 242.0 243.0 243.0 243.0 243.0 243.0 243.0 243.0 243.0
244.0 243.0 243.0 243.0 243.0 243.0 244.0 244.0 243.0 244.0 243.0 243.0
21.1364 80.5086 13.4577 37.3003 33.4109 60.7407 36.2748 53.8808 4.04898 
55.0 52.0 48.0 13.0 13.0
242.0 228.0 213.0 239.0 239.0 222.0 236.0 218.0 239.0 239.0 200.0 227.0
243.0 243.0 243.0 243.0 243.0 238.0 246.0 202.0 244.0 244.0 215.0 243.0
246.0 243.0 239.0 247.0 244.0 232.0 243.0 206.0 238.0 238.0 229.0 242.0
243.0 243.0 243.0 243.0 243.0 244.0 243.0 242.0 243.0 243.0 243.0 243.0
243.0 244.0 243.0 244.0 244.0 243.0 243.0 244.0 244.0 244.0 244.0 243.0
21.2728 80.6202 13.0731 37.8408 33.7984 61.1111 36.6479 54.2957 3.53878 
57.0 53.0 51.0 13.0 13.0
241.0 228.0 211.0 239.0 239.0 221.0 236.0 217.0 239.0 239.0 198.0 227.0
243.0 243.0 243.0 244.0 243.0 238.0 246.0 201.0 244.0 244.0 214.0 242.0
245.0 243.0 239.0 248.0 244.0 231.0 242.0 203.0 238.0 238.0 228.0 242.0
242.0 244.0 243.0 243.0 243.0 243.0 243.0 243.0 242.0 243.0 243.0 243.0
244.0 244.0 244.0 244.0 243.0 243.0 243.0 244.0 243.0 243.0 244.0 244.0
21.1364 80.6202 13.0731 37.8408 34.186 61.1111 37.021 54.2957 3.53878 
58.0 56.0 53.0 13.0 12.0
242.0 228.0 212.0 239.0 239.0 221.0 236.0 216.0 239.0 239.0 197.0 227.0
243.0 243.0 242.0 243.0 243.0 237.0 246.0 197.0 244.0 244.0 213.0 243.0
245.0 242.0 238.0 247.0 244.0 230.0 242.0 202.0 238.0 237.0 228.0 242.0
243.0 244.0 243.0 243.0 244.0 243.0 243.0 242.0 242.0 243.0 242.0 243.0
244.0 243.0 243.0 243.0 243.0 244.0 243.0 244.0 244.0 243.0 244.0 243.0
21 80.7318 13.0731 37.8408 34.5736 61.1111 37.021 54.7107 3.53878 
60.0 62.0 53.0 13.0 12.0
242.0 228.0 211.0 239.0 239.0 220.0 236.0 216.0 239.0 239.0 195.0 226.0
243.0 243.0 243.0 243.0 243.0 236.0 246.0 192.0 244.0 244.0 210.0 243.0
246.0 242.0 239.0 248.0 245.0 230.0 243.0 202.0 237.0 237.0 228.0 242.0
243.0 243.0 243.0 244.0 243.0 243.0 243.0 243.0 243.0 244.0 243.0 243.0
244.0 244.0 244.0 243.0 244.0 244.0 243.0 244.0 243.0 244.0 243.0 243.0
21 80.7318 12.6885 37.8408 34.5736 61.1111 37.021 54.7107 3.02857 
60.0 63.0 55.0 13.0 12.0
242.0 227.0 211.0 239.0 239.0 221.0 236.0 215.0 239.0 239.0 195.0 226.0
243.0 243.0 243.0 243.0 243.0 236.0 246.0 191.0 244.0 244.0 210.0 243.0
245.0 242.0 239.0 248.0 244.0 229.0 242.0 199.0 236.0 238.0 228.0 241.0
242.0 244.0 243.0 243.0 243.0 243.0 243.0 243.0 243.0 243.0 243.0 243.0
244.0 243.0 242.0 242.0 244.0 242.0 243.0 244.0 243.0 244.0 244.0 243.0
