-10000
20.7273 80.1737 15.3808 25.4084 31.4729 53.3333 32.1703 48.9015 5.57959 
29.0 21.0 25.0 13.0 14.0
242.0 233.0 225.0 240.0 240.0 232.0 239.0 231.0 240.0 240.0 226.0 235.0
243.0 243.0 244.0 244.0 242.0 242.0 244.0 238.0 244.0 244.0 234.0 243.0
244.0 243.0 241.0 244.0 241.0 240.0 241.0 229.0 239.0 239.0 230.0 242.0
242.0 243.0 244.0 243.0 243.0 242.0 243.0 243.0 242.0 243.0 243.0 243.0
243.0 243.0 242.0 243.0 243.0 242.0 243.0 244.0 242.0 243.0 243.0 242.0
20.591 79.9505 16.9192 24.3273 30.3101 55.9259 32.5434 50.1463 6.0898 
32.0 27.0 27.0 13.0 13.0
243.0 230.0 224.0 240.0 241.0 231.0 239.0 231.0 240.0 240.0 223.0 232.0
243.0 244.0 244.0 244.0 243.0 243.0 244.0 235.0 244.0 244.0 228.0 243.0
244.0 243.0 240.0 244.0 242.0 240.0 241.0 227.0 239.0 239.0 230.0 242.0
242.0 243.0 243.0 244.0 243.0 243.0 243.0 243.0 243.0 243.0 243.0 243.0
243.0 242.0 243.0 243.0 243.0 243.0 243.0 243.0 243.0 244.0 243.0 242.0
20.7273 80.0621 16.5346 28.1111 30.3101 57.4074 32.9166 51.3912 6.0898 
37.0 31.0 30.0 13.0 14.0
242.0 229.0 219.0 240.0 240.0 228.0 238.0 228.0 240.0 239.0 216.0 231.0
243.0 243.0 243.0 243.0 243.0 242.0 244.0 231.0 244.0 244.0 223.0 243.0
244.0 243.0 240.0 244.0 243.0 238.0 240.0 224.0 238.0 239.0 230.0 242.0
243.0 243.0 243.0 243.0 243.0 243.0 243.0 243.0 243.0 243.0 243.0 243.0
243.0 243.0 242.0 243.0 243.0 243.0 243.0 243.0 244.0 243.0 243.0 242.0
20.591 80.2854 15.7654 30.2732 31.0853 57.7778 34.4091 51.8061 5.57959 
43.0 36.0 33.0 13.0 13.0
242.0 228.0 217.0 240.0 240.0 226.0 238.0 226.0 240.0 239.0 212.0 230.0
243.0 243.0 243.0 243.0 243.0 241.0 244.0 224.0 244.0 244.0 217.0 243.0
244.0 243.0 240.0 245.0 243.0 237.0 241.0 221.0 239.0 238.0 229.0 242.0
242.0 243.0 243.0 243.0 243.0 243.0 243.0 243.0 243.0 243.0 243.0 243.0
243.0 242.0 242.0 243.0 243.0 243.0 243.0 243.0 243.0 244.0 243.0 243.0
20.4546 80.2854 14.9962 31.8949 31.4729 57.7778 34.7822 52.221 5.06939 
45.0 40.0 36.0 13.0 13.0
242.0 228.0 215.0 239.0 239.0 224.0 237.0 224.0 240.0 239.0 209.0 230.0
243.0 243.0 243.0 244.0 243.0 241.0 245.0 221.0 244.0 244.0 214.0 243.0
245.0 242.0 240.0 245.0 243.0 237.0 242.0 219.0 238.0 238.0 229.0 242.0
243.0 243.0 243.0 243.0 243.0 242.0 243.0 242.0 242.0 243.0 242.0 243.0
242.0 244.0 243.0 243.0 243.0 244.0 242.0 244.0 242.0 244.0 243.0 242.0
20.1819 80.5086 14.6115 33.5165 31.8605 58.5185 35.1554 52.636 4.55918 
48.0 43.0 38.0 13.0 13.0
242.0 228.0 213.0 239.0 240.0 223.0 237.0 222.0 239.0 239.0 207.0 230.0
243.0 243.0 242.0 243.0 242.0 239.0 245.0 216.0 244.0 244.0 212.0 242.0
245.0 243.0 240.0 246.0 244.0 236.0 241.0 216.0 238.0 238.0 228.0 242.0
243.0 243.0 243.0 243.0 243.0 242.0 243.0 243.0 243.0 243.0 243.0 243.0
243.0 244.0 243.0 243.0 243.0 243.0 243.0 243.0 244.0 244.0 243.0 242.0
20.1819 80.6202 13.8423 34.5976 32.6357 59.2593 35.9016 53.0509 4.04898 
49.0 44.0 42.0 13.0 13.0
242.0 228.0 213.0 239.0 240.0 221.0 236.0 220.0 239.0 239.0 205.0 230.0
243.0 243.0 242.0 243.0 243.0 238.0 246.0 211.0 244.0 244.0 210.0 243.0
245.0 242.0 240.0 247.0 244.0 235.0 242.0 213.0 238.0 238.0 228.0 242.0
242.0 244.0 243.0 243.0 243.0 243.0 243.0 243.0 243.0 243.0 243.0 243.0
242.0 242.0 242.0 242.0 244.0 244.0 243.0 243.0 243.0 243.0 243.0 242.0
20.8637 80.955 13.4577 35.1381 33.0233 59.6296 35.9016 53.8808 3.53878 
51.0 50.0 45.0 13.0 13.0
242.0 228.0 213.0 239.0 240.0 221.0 236.0 219.0 239.0 239.0 204.0 229.0
243.0 243.0 242.0 243.0 242.0 238.0 246.0 205.0 244.0 244.0 208.0 243.0
245.0 243.0 240.0 248.0 244.0 235.0 242.0 210.0 237.0 237.0 229.0 242.0
242.0 244.0 242.0 243.0 243.0 243.0 243.0 242.0 243.0 243.0 243.0 243.0
243.0 243.0 243.0 243.0 243.0 243.0 244.0 244.0 243.0 243.0 244.0 243.0
20.8637 80.955 13.4577 36.2192 33.0233 60 35.9016 54.2957 3.53878 
54.0 51.0 47.0 13.0 13.0
242.0 228.0 211.0 239.0 239.0 220.0 236.0 217.0 239.0 239.0 201.0 229.0
242.0 243.0 242.0 243.0 242.0 237.0 245.0 203.0 244.0 244.0 207.0 243.0
245.0 242.0 240.0 248.0 244.0 234.0 241.0 208.0 237.0 237.0 229.0 241.0
242.0 243.0 243.0 243.0 243.0 243.0 243.0 243.0 243.0 243.0 243.0 242.0
243.0 242.0 243.0 243.0 242.0 243.0 243.0 244.0 243.0 243.0 243.0 242.0
21.1364 81.0666 13.0731 37.3003 33.0233 60 36.2748 54.2957 3.02857 
55.0 56.0 47.0 13.0 13.0
242.0 228.0 211.0 239.0 239.0 219.0 236.0 215.0 239.0 239.0 200.0 229.0
243.0 243.0 241.0 243.0 242.0 237.0 246.0 197.0 244.0 244.0 205.0 243.0
246.0 242.0 241.0 248.0 244.0 234.0 241.0 209.0 236.0 237.0 229.0 241.0
242.0 243.0 243.0 243.0 243.0 243.0 243.0 243.0 243.0 243.0 242.0 243.0
243.0 243.0 243.0 243.0 242.0 244.0 242.0 243.0 242.0 243.0 243.0 243.0
21 81.0666 13.0731 37.3003 33.4109 60 36.2748 54.7107 3.02857 
56.0 60.0 47.0 13.0 13.0
242.0 228.0 211.0 239.0 239.0 219.0 236.0 216.0 239.0 239.0 198.0 228.0
243.0 243.0 242.0 243.0 242.0 236.0 246.0 195.0 244.0 244.0 202.0 243.0
245.0 241.0 240.0 249.0 244.0 234.0 241.0 206.0 236.0 237.0 229.0 241.0
243.0 243.0 243.0 243.0 243.0 243.0 243.0 243.0 242.0 243.0 243.0 243.0
243.0 243.0 243.0 243.0 244.0 243.0 242.0 243.0 244.0 243.0 243.0 242.0
21 80.8434 13.0731 37.3003 33.4109 60.3704 36.6479 54.7107 2.51837 
58.0 62.0 50.0 12.0 13.0
242.0 228.0 210.0 239.0 239.0 218.0 236.0 214.0 239.0 239.0 197.0 228.0
242.0 243.0 241.0 244.0 242.0 236.0 246.0 192.0 244.0 244.0 201.0 243.0
245.0 242.0 240.0 248.0 244.0 233.0 242.0 204.0 236.0 237.0 228.0 241.0
243.0 243.0 243.0 243.0 243.0 242.0 243.0 243.0 243.0 243.0 243.0 243.0
244.0 244.0 243.0 243.0 243.0 244.0 242.0 243.0 243.0 242.0 244.0 242.0
21.1364 80.955 13.0731 37.3003 33.4109 60.3704 36.6479 54.7107 2.51837 
58.0 64.0 52.0 13.0 13.0
242.0 228.0 211.0 239.0 239.0 219.0 236.0 214.0 239.0 239.0 197.0 227.0
243.0 243.0 241.0 243.0 242.0 236.0 246.0 191.0 244.0 244.0 201.0 243.0
246.0 242.0 241.0 249.0 244.0 232.0 242.0 203.0 236.0 236.0 227.0 242.0
243.0 244.0 243.0 243.0 243.0 243.0 243.0 243.0 243.0 243.0 243.0 243.0
242.0 243.0 243.0 243.0 244.0 244.0 243.0 243.0 242.0 244.0 243.0 243.0
21.1364 80.955 12.6885 36.7597 34.186 60.3704 37.021 54.7107 2.51837 
59.0 67.0 52.0 13.0 13.0
242.0 228.0 211.0 239.0 239.0 218.0 236.0 214.0 239.0 239.0 196.0 227.0
243.0 243.0 241.0 243.0 242.0 234.0 246.0 186.0 243.0 243.0 197.0 243.0
246.0 242.0 241.0 249.0 245.0 232.0 242.0 203.0 235.0 237.0 228.0 241.0
243.0 243.0 243.0 243.0 243.0 243.0 243.0 243.0 243.0 243.0 243.0 243.0
243.0 242.0 243.0 243.0 244.0 243.0 243.0 244.0 243.0 244.0 243.0 242.0
