-10000
19.5 77.83 14.2269 41.0841 31.8605 58.8889 29.1852 46.4119 14.2531 
16.0 19.0 17.0 13.0 13.0
244.0 238.0 241.0 242.0 243.0 243.0 241.0 239.0 242.0 242.0 241.0 239.0
243.0 244.0 242.0 243.0 242.0 236.0 243.0 240.0 243.0 243.0 243.0 242.0
249.0 237.0 245.0 255.0 255.0 243.0 255.0 247.0 253.0 249.0 249.0 241.0
242.0 243.0 243.0 243.0 244.0 243.0 243.0 243.0 243.0 243.0 243.0 243.0
244.0 243.0 244.0 244.0 244.0 244.0 244.0 243.0 244.0 243.0 244.0 243.0
19.7728 78.6112 14.9962 41.6246 31.8605 59.6296 29.5584 47.2418 14.2531 
17.0 19.0 18.0 13.0 12.0
244.0 238.0 241.0 243.0 243.0 243.0 242.0 239.0 242.0 242.0 240.0 239.0
243.0 243.0 242.0 243.0 242.0 236.0 243.0 240.0 242.0 244.0 243.0 242.0
249.0 237.0 244.0 255.0 255.0 242.0 255.0 246.0 253.0 249.0 249.0 241.0
243.0 242.0 243.0 244.0 244.0 243.0 244.0 243.0 242.0 243.0 244.0 243.0
244.0 244.0 245.0 244.0 244.0 244.0 245.0 244.0 243.0 244.0 244.0 243.0
19.9091 78.7229 14.6115 42.7057 32.2481 60.7407 29.9315 48.0717 33.6408 
18.0 21.0 17.0 13.0 13.0
244.0 238.0 241.0 242.0 243.0 243.0 242.0 239.0 241.0 242.0 240.0 239.0
243.0 243.0 242.0 243.0 242.0 234.0 243.0 239.0 243.0 243.0 243.0 243.0
249.0 237.0 245.0 255.0 255.0 242.0 255.0 247.0 253.0 249.0 250.0 241.0
243.0 243.0 243.0 244.0 243.0 242.0 242.0 243.0 243.0 243.0 243.0 243.0
244.0 243.0 244.0 244.0 244.0 244.0 244.0 244.0 243.0 244.0 243.0 243.0
20.1819 79.5041 14.6115 42.7057 33.7984 61.8519 31.7972 49.3165 48.4367 
18.0 22.0 18.0 13.0 13.0
244.0 237.0 241.0 242.0 243.0 242.0 241.0 240.0 242.0 242.0 240.0 238.0
243.0 243.0 242.0 243.0 241.0 233.0 243.0 239.0 242.0 243.0 243.0 242.0
249.0 238.0 244.0 255.0 255.0 243.0 255.0 247.0 253.0 249.0 250.0 241.0
242.0 243.0 243.0 243.0 244.0 243.0 243.0 243.0 243.0 243.0 244.0 243.0
243.0 243.0 243.0 244.0 244.0 243.0 244.0 244.0 243.0 244.0 244.0 242.0
20.0455 79.7273 14.9962 43.2462 34.9612 62.2222 32.5434 49.3165 56.0898 
19.0 23.0 18.0 13.0 13.0
244.0 237.0 241.0 242.0 243.0 242.0 242.0 239.0 242.0 242.0 240.0 238.0
242.0 244.0 242.0 242.0 241.0 232.0 243.0 238.0 242.0 244.0 242.0 243.0
249.0 237.0 244.0 255.0 255.0 242.0 252.0 246.0 253.0 249.0 249.0 240.0
242.0 243.0 243.0 243.0 243.0 242.0 243.0 243.0 243.0 243.0 243.0 242.0
243.0 243.0 244.0 244.0 244.0 244.0 244.0 243.0 243.0 244.0 244.0 243.0
20.1819 79.8389 14.9962 43.7868 35.7364 62.5926 33.2897 50.5613 56.6 
19.0 25.0 18.0 13.0 12.0
244.0 236.0 241.0 242.0 243.0 241.0 242.0 239.0 241.0 242.0 240.0 238.0
242.0 243.0 242.0 243.0 241.0 231.0 242.0 237.0 242.0 244.0 242.0 242.0
250.0 237.0 245.0 255.0 255.0 242.0 252.0 247.0 253.0 249.0 250.0 241.0
243.0 242.0 243.0 243.0 243.0 243.0 243.0 243.0 242.0 243.0 243.0 243.0
243.0 244.0 244.0 244.0 244.0 244.0 244.0 243.0 243.0 244.0 243.0 243.0
20.0455 79.8389 14.9962 45.4084 36.124 62.963 33.2897 51.3912 56.0898 
20.0 25.0 18.0 13.0 12.0
244.0 235.0 242.0 243.0 243.0 241.0 241.0 239.0 241.0 242.0 239.0 238.0
242.0 243.0 241.0 243.0 240.0 230.0 242.0 238.0 242.0 244.0 242.0 243.0
250.0 237.0 244.0 255.0 255.0 241.0 252.0 246.0 253.0 249.0 250.0 240.0
243.0 243.0 243.0 244.0 244.0 243.0 243.0 243.0 243.0 243.0 243.0 242.0
244.0 243.0 243.0 244.0 244.0 244.0 244.0 243.0 244.0 244.0 244.0 243.0
19.6364 79.7273 14.6115 46.4895 37.2868 62.963 34.7822 50.9762 56.0898 
20.0 25.0 18.0 13.0 13.0
244.0 235.0 241.0 242.0 243.0 242.0 242.0 239.0 241.0 242.0 240.0 238.0
242.0 243.0 241.0 243.0 240.0 229.0 242.0 238.0 242.0 244.0 242.0 243.0
249.0 236.0 244.0 255.0 255.0 242.0 251.0 245.0 253.0 249.0 250.0 240.0
243.0 243.0 243.0 243.0 243.0 242.0 243.0 243.0 243.0 243.0 243.0 243.0
243.0 243.0 243.0 244.0 244.0 244.0 244.0 244.0 244.0 244.0 244.0 242.0
19.6364 79.9505 14.9962 46.4895 37.6744 63.3333 35.1554 51.3912 56.0898 
20.0 26.0 18.0 13.0 13.0
244.0 235.0 241.0 242.0 243.0 241.0 242.0 239.0 241.0 242.0 240.0 238.0
242.0 244.0 241.0 243.0 240.0 229.0 241.0 237.0 241.0 244.0 243.0 243.0
250.0 237.0 244.0 255.0 255.0 241.0 252.0 245.0 253.0 249.0 250.0 240.0
242.0 243.0 243.0 243.0 243.0 243.0 243.0 242.0 243.0 243.0 243.0 242.0
243.0 243.0 244.0 244.0 244.0 244.0 244.0 243.0 243.0 244.0 244.0 242.0
20.591 80.0621 15.3808 46.4895 38.062 63.7037 35.1554 52.636 56.0898 
20.0 27.0 18.0 13.0 13.0
244.0 235.0 241.0 242.0 243.0 241.0 242.0 239.0 241.0 242.0 240.0 238.0
242.0 244.0 241.0 243.0 240.0 228.0 241.0 236.0 242.0 244.0 242.0 243.0
250.0 237.0 244.0 255.0 255.0 241.0 252.0 246.0 253.0 249.0 250.0 240.0
243.0 242.0 243.0 243.0 243.0 243.0 243.0 243.0 243.0 243.0 243.0 243.0
242.0 243.0 244.0 244.0 245.0 244.0 244.0 243.0 243.0 244.0 243.0 243.0
20.7273 80.0621 15.3808 47.03 37.6744 65.1852 35.1554 53.4659 56.0898 
20.0 27.0 18.0 12.0 12.0
244.0 235.0 241.0 242.0 243.0 241.0 242.0 239.0 241.0 242.0 240.0 238.0
243.0 243.0 242.0 242.0 241.0 229.0 241.0 237.0 242.0 244.0 242.0 243.0
250.0 237.0 244.0 255.0 255.0 241.0 250.0 245.0 253.0 249.0 249.0 240.0
242.0 242.0 243.0 243.0 243.0 242.0 243.0 243.0 243.0 243.0 243.0 242.0
244.0 243.0 243.0 244.0 244.0 243.0 244.0 244.0 244.0 243.0 244.0 242.0
20.8637 80.1737 15.3808 47.03 38.8372 65.1852 35.5285 53.4659 56.0898 
20.0 27.0 17.0 13.0 13.0
244.0 235.0 241.0 242.0 243.0 241.0 241.0 239.0 241.0 242.0 240.0 237.0
242.0 243.0 241.0 243.0 239.0 228.0 239.0 237.0 242.0 244.0 243.0 243.0
250.0 238.0 244.0 255.0 255.0 241.0 250.0 246.0 252.0 249.0 249.0 240.0
243.0 243.0 243.0 244.0 244.0 242.0 243.0 243.0 243.0 243.0 243.0 243.0
242.0 243.0 244.0 244.0 244.0 243.0 244.0 243.0 244.0 243.0 243.0 243.0
20.4546 80.0621 15.3808 47.5705 39.2248 65.1852 35.5285 53.8808 56.0898 
20.0 27.0 18.0 13.0 12.0
244.0 235.0 241.0 242.0 243.0 242.0 241.0 239.0 241.0 242.0 240.0 237.0
243.0 242.0 242.0 242.0 240.0 227.0 240.0 236.0 242.0 244.0 242.0 243.0
250.0 237.0 245.0 255.0 255.0 241.0 250.0 245.0 253.0 248.0 250.0 240.0
243.0 242.0 243.0 244.0 243.0 242.0 243.0 243.0 243.0 243.0 244.0 243.0
243.0 242.0 244.0 244.0 244.0 244.0 244.0 243.0 243.0 244.0 244.0 243.0
20.4546 79.9505 15.3808 47.5705 39.2248 65.5556 35.9016 54.2957 56.6 
20.0 28.0 18.0 13.0 12.0
244.0 235.0 241.0 242.0 243.0 241.0 242.0 239.0 241.0 242.0 240.0 237.0
242.0 243.0 242.0 243.0 239.0 228.0 240.0 236.0 242.0 243.0 243.0 243.0
250.0 238.0 245.0 255.0 255.0 240.0 250.0 246.0 253.0 249.0 249.0 241.0
243.0 242.0 243.0 244.0 244.0 242.0 243.0 243.0 243.0 243.0 244.0 242.0
244.0 244.0 244.0 244.0 244.0 244.0 245.0 243.0 243.0 244.0 244.0 243.0
20.4546 79.9505 15.3808 47.5705 39.2248 65.5556 35.9016 54.2957 56.0898 
20.0 28.0 17.0 12.0 13.0
244.0 235.0 241.0 242.0 243.0 241.0 241.0 239.0 241.0 242.0 240.0 237.0
242.0 243.0 243.0 243.0 240.0 228.0 239.0 236.0 242.0 244.0 242.0 243.0
250.0 238.0 244.0 255.0 255.0 240.0 250.0 245.0 253.0 249.0 250.0 241.0
242.0 243.0 243.0 244.0 243.0 242.0 243.0 243.0 242.0 243.0 243.0 243.0
243.0 243.0 244.0 244.0 244.0 243.0 244.0 244.0 242.0 244.0 244.0 243.0
20.591 80.1737 15.3808 47.5705 39.2248 65.1852 35.9016 54.2957 56.0898 
20.0 27.0 17.0 13.0 12.0
244.0 236.0 241.0 243.0 243.0 241.0 242.0 239.0 241.0 242.0 241.0 237.0
242.0 244.0 242.0 244.0 239.0 228.0 240.0 236.0 242.0 244.0 243.0 242.0
250.0 237.0 244.0 255.0 255.0 240.0 250.0 245.0 252.0 248.0 250.0 241.0
243.0 242.0 243.0 243.0 243.0 243.0 243.0 243.0 243.0 243.0 243.0 242.0
243.0 243.0 243.0 244.0 244.0 244.0 244.0 243.0 243.0 244.0 244.0 242.0
20.7273 80.1737 15.3808 47.5705 39.2248 65.5556 35.9016 54.2957 56.6 
19.0 27.0 17.0 13.0 12.0
244.0 236.0 241.0 242.0 243.0 241.0 242.0 239.0 241.0 242.0 240.0 237.0
243.0 243.0 242.0 243.0 239.0 229.0 239.0 236.0 241.0 244.0 242.0 243.0
250.0 238.0 244.0 255.0 255.0 239.0 250.0 245.0 253.0 249.0 250.0 241.0
243.0 243.0 243.0 244.0 243.0 243.0 243.0 243.0 243.0 243.0 243.0 243.0
244.0 243.0 244.0 244.0 244.0 244.0 244.0 242.0 243.0 245.0 243.0 243.0
20.591 80.1737 15.3808 47.5705 39.2248 65.1852 35.9016 54.2957 56.0898 
19.0 27.0 17.0 13.0 12.0
244.0 235.0 241.0 242.0 243.0 241.0 242.0 239.0 241.0 242.0 241.0 237.0
242.0 243.0 241.0 243.0 240.0 227.0 240.0 236.0 242.0 243.0 243.0 242.0
250.0 238.0 244.0 255.0 255.0 239.0 249.0 244.0 253.0 249.0 248.0 241.0
243.0 243.0 243.0 243.0 244.0 243.0 243.0 243.0 243.0 243.0 243.0 243.0
243.0 244.0 243.0 244.0 244.0 243.0 244.0 243.0 242.0 244.0 244.0 243.0
20.4546 80.1737 15.3808 47.5705 39.6124 65.5556 36.2748 54.2957 57.1102 
20.0 27.0 17.0 13.0 12.0
244.0 235.0 241.0 243.0 243.0 241.0 242.0 239.0 241.0 242.0 240.0 237.0
242.0 243.0 242.0 243.0 240.0 228.0 240.0 236.0 242.0 244.0 243.0 242.0
250.0 237.0 245.0 255.0 255.0 239.0 249.0 244.0 252.0 249.0 249.0 240.0
242.0 243.0 243.0 244.0 243.0 243.0 243.0 243.0 243.0 243.0 243.0 243.0
242.0 243.0 243.0 244.0 244.0 243.0 244.0 244.0 243.0 244.0 244.0 242.0
