-10000
20.0455 78.9461 16.9192 45.4084 40 67.7778 34.7822 51.3912 12.7224 
17.0 16.0 14.0 13.0 13.0
243.0 242.0 240.0 242.0 243.0 239.0 240.0 239.0 241.0 243.0 242.0 243.0
243.0 243.0 242.0 243.0 240.0 240.0 239.0 241.0 242.0 243.0 243.0 243.0
248.0 244.0 246.0 255.0 255.0 241.0 247.0 245.0 252.0 248.0 249.0 244.0
242.0 243.0 243.0 244.0 244.0 243.0 243.0 243.0 243.0 243.0 243.0 243.0
244.0 243.0 244.0 244.0 244.0 244.0 244.0 244.0 244.0 244.0 244.0 244.0
19.9091 79.0577 16.9192 45.4084 40 67.7778 34.7822 51.8061 13.2327 
16.0 16.0 14.0 13.0 12.0
243.0 242.0 240.0 242.0 243.0 239.0 241.0 238.0 241.0 243.0 241.0 243.0
242.0 243.0 243.0 243.0 240.0 240.0 239.0 242.0 242.0 243.0 243.0 243.0
248.0 244.0 246.0 255.0 255.0 241.0 247.0 245.0 252.0 248.0 249.0 244.0
242.0 243.0 243.0 244.0 244.0 242.0 243.0 243.0 243.0 243.0 243.0 242.0
243.0 243.0 244.0 244.0 244.0 243.0 244.0 244.0 243.0 244.0 244.0 244.0
19.6364 78.9461 16.9192 45.4084 40 67.7778 34.7822 51.8061 29.5592 
16.0 16.0 14.0 13.0 13.0
243.0 242.0 240.0 242.0 243.0 240.0 240.0 239.0 241.0 243.0 242.0 244.0
243.0 243.0 243.0 243.0 240.0 240.0 239.0 242.0 242.0 244.0 243.0 243.0
247.0 244.0 246.0 255.0 255.0 241.0 247.0 244.0 252.0 248.0 249.0 244.0
242.0 243.0 243.0 243.0 243.0 243.0 244.0 243.0 243.0 243.0 243.0 243.0
243.0 242.0 244.0 244.0 244.0 244.0 244.0 244.0 243.0 243.0 244.0 242.0
19.5 79.1693 17.6885 45.4084 40 68.1481 35.1554 52.636 44.3551 
16.0 16.0 14.0 12.0 12.0
243.0 242.0 241.0 242.0 243.0 239.0 240.0 238.0 242.0 243.0 242.0 244.0
243.0 243.0 243.0 243.0 240.0 240.0 239.0 242.0 242.0 243.0 243.0 243.0
248.0 244.0 246.0 255.0 255.0 241.0 247.0 244.0 253.0 248.0 249.0 244.0
242.0 243.0 243.0 243.0 244.0 242.0 243.0 243.0 243.0 243.0 243.0 243.0
243.0 244.0 244.0 244.0 245.0 244.0 244.0 243.0 244.0 244.0 244.0 244.0
19.5 79.3925 17.6885 45.4084 40 68.1481 35.1554 52.636 53.5388 
17.0 16.0 15.0 13.0 12.0
243.0 242.0 240.0 242.0 243.0 239.0 240.0 239.0 241.0 243.0 241.0 243.0
242.0 243.0 243.0 243.0 240.0 241.0 239.0 241.0 242.0 244.0 243.0 242.0
248.0 244.0 246.0 255.0 255.0 241.0 247.0 244.0 252.0 248.0 249.0 244.0
243.0 243.0 243.0 243.0 244.0 243.0 243.0 243.0 243.0 243.0 243.0 243.0
242.0 244.0 243.0 244.0 244.0 244.0 244.0 244.0 243.0 244.0 244.0 243.0
19.9091 79.3925 17.6885 45.9489 40.3876 68.1481 35.5285 53.4659 56.6 
17.0 16.0 15.0 13.0 13.0
243.0 242.0 240.0 242.0 243.0 239.0 240.0 238.0 241.0 243.0 241.0 243.0
243.0 243.0 243.0 243.0 240.0 240.0 239.0 242.0 242.0 243.0 243.0 242.0
248.0 244.0 246.0 255.0 255.0 240.0 247.0 244.0 253.0 248.0 249.0 244.0
243.0 243.0 243.0 244.0 243.0 242.0 244.0 243.0 243.0 243.0 244.0 243.0
243.0 243.0 244.0 244.0 244.0 244.0 244.0 244.0 243.0 244.0 244.0 243.0
19.9091 79.5041 17.6885 45.9489 40 68.5185 35.5285 53.8808 56.6 
17.0 16.0 15.0 13.0 13.0
243.0 242.0 240.0 242.0 243.0 239.0 240.0 238.0 241.0 243.0 242.0 243.0
243.0 244.0 243.0 243.0 240.0 239.0 238.0 241.0 242.0 243.0 243.0 243.0
247.0 244.0 246.0 255.0 255.0 241.0 247.0 244.0 252.0 249.0 249.0 244.0
243.0 242.0 243.0 244.0 243.0 243.0 243.0 243.0 242.0 243.0 243.0 243.0
242.0 244.0 244.0 244.0 244.0 244.0 244.0 244.0 243.0 244.0 244.0 243.0
20.1819 79.3925 17.6885 45.9489 40 68.5185 35.5285 53.8808 56.0898 
17.0 16.0 14.0 13.0 12.0
243.0 241.0 240.0 243.0 243.0 239.0 240.0 238.0 241.0 243.0 241.0 243.0
242.0 243.0 243.0 243.0 240.0 240.0 239.0 241.0 242.0 244.0 244.0 242.0
247.0 244.0 246.0 255.0 255.0 241.0 247.0 244.0 252.0 248.0 249.0 244.0
243.0 243.0 243.0 244.0 243.0 243.0 243.0 243.0 243.0 243.0 243.0 243.0
243.0 244.0 243.0 244.0 244.0 243.0 245.0 242.0 244.0 243.0 244.0 242.0
20.3182 79.3925 17.6885 46.4895 40 68.5185 35.5285 54.2957 56.6 
17.0 17.0 14.0 13.0 12.0
244.0 242.0 240.0 242.0 243.0 240.0 240.0 238.0 241.0 243.0 242.0 244.0
244.0 243.0 241.0 243.0 240.0 240.0 239.0 242.0 242.0 243.0 242.0 243.0
248.0 244.0 246.0 255.0 255.0 240.0 247.0 244.0 252.0 248.0 248.0 244.0
242.0 243.0 243.0 243.0 243.0 243.0 243.0 243.0 243.0 243.0 243.0 242.0
244.0 242.0 244.0 244.0 244.0 243.0 244.0 244.0 243.0 244.0 244.0 243.0
20.1819 79.7273 17.6885 47.03 40.3876 68.5185 35.9016 54.2957 56.6 
17.0 16.0 15.0 13.0 12.0
244.0 242.0 240.0 242.0 243.0 239.0 241.0 238.0 241.0 243.0 241.0 243.0
242.0 244.0 242.0 243.0 241.0 239.0 239.0 241.0 242.0 244.0 243.0 242.0
248.0 244.0 245.0 255.0 255.0 240.0 246.0 244.0 252.0 248.0 248.0 244.0
242.0 243.0 243.0 243.0 243.0 243.0 243.0 243.0 243.0 243.0 243.0 243.0
244.0 243.0 243.0 244.0 243.0 244.0 244.0 243.0 244.0 243.0 244.0 242.0
20.591 79.9505 17.6885 47.03 40.3876 68.5185 35.9016 54.2957 57.1102 
16.0 16.0 15.0 12.0 12.0
244.0 242.0 240.0 242.0 242.0 239.0 240.0 239.0 241.0 243.0 242.0 243.0
242.0 243.0 243.0 243.0 241.0 239.0 239.0 242.0 242.0 243.0 243.0 242.0
247.0 244.0 245.0 255.0 255.0 241.0 246.0 244.0 252.0 248.0 248.0 244.0
242.0 242.0 243.0 244.0 244.0 243.0 243.0 243.0 243.0 243.0 243.0 243.0
243.0 243.0 244.0 244.0 244.0 243.0 244.0 243.0 244.0 243.0 244.0 242.0
20.591 80.0621 18.0731 47.03 40.3876 68.5185 35.9016 54.2957 56.6 
17.0 16.0 15.0 13.0 12.0
243.0 242.0 240.0 242.0 242.0 239.0 240.0 238.0 241.0 243.0 242.0 244.0
243.0 242.0 242.0 242.0 240.0 240.0 239.0 241.0 242.0 244.0 243.0 243.0
247.0 244.0 246.0 255.0 255.0 240.0 247.0 244.0 252.0 248.0 249.0 245.0
243.0 243.0 243.0 244.0 244.0 243.0 243.0 243.0 243.0 243.0 243.0 243.0
244.0 242.0 244.0 244.0 244.0 243.0 244.0 243.0 244.0 243.0 244.0 243.0
