-10000
19.7728 78.8345 16.9192 47.5705 34.5736 64.4444 32.9166 48.9015 11.702 
16.0 17.0 16.0 13.0 12.0
244.0 238.0 241.0 243.0 243.0 241.0 242.0 239.0 241.0 242.0 240.0 240.0
243.0 243.0 243.0 243.0 242.0 240.0 244.0 238.0 243.0 243.0 242.0 243.0
250.0 239.0 244.0 255.0 255.0 239.0 248.0 244.0 252.0 248.0 249.0 241.0
243.0 243.0 243.0 244.0 244.0 243.0 243.0 243.0 243.0 243.0 243.0 243.0
243.0 244.0 243.0 244.0 244.0 243.0 244.0 243.0 243.0 243.0 244.0 243.0
19.5 78.9461 16.9192 48.1111 34.5736 64.8148 33.2897 49.7314 12.2122 
16.0 17.0 16.0 13.0 13.0
244.0 239.0 241.0 243.0 243.0 241.0 242.0 239.0 240.0 242.0 239.0 240.0
243.0 243.0 243.0 243.0 243.0 240.0 242.0 239.0 243.0 243.0 243.0 242.0
250.0 239.0 244.0 255.0 255.0 239.0 248.0 244.0 252.0 249.0 250.0 241.0
243.0 243.0 243.0 243.0 244.0 243.0 243.0 243.0 243.0 243.0 243.0 243.0
243.0 243.0 243.0 244.0 244.0 244.0 244.0 244.0 243.0 244.0 244.0 242.0
20.1819 79.1693 17.3038 48.1111 34.5736 64.8148 33.2897 50.5613 31.6 
16.0 17.0 17.0 13.0 13.0
244.0 240.0 241.0 243.0 243.0 241.0 242.0 239.0 241.0 241.0 239.0 240.0
243.0 243.0 243.0 243.0 243.0 240.0 242.0 238.0 243.0 244.0 243.0 243.0
250.0 240.0 244.0 255.0 255.0 239.0 248.0 244.0 252.0 248.0 250.0 242.0
243.0 243.0 243.0 244.0 243.0 243.0 243.0 243.0 243.0 243.0 243.0 243.0
243.0 244.0 244.0 243.0 244.0 243.0 244.0 243.0 244.0 244.0 244.0 242.0
20.3182 79.5041 17.3038 48.1111 36.124 64.8148 34.036 51.3912 47.4163 
17.0 18.0 17.0 13.0 12.0
244.0 239.0 241.0 243.0 243.0 241.0 241.0 239.0 241.0 242.0 239.0 240.0
243.0 242.0 243.0 243.0 242.0 239.0 241.0 237.0 243.0 243.0 242.0 243.0
250.0 239.0 244.0 255.0 255.0 238.0 247.0 244.0 252.0 249.0 250.0 241.0
243.0 242.0 243.0 244.0 243.0 243.0 243.0 243.0 243.0 243.0 243.0 243.0
244.0 244.0 243.0 244.0 244.0 244.0 244.0 243.0 243.0 244.0 244.0 244.0
20.3182 79.6157 17.3038 48.1111 36.8992 64.8148 34.4091 52.221 55.5796 
17.0 18.0 17.0 13.0 13.0
244.0 238.0 241.0 243.0 243.0 241.0 241.0 239.0 241.0 241.0 239.0 240.0
242.0 244.0 242.0 243.0 242.0 238.0 241.0 236.0 243.0 244.0 243.0 242.0
250.0 240.0 244.0 255.0 255.0 238.0 247.0 244.0 252.0 249.0 249.0 242.0
243.0 243.0 243.0 243.0 244.0 242.0 244.0 243.0 243.0 243.0 243.0 243.0
243.0 243.0 244.0 244.0 243.0 244.0 244.0 243.0 244.0 244.0 244.0 242.0
20.0455 79.7273 16.9192 48.1111 38.062 64.4444 34.7822 52.636 56.0898 
17.0 20.0 16.0 13.0 13.0
244.0 238.0 241.0 243.0 243.0 241.0 241.0 239.0 241.0 241.0 239.0 240.0
243.0 242.0 242.0 243.0 242.0 238.0 240.0 235.0 242.0 244.0 242.0 242.0
250.0 240.0 245.0 255.0 255.0 239.0 247.0 244.0 252.0 248.0 249.0 242.0
242.0 243.0 243.0 244.0 243.0 242.0 244.0 243.0 243.0 243.0 243.0 243.0
242.0 244.0 244.0 244.0 244.0 243.0 244.0 244.0 243.0 244.0 244.0 243.0
19.9091 79.8389 16.9192 48.1111 38.062 64.4444 35.1554 53.0509 56.0898 
17.0 20.0 17.0 13.0 13.0
244.0 237.0 241.0 243.0 243.0 241.0 242.0 239.0 241.0 241.0 239.0 240.0
244.0 243.0 242.0 243.0 242.0 238.0 240.0 235.0 242.0 244.0 242.0 243.0
250.0 240.0 244.0 255.0 255.0 239.0 246.0 244.0 252.0 248.0 249.0 242.0
242.0 242.0 243.0 244.0 243.0 243.0 243.0 243.0 243.0 243.0 243.0 242.0
243.0 243.0 243.0 244.0 244.0 244.0 244.0 243.0 243.0 244.0 244.0 243.0
19.9091 79.8389 16.9192 48.1111 38.4496 64.8148 35.1554 53.0509 56.0898 
18.0 20.0 16.0 12.0 13.0
244.0 237.0 242.0 243.0 243.0 241.0 241.0 239.0 241.0 241.0 239.0 240.0
243.0 243.0 242.0 243.0 242.0 237.0 240.0 235.0 242.0 243.0 242.0 243.0
250.0 240.0 244.0 255.0 255.0 238.0 247.0 244.0 252.0 249.0 250.0 242.0
242.0 243.0 243.0 244.0 244.0 243.0 243.0 243.0 243.0 243.0 243.0 243.0
243.0 243.0 243.0 244.0 244.0 243.0 244.0 243.0 244.0 243.0 244.0 242.0
20.1819 80.0621 16.9192 48.1111 38.4496 64.8148 35.1554 53.8808 56.0898 
18.0 19.0 17.0 12.0 12.0
244.0 237.0 241.0 243.0 243.0 241.0 242.0 239.0 241.0 241.0 239.0 240.0
243.0 243.0 242.0 243.0 242.0 238.0 239.0 236.0 243.0 244.0 242.0 243.0
249.0 240.0 244.0 255.0 255.0 238.0 247.0 244.0 252.0 248.0 249.0 242.0
242.0 243.0 243.0 244.0 243.0 243.0 243.0 243.0 243.0 243.0 243.0 243.0
243.0 243.0 244.0 244.0 244.0 243.0 244.0 243.0 243.0 244.0 244.0 242.0
20.1819 80.1737 16.9192 48.1111 39.2248 64.8148 35.1554 54.2957 56.0898 
17.0 21.0 17.0 13.0 13.0
244.0 237.0 241.0 243.0 243.0 242.0 241.0 239.0 241.0 241.0 239.0 239.0
242.0 243.0 242.0 243.0 241.0 237.0 238.0 234.0 242.0 244.0 241.0 243.0
250.0 240.0 245.0 255.0 255.0 238.0 246.0 244.0 251.0 249.0 250.0 243.0
242.0 243.0 243.0 244.0 244.0 243.0 243.0 243.0 243.0 243.0 243.0 242.0
242.0 243.0 244.0 244.0 244.0 243.0 244.0 244.0 242.0 243.0 244.0 243.0
20.0455 80.0621 16.9192 48.6516 39.6124 65.1852 35.5285 54.2957 56.0898 
18.0 21.0 17.0 12.0 13.0
244.0 237.0 241.0 243.0 243.0 241.0 241.0 239.0 241.0 241.0 240.0 240.0
243.0 243.0 242.0 243.0 241.0 236.0 238.0 235.0 242.0 244.0 242.0 242.0
249.0 240.0 244.0 255.0 255.0 238.0 246.0 244.0 252.0 248.0 250.0 242.0
243.0 243.0 243.0 243.0 243.0 243.0 243.0 243.0 243.0 243.0 243.0 243.0
244.0 242.0 243.0 243.0 244.0 244.0 245.0 243.0 243.0 243.0 244.0 243.0
19.9091 80.0621 16.9192 48.6516 40 65.1852 35.9016 54.2957 56.0898 
18.0 20.0 17.0 13.0 12.0
244.0 237.0 241.0 243.0 243.0 241.0 241.0 239.0 241.0 241.0 239.0 240.0
242.0 242.0 242.0 243.0 241.0 236.0 238.0 234.0 242.0 244.0 241.0 242.0
249.0 241.0 245.0 255.0 255.0 237.0 245.0 244.0 251.0 248.0 249.0 243.0
242.0 243.0 243.0 244.0 244.0 243.0 243.0 243.0 243.0 244.0 243.0 243.0
243.0 244.0 244.0 244.0 244.0 244.0 244.0 244.0 244.0 243.0 244.0 243.0
