-10000
20.591 78.8345 14.9962 39.4624 32.6357 57.7778 28.439 46.4119 13.7429 
17.0 19.0 18.0 13.0 12.0
244.0 240.0 242.0 243.0 243.0 243.0 242.0 240.0 242.0 242.0 240.0 238.0
243.0 243.0 243.0 243.0 242.0 239.0 243.0 237.0 243.0 244.0 243.0 243.0
249.0 236.0 245.0 255.0 255.0 243.0 255.0 246.0 253.0 249.0 249.0 241.0
242.0 243.0 244.0 244.0 243.0 242.0 243.0 243.0 244.0 243.0 243.0 243.0
244.0 243.0 244.0 244.0 244.0 243.0 244.0 244.0 243.0 244.0 244.0 243.0
20.4546 78.9461 14.9962 41.0841 32.6357 58.5185 29.1852 46.4119 14.2531 
18.0 18.0 19.0 12.0 12.0
244.0 239.0 242.0 243.0 243.0 242.0 243.0 240.0 242.0 242.0 239.0 237.0
243.0 243.0 242.0 243.0 242.0 240.0 244.0 236.0 243.0 244.0 243.0 243.0
249.0 237.0 245.0 255.0 255.0 243.0 255.0 246.0 253.0 248.0 249.0 241.0
242.0 243.0 243.0 244.0 244.0 243.0 243.0 243.0 243.0 243.0 244.0 243.0
243.0 243.0 243.0 244.0 244.0 244.0 244.0 244.0 243.0 244.0 244.0 242.0
20.1819 78.8345 14.9962 43.2462 32.6357 60.7407 29.5584 46.8268 32.6204 
17.0 18.0 19.0 12.0 12.0
244.0 239.0 242.0 243.0 243.0 242.0 242.0 240.0 242.0 242.0 239.0 238.0
243.0 243.0 243.0 243.0 242.0 239.0 244.0 236.0 242.0 244.0 243.0 243.0
249.0 237.0 245.0 255.0 255.0 242.0 255.0 247.0 255.0 249.0 249.0 241.0
243.0 243.0 243.0 244.0 244.0 243.0 243.0 243.0 243.0 243.0 243.0 243.0
243.0 242.0 244.0 244.0 244.0 243.0 244.0 243.0 243.0 244.0 244.0 243.0
20.1819 79.0577 14.6115 43.7868 33.0233 62.2222 31.0509 47.6567 47.9265 
18.0 20.0 19.0 12.0 12.0
244.0 239.0 242.0 243.0 243.0 242.0 242.0 240.0 242.0 242.0 239.0 238.0
243.0 243.0 244.0 243.0 242.0 239.0 244.0 235.0 243.0 243.0 244.0 243.0
249.0 237.0 245.0 255.0 255.0 242.0 255.0 246.0 253.0 249.0 249.0 241.0
242.0 243.0 243.0 244.0 243.0 243.0 243.0 243.0 243.0 243.0 243.0 243.0
244.0 244.0 244.0 244.0 244.0 243.0 244.0 244.0 243.0 244.0 244.0 242.0
19.9091 79.8389 14.6115 44.3273 34.186 62.963 32.5434 48.0717 55.0694 
18.0 20.0 19.0 13.0 13.0
244.0 238.0 241.0 243.0 243.0 242.0 242.0 239.0 241.0 241.0 239.0 237.0
243.0 244.0 241.0 243.0 242.0 238.0 244.0 234.0 243.0 243.0 242.0 243.0
250.0 236.0 245.0 255.0 255.0 242.0 252.0 246.0 253.0 249.0 250.0 241.0
242.0 243.0 243.0 244.0 244.0 243.0 243.0 242.0 243.0 243.0 243.0 243.0
244.0 243.0 244.0 244.0 244.0 243.0 244.0 242.0 244.0 243.0 244.0 243.0
19.5 79.8389 15.3808 45.9489 35.3488 63.3333 32.9166 49.3165 56.6 
19.0 23.0 19.0 13.0 12.0
243.0 237.0 242.0 243.0 243.0 242.0 242.0 239.0 241.0 241.0 239.0 237.0
243.0 243.0 242.0 243.0 242.0 237.0 243.0 232.0 243.0 243.0 242.0 243.0
250.0 237.0 245.0 255.0 255.0 241.0 252.0 246.0 253.0 249.0 250.0 241.0
243.0 243.0 243.0 244.0 244.0 242.0 243.0 243.0 243.0 243.0 243.0 243.0
243.0 243.0 244.0 244.0 244.0 243.0 244.0 244.0 243.0 243.0 243.0 243.0
19.3637 80.0621 14.9962 47.03 36.5116 63.3333 33.6628 49.7314 56.6 
19.0 25.0 18.0 12.0 13.0
244.0 237.0 242.0 243.0 243.0 241.0 242.0 239.0 241.0 241.0 239.0 236.0
243.0 243.0 242.0 243.0 242.0 236.0 242.0 231.0 243.0 244.0 242.0 242.0
250.0 236.0 245.0 255.0 255.0 241.0 251.0 246.0 253.0 249.0 249.0 241.0
243.0 243.0 243.0 244.0 243.0 243.0 243.0 243.0 243.0 243.0 243.0 243.0
243.0 244.0 244.0 244.0 244.0 244.0 244.0 244.0 243.0 244.0 243.0 242.0
19.3637 80.1737 14.9962 47.5705 36.5116 63.3333 33.6628 50.1463 57.1102 
19.0 25.0 19.0 12.0 12.0
243.0 236.0 241.0 243.0 243.0 241.0 241.0 240.0 241.0 242.0 240.0 236.0
243.0 243.0 242.0 242.0 241.0 237.0 241.0 230.0 243.0 244.0 242.0 242.0
249.0 236.0 245.0 255.0 255.0 240.0 251.0 245.0 253.0 249.0 249.0 241.0
243.0 243.0 243.0 244.0 244.0 243.0 244.0 243.0 243.0 244.0 243.0 243.0
244.0 243.0 244.0 244.0 244.0 243.0 245.0 243.0 244.0 244.0 244.0 242.0
19.3637 80.2854 15.3808 47.5705 36.8992 64.0741 34.036 50.9762 57.1102 
19.0 25.0 18.0 13.0 12.0
243.0 236.0 241.0 243.0 243.0 242.0 242.0 239.0 241.0 241.0 239.0 236.0
242.0 244.0 242.0 244.0 242.0 237.0 240.0 230.0 243.0 243.0 242.0 243.0
249.0 236.0 245.0 255.0 255.0 240.0 251.0 245.0 253.0 249.0 249.0 240.0
243.0 243.0 243.0 243.0 244.0 243.0 243.0 243.0 243.0 243.0 244.0 243.0
243.0 244.0 244.0 244.0 244.0 244.0 244.0 244.0 243.0 244.0 244.0 244.0
20.0455 80.397 15.7654 47.5705 38.062 64.0741 35.1554 50.9762 57.1102 
19.0 26.0 19.0 13.0 12.0
243.0 236.0 241.0 243.0 243.0 242.0 241.0 239.0 241.0 241.0 239.0 236.0
242.0 244.0 241.0 243.0 242.0 236.0 240.0 229.0 243.0 244.0 241.0 242.0
250.0 236.0 245.0 255.0 255.0 241.0 250.0 245.0 253.0 249.0 249.0 241.0
242.0 242.0 243.0 244.0 243.0 243.0 243.0 243.0 243.0 243.0 243.0 243.0
244.0 244.0 244.0 245.0 244.0 244.0 245.0 244.0 243.0 244.0 244.0 244.0
20.4546 80.397 15.7654 47.5705 38.062 64.8148 35.1554 51.8061 57.1102 
19.0 26.0 19.0 12.0 12.0
244.0 236.0 241.0 243.0 243.0 242.0 241.0 239.0 241.0 241.0 239.0 236.0
243.0 243.0 242.0 242.0 242.0 236.0 240.0 228.0 243.0 243.0 242.0 243.0
250.0 237.0 245.0 255.0 255.0 240.0 250.0 244.0 253.0 248.0 250.0 241.0
243.0 243.0 243.0 244.0 244.0 242.0 243.0 243.0 243.0 243.0 243.0 243.0
244.0 244.0 244.0 245.0 244.0 244.0 244.0 244.0 244.0 243.0 244.0 244.0
20.3182 80.397 15.7654 47.5705 38.062 65.1852 35.1554 52.636 57.1102 
19.0 26.0 18.0 12.0 12.0
244.0 236.0 241.0 243.0 243.0 242.0 242.0 239.0 241.0 241.0 239.0 236.0
242.0 243.0 241.0 243.0 242.0 236.0 239.0 229.0 243.0 244.0 241.0 243.0
249.0 237.0 244.0 255.0 255.0 240.0 249.0 244.0 253.0 249.0 249.0 241.0
243.0 243.0 243.0 244.0 244.0 243.0 244.0 243.0 243.0 243.0 244.0 243.0
243.0 244.0 244.0 243.0 244.0 244.0 244.0 244.0 243.0 244.0 244.0 244.0
20.591 80.397 15.7654 48.1111 38.8372 65.9259 35.1554 53.0509 57.1102 
19.0 27.0 17.0 13.0 13.0
244.0 237.0 242.0 242.0 243.0 242.0 241.0 239.0 241.0 241.0 239.0 236.0
243.0 243.0 242.0 243.0 241.0 235.0 237.0 228.0 243.0 244.0 242.0 242.0
250.0 237.0 245.0 255.0 255.0 239.0 248.0 244.0 253.0 249.0 249.0 241.0
243.0 243.0 243.0 244.0 243.0 243.0 243.0 243.0 243.0 243.0 243.0 243.0
244.0 243.0 244.0 244.0 244.0 243.0 244.0 242.0 243.0 244.0 244.0 243.0
20.8637 80.5086 15.7654 48.1111 39.6124 65.5556 35.5285 53.4659 57.1102 
19.0 28.0 18.0 12.0 12.0
243.0 235.0 241.0 243.0 243.0 242.0 242.0 239.0 241.0 241.0 239.0 236.0
243.0 243.0 241.0 243.0 241.0 234.0 237.0 227.0 243.0 244.0 241.0 242.0
250.0 237.0 245.0 255.0 255.0 239.0 248.0 244.0 253.0 248.0 249.0 241.0
243.0 243.0 243.0 243.0 243.0 243.0 243.0 243.0 243.0 243.0 243.0 243.0
244.0 243.0 244.0 244.0 244.0 244.0 244.0 244.0 244.0 244.0 243.0 243.0
20.8637 80.6202 15.7654 48.1111 39.6124 65.5556 35.5285 53.4659 57.1102 
19.0 29.0 17.0 13.0 12.0
243.0 236.0 241.0 242.0 243.0 242.0 242.0 240.0 241.0 241.0 239.0 236.0
244.0 242.0 242.0 242.0 241.0 234.0 237.0 226.0 243.0 244.0 242.0 241.0
250.0 237.0 245.0 255.0 255.0 239.0 248.0 244.0 253.0 249.0 249.0 241.0
242.0 243.0 243.0 244.0 243.0 243.0 243.0 243.0 243.0 243.0 244.0 243.0
244.0 243.0 244.0 244.0 244.0 244.0 244.0 244.0 244.0 244.0 244.0 243.0
