-10000
20.591 78.2764 13.8423 42.7057 31.4729 57.037 26.9464 44.3372 14.2531 
17.0 18.0 19.0 13.0 13.0
244.0 241.0 243.0 243.0 243.0 244.0 243.0 241.0 242.0 242.0 240.0 238.0
243.0 243.0 242.0 243.0 242.0 236.0 241.0 241.0 243.0 243.0 243.0 243.0
250.0 236.0 244.0 255.0 255.0 244.0 255.0 248.0 255.0 248.0 249.0 240.0
243.0 243.0 244.0 244.0 243.0 243.0 243.0 243.0 243.0 243.0 244.0 243.0
244.0 244.0 244.0 244.0 243.0 243.0 244.0 243.0 243.0 244.0 244.0 244.0
20.1819 78.6112 13.8423 43.7868 31.8605 58.1481 27.6927 45.582 14.2531 
17.0 19.0 19.0 13.0 12.0
244.0 242.0 242.0 243.0 243.0 243.0 242.0 241.0 242.0 241.0 240.0 238.0
243.0 243.0 242.0 243.0 241.0 236.0 241.0 240.0 243.0 243.0 243.0 243.0
250.0 235.0 244.0 255.0 255.0 243.0 255.0 247.0 255.0 249.0 248.0 240.0
242.0 242.0 244.0 244.0 244.0 243.0 243.0 243.0 243.0 243.0 243.0 243.0
244.0 243.0 243.0 244.0 244.0 243.0 244.0 244.0 243.0 244.0 244.0 244.0
19.7728 78.7229 13.8423 45.4084 32.6357 60 29.1852 46.8268 32.1102 
17.0 20.0 20.0 12.0 12.0
244.0 241.0 243.0 243.0 243.0 243.0 242.0 240.0 241.0 241.0 240.0 238.0
243.0 244.0 242.0 243.0 241.0 234.0 241.0 239.0 243.0 244.0 242.0 243.0
250.0 234.0 244.0 255.0 255.0 242.0 255.0 246.0 255.0 249.0 248.0 240.0
243.0 243.0 243.0 244.0 243.0 243.0 243.0 243.0 243.0 243.0 243.0 244.0
243.0 243.0 244.0 244.0 244.0 244.0 244.0 243.0 243.0 243.0 244.0 244.0
19.6364 78.8345 14.2269 45.9489 33.7984 60.7407 29.9315 47.2418 47.9265 
18.0 22.0 20.0 13.0 12.0
244.0 240.0 242.0 243.0 243.0 243.0 242.0 241.0 241.0 242.0 240.0 237.0
242.0 243.0 243.0 243.0 241.0 233.0 238.0 237.0 243.0 243.0 242.0 243.0
251.0 235.0 244.0 255.0 255.0 242.0 255.0 246.0 255.0 248.0 249.0 239.0
242.0 243.0 243.0 243.0 243.0 243.0 243.0 243.0 243.0 243.0 243.0 243.0
244.0 243.0 243.0 244.0 244.0 244.0 244.0 243.0 243.0 244.0 244.0 243.0
19.6364 79.1693 14.2269 46.4895 34.9612 60.7407 30.6778 48.4866 55.0694 
18.0 24.0 21.0 13.0 13.0
244.0 240.0 242.0 243.0 243.0 242.0 242.0 240.0 241.0 242.0 240.0 237.0
243.0 243.0 242.0 243.0 240.0 232.0 237.0 236.0 243.0 243.0 242.0 242.0
250.0 235.0 243.0 255.0 255.0 242.0 255.0 246.0 255.0 248.0 248.0 240.0
243.0 242.0 243.0 244.0 243.0 243.0 244.0 243.0 243.0 243.0 244.0 243.0
243.0 243.0 244.0 244.0 244.0 244.0 244.0 244.0 243.0 244.0 243.0 243.0
19.5 79.1693 14.2269 47.03 35.7364 61.8519 32.5434 48.9015 55.5796 
18.0 23.0 21.0 13.0 13.0
243.0 240.0 242.0 243.0 243.0 243.0 242.0 241.0 241.0 241.0 240.0 237.0
242.0 243.0 242.0 243.0 240.0 232.0 236.0 237.0 242.0 244.0 242.0 242.0
250.0 234.0 244.0 255.0 255.0 240.0 255.0 246.0 255.0 248.0 248.0 239.0
243.0 242.0 243.0 243.0 244.0 242.0 243.0 243.0 243.0 243.0 243.0 243.0
242.0 243.0 244.0 244.0 244.0 244.0 244.0 243.0 243.0 244.0 243.0 243.0
19.3637 79.0577 14.9962 47.03 36.5116 61.4815 32.9166 49.3165 56.6 
18.0 25.0 21.0 12.0 12.0
244.0 240.0 242.0 243.0 243.0 242.0 242.0 240.0 241.0 242.0 240.0 237.0
243.0 243.0 242.0 243.0 240.0 230.0 235.0 235.0 242.0 243.0 242.0 243.0
251.0 233.0 243.0 255.0 255.0 241.0 255.0 245.0 255.0 248.0 248.0 239.0
242.0 244.0 244.0 244.0 244.0 243.0 243.0 243.0 243.0 243.0 243.0 243.0
244.0 243.0 244.0 244.0 244.0 244.0 244.0 243.0 243.0 244.0 244.0 243.0
19.3637 79.1693 14.9962 48.1111 36.8992 61.8519 33.2897 49.3165 56.6 
19.0 25.0 21.0 12.0 13.0
244.0 239.0 243.0 243.0 243.0 242.0 242.0 240.0 241.0 241.0 240.0 237.0
243.0 243.0 243.0 242.0 240.0 230.0 234.0 235.0 243.0 243.0 242.0 242.0
250.0 234.0 244.0 255.0 255.0 240.0 255.0 245.0 253.0 248.0 248.0 239.0
243.0 243.0 244.0 244.0 243.0 243.0 243.0 243.0 244.0 243.0 243.0 243.0
242.0 244.0 244.0 244.0 244.0 244.0 244.0 244.0 243.0 243.0 244.0 244.0
19.3637 79.6157 14.9962 49.1922 37.2868 62.963 33.2897 50.1463 56.0898 
19.0 25.0 21.0 13.0 12.0
244.0 239.0 242.0 243.0 243.0 242.0 242.0 241.0 241.0 241.0 240.0 236.0
244.0 243.0 242.0 243.0 240.0 229.0 233.0 234.0 242.0 244.0 241.0 243.0
250.0 235.0 243.0 255.0 255.0 240.0 255.0 245.0 253.0 248.0 248.0 239.0
243.0 243.0 243.0 244.0 244.0 243.0 243.0 243.0 243.0 244.0 243.0 243.0
243.0 242.0 243.0 244.0 244.0 243.0 244.0 244.0 243.0 244.0 243.0 243.0
19.3637 79.7273 14.9962 49.7327 37.6744 64.0741 33.6628 51.3912 56.0898 
19.0 25.0 20.0 12.0 12.0
243.0 239.0 242.0 243.0 243.0 242.0 242.0 241.0 241.0 241.0 241.0 236.0
243.0 243.0 242.0 243.0 240.0 229.0 233.0 235.0 243.0 243.0 242.0 242.0
251.0 234.0 243.0 255.0 255.0 240.0 255.0 245.0 253.0 248.0 248.0 239.0
243.0 242.0 243.0 244.0 244.0 243.0 243.0 243.0 243.0 243.0 243.0 243.0
243.0 244.0 243.0 244.0 244.0 243.0 244.0 244.0 243.0 244.0 244.0 243.0
19.3637 79.8389 15.3808 50.2732 39.2248 64.0741 35.1554 50.9762 56.6 
19.0 27.0 21.0 13.0 13.0
244.0 238.0 242.0 243.0 243.0 242.0 242.0 240.0 241.0 241.0 240.0 236.0
243.0 243.0 242.0 243.0 240.0 229.0 231.0 233.0 242.0 244.0 241.0 243.0
250.0 234.0 243.0 255.0 255.0 240.0 255.0 244.0 253.0 248.0 248.0 238.0
243.0 242.0 243.0 244.0 243.0 243.0 243.0 243.0 243.0 243.0 243.0 243.0
243.0 244.0 244.0 244.0 244.0 243.0 244.0 243.0 243.0 244.0 243.0 243.0
19.6364 79.7273 15.3808 50.2732 39.2248 64.4444 35.1554 51.3912 56.0898 
19.0 26.0 22.0 12.0 13.0
244.0 239.0 242.0 243.0 243.0 242.0 243.0 240.0 241.0 241.0 240.0 237.0
243.0 243.0 241.0 243.0 240.0 229.0 231.0 232.0 243.0 244.0 241.0 243.0
251.0 234.0 244.0 255.0 255.0 240.0 255.0 244.0 253.0 248.0 248.0 239.0
243.0 244.0 243.0 244.0 243.0 243.0 243.0 243.0 243.0 243.0 243.0 243.0
244.0 244.0 244.0 244.0 244.0 244.0 244.0 242.0 243.0 243.0 244.0 243.0
20.4546 79.7273 15.7654 50.8138 39.2248 64.4444 35.1554 51.8061 56.0898 
19.0 25.0 21.0 12.0 13.0
243.0 238.0 242.0 243.0 243.0 242.0 242.0 240.0 241.0 241.0 240.0 236.0
243.0 243.0 242.0 243.0 239.0 229.0 230.0 233.0 242.0 244.0 241.0 243.0
251.0 234.0 244.0 255.0 255.0 240.0 253.0 244.0 253.0 248.0 248.0 239.0
243.0 243.0 244.0 244.0 243.0 243.0 243.0 243.0 243.0 243.0 243.0 243.0
244.0 243.0 243.0 244.0 244.0 244.0 244.0 244.0 244.0 244.0 244.0 243.0
20.591 79.7273 15.7654 50.8138 39.2248 64.4444 35.1554 52.636 56.0898 
19.0 26.0 21.0 13.0 12.0
243.0 238.0 242.0 243.0 243.0 243.0 242.0 240.0 241.0 241.0 240.0 236.0
243.0 243.0 242.0 243.0 239.0 229.0 230.0 232.0 243.0 244.0 241.0 243.0
251.0 234.0 243.0 255.0 255.0 239.0 253.0 244.0 253.0 248.0 248.0 239.0
243.0 243.0 243.0 244.0 244.0 243.0 243.0 243.0 243.0 243.0 243.0 243.0
244.0 243.0 243.0 244.0 244.0 243.0 244.0 243.0 243.0 244.0 243.0 243.0
20.8637 79.8389 15.7654 50.8138 39.2248 64.8148 35.5285 52.636 56.0898 
19.0 26.0 22.0 13.0 14.0
244.0 238.0 242.0 243.0 243.0 242.0 241.0 240.0 241.0 241.0 240.0 236.0
243.0 243.0 242.0 243.0 239.0 229.0 230.0 232.0 243.0 244.0 242.0 243.0
250.0 234.0 243.0 255.0 255.0 239.0 253.0 244.0 252.0 248.0 248.0 239.0
243.0 243.0 244.0 244.0 244.0 243.0 244.0 243.0 243.0 243.0 243.0 243.0
243.0 244.0 243.0 244.0 244.0 243.0 244.0 244.0 242.0 244.0 244.0 243.0
20.8637 79.8389 15.7654 50.8138 39.2248 64.8148 35.5285 53.0509 56.6 
19.0 26.0 21.0 13.0 13.0
244.0 238.0 242.0 242.0 243.0 242.0 241.0 241.0 241.0 241.0 241.0 237.0
243.0 243.0 242.0 243.0 239.0 229.0 230.0 232.0 243.0 243.0 241.0 243.0
251.0 234.0 243.0 255.0 255.0 239.0 253.0 244.0 253.0 248.0 248.0 239.0
243.0 243.0 243.0 243.0 243.0 243.0 243.0 243.0 243.0 243.0 243.0 243.0
243.0 244.0 244.0 244.0 243.0 244.0 244.0 243.0 243.0 244.0 244.0 243.0
20.8637 79.9505 15.7654 50.8138 39.6124 65.1852 35.5285 53.4659 56.0898 
19.0 26.0 20.0 12.0 13.0
244.0 238.0 242.0 242.0 243.0 242.0 242.0 240.0 241.0 241.0 240.0 236.0
243.0 243.0 242.0 243.0 240.0 229.0 229.0 231.0 243.0 244.0 241.0 242.0
251.0 235.0 243.0 255.0 255.0 239.0 253.0 243.0 252.0 248.0 248.0 239.0
242.0 243.0 243.0 244.0 243.0 243.0 243.0 243.0 243.0 243.0 243.0 243.0
243.0 243.0 243.0 244.0 244.0 243.0 244.0 243.0 244.0 244.0 244.0 244.0
