-10000
20.4546 78.8345 15.7654 42.7057 31.0853 57.4074 27.3196 45.997 13.2327 
17.0 21.0 17.0 13.0 11.0
244.0 239.0 241.0 242.0 243.0 241.0 241.0 238.0 242.0 243.0 240.0 241.0
243.0 243.0 243.0 243.0 242.0 234.0 244.0 239.0 243.0 243.0 243.0 243.0
249.0 237.0 245.0 255.0 255.0 243.0 255.0 246.0 252.0 248.0 249.0 241.0
243.0 243.0 243.0 244.0 243.0 243.0 244.0 242.0 243.0 243.0 243.0 243.0
244.0 244.0 245.0 244.0 245.0 244.0 244.0 244.0 244.0 243.0 244.0 244.0
20.3182 79.2809 15.7654 42.7057 31.4729 58.5185 28.439 46.8268 13.7429 
17.0 21.0 18.0 12.0 11.0
244.0 238.0 241.0 242.0 243.0 242.0 241.0 239.0 243.0 243.0 240.0 241.0
242.0 243.0 243.0 243.0 242.0 235.0 244.0 239.0 242.0 243.0 243.0 242.0
250.0 237.0 244.0 255.0 255.0 242.0 255.0 246.0 251.0 248.0 249.0 240.0
242.0 242.0 243.0 243.0 244.0 243.0 243.0 243.0 242.0 243.0 243.0 243.0
244.0 244.0 244.0 244.0 245.0 244.0 244.0 244.0 243.0 244.0 245.0 244.0
20.1819 79.2809 16.15 43.2462 31.4729 60 29.1852 47.2418 32.1102 
18.0 22.0 17.0 13.0 13.0
244.0 238.0 241.0 242.0 243.0 240.0 241.0 238.0 242.0 243.0 240.0 241.0
242.0 243.0 242.0 243.0 242.0 233.0 243.0 238.0 243.0 243.0 243.0 242.0
249.0 237.0 245.0 255.0 255.0 242.0 255.0 245.0 252.0 248.0 249.0 241.0
242.0 243.0 243.0 243.0 244.0 242.0 243.0 243.0 243.0 243.0 243.0 243.0
243.0 243.0 244.0 244.0 244.0 243.0 244.0 243.0 244.0 244.0 244.0 242.0
19.9091 79.2809 16.5346 43.7868 32.6357 60.7407 29.9315 48.0717 47.9265 
18.0 23.0 18.0 13.0 12.0
244.0 236.0 240.0 242.0 243.0 240.0 241.0 238.0 242.0 243.0 240.0 242.0
243.0 243.0 242.0 243.0 242.0 231.0 243.0 237.0 243.0 244.0 242.0 242.0
250.0 236.0 244.0 255.0 255.0 243.0 253.0 245.0 251.0 248.0 249.0 241.0
242.0 242.0 243.0 243.0 243.0 243.0 243.0 243.0 243.0 243.0 243.0 243.0
243.0 244.0 244.0 244.0 244.0 244.0 244.0 243.0 243.0 244.0 244.0 243.0
19.6364 79.6157 16.15 44.8678 34.186 61.4815 31.424 49.7314 56.0898 
20.0 25.0 18.0 13.0 13.0
244.0 235.0 240.0 242.0 243.0 240.0 242.0 239.0 242.0 243.0 240.0 242.0
243.0 243.0 242.0 243.0 242.0 230.0 241.0 236.0 242.0 244.0 242.0 243.0
250.0 236.0 244.0 255.0 255.0 242.0 252.0 245.0 251.0 249.0 249.0 240.0
242.0 242.0 243.0 243.0 243.0 243.0 243.0 243.0 243.0 243.0 243.0 243.0
243.0 243.0 244.0 244.0 244.0 244.0 244.0 244.0 243.0 244.0 244.0 242.0
19.7728 79.8389 16.15 45.4084 34.9612 61.4815 32.1703 49.7314 56.6 
21.0 25.0 19.0 13.0 13.0
244.0 235.0 241.0 242.0 243.0 240.0 241.0 239.0 242.0 243.0 240.0 242.0
243.0 243.0 242.0 243.0 242.0 230.0 241.0 236.0 242.0 244.0 242.0 243.0
250.0 237.0 244.0 255.0 255.0 241.0 253.0 246.0 251.0 249.0 249.0 240.0
243.0 243.0 243.0 244.0 244.0 242.0 243.0 243.0 243.0 243.0 244.0 242.0
243.0 244.0 244.0 244.0 244.0 244.0 244.0 243.0 243.0 244.0 243.0 242.0
19.7728 79.8389 15.7654 45.4084 35.7364 62.2222 33.2897 49.7314 56.6 
21.0 25.0 19.0 13.0 13.0
244.0 234.0 241.0 242.0 243.0 241.0 241.0 238.0 242.0 242.0 240.0 241.0
243.0 243.0 242.0 242.0 242.0 230.0 241.0 235.0 242.0 244.0 242.0 243.0
249.0 237.0 244.0 255.0 255.0 241.0 251.0 245.0 251.0 248.0 249.0 241.0
242.0 242.0 243.0 243.0 243.0 243.0 243.0 243.0 243.0 243.0 243.0 243.0
242.0 243.0 244.0 244.0 244.0 244.0 244.0 243.0 243.0 244.0 244.0 242.0
19.5 79.8389 16.15 45.4084 36.8992 62.5926 33.6628 50.9762 56.6 
22.0 26.0 19.0 13.0 13.0
244.0 233.0 241.0 242.0 243.0 241.0 241.0 238.0 242.0 243.0 240.0 241.0
243.0 243.0 242.0 243.0 242.0 229.0 238.0 234.0 242.0 244.0 242.0 243.0
250.0 236.0 244.0 255.0 255.0 241.0 252.0 245.0 251.0 248.0 248.0 240.0
242.0 243.0 243.0 243.0 244.0 243.0 242.0 243.0 243.0 244.0 243.0 243.0
244.0 243.0 244.0 244.0 243.0 245.0 244.0 243.0 243.0 244.0 244.0 243.0
19.5 79.8389 16.15 45.4084 37.2868 62.5926 34.4091 51.3912 56.6 
22.0 26.0 19.0 13.0 12.0
244.0 232.0 240.0 242.0 243.0 240.0 241.0 238.0 241.0 243.0 240.0 241.0
243.0 243.0 242.0 243.0 242.0 229.0 238.0 234.0 243.0 244.0 242.0 242.0
250.0 236.0 244.0 255.0 255.0 240.0 251.0 244.0 252.0 248.0 249.0 240.0
242.0 243.0 243.0 244.0 243.0 242.0 243.0 243.0 243.0 243.0 243.0 242.0
243.0 243.0 244.0 244.0 244.0 244.0 244.0 244.0 243.0 244.0 244.0 243.0
19.3637 79.8389 16.15 45.9489 37.2868 64.0741 34.4091 52.221 56.6 
22.0 25.0 18.0 13.0 13.0
244.0 232.0 241.0 243.0 243.0 241.0 241.0 238.0 241.0 242.0 239.0 241.0
243.0 244.0 242.0 243.0 242.0 229.0 237.0 234.0 242.0 244.0 242.0 243.0
250.0 237.0 244.0 255.0 255.0 240.0 250.0 244.0 251.0 248.0 248.0 241.0
243.0 243.0 243.0 244.0 244.0 242.0 243.0 243.0 243.0 243.0 243.0 242.0
243.0 243.0 244.0 244.0 244.0 244.0 244.0 243.0 244.0 243.0 244.0 242.0
19.5 80.0621 15.7654 45.9489 37.6744 65.1852 34.7822 53.4659 56.6 
23.0 25.0 17.0 13.0 13.0
244.0 233.0 241.0 242.0 243.0 241.0 241.0 238.0 241.0 242.0 240.0 241.0
242.0 243.0 242.0 243.0 241.0 230.0 235.0 232.0 242.0 244.0 241.0 243.0
250.0 237.0 244.0 255.0 255.0 240.0 250.0 244.0 251.0 248.0 249.0 241.0
242.0 242.0 243.0 244.0 243.0 243.0 243.0 243.0 243.0 243.0 243.0 242.0
244.0 243.0 244.0 244.0 244.0 244.0 244.0 244.0 243.0 244.0 244.0 242.0
19.5 80.1737 15.7654 45.9489 38.8372 65.1852 35.1554 53.8808 56.6 
23.0 26.0 18.0 13.0 12.0
244.0 232.0 241.0 242.0 243.0 241.0 241.0 238.0 241.0 242.0 240.0 241.0
243.0 243.0 242.0 243.0 242.0 229.0 233.0 233.0 242.0 244.0 241.0 243.0
249.0 237.0 244.0 255.0 255.0 240.0 249.0 244.0 251.0 249.0 249.0 241.0
242.0 242.0 243.0 244.0 243.0 243.0 243.0 243.0 243.0 243.0 243.0 243.0
243.0 242.0 244.0 243.0 244.0 244.0 244.0 243.0 244.0 244.0 244.0 242.0
20.1819 80.0621 15.7654 46.4895 38.8372 65.1852 35.1554 53.8808 56.6 
23.0 26.0 18.0 13.0 13.0
244.0 232.0 240.0 242.0 243.0 241.0 241.0 238.0 241.0 242.0 240.0 241.0
243.0 243.0 241.0 243.0 241.0 229.0 232.0 233.0 242.0 244.0 242.0 242.0
250.0 238.0 244.0 255.0 255.0 240.0 249.0 244.0 252.0 248.0 249.0 241.0
242.0 243.0 243.0 243.0 244.0 243.0 243.0 243.0 242.0 243.0 243.0 242.0
244.0 243.0 244.0 243.0 244.0 244.0 244.0 243.0 243.0 244.0 244.0 242.0
20.1819 80.0621 15.7654 46.4895 38.8372 65.1852 35.1554 53.8808 56.6 
23.0 27.0 17.0 13.0 12.0
244.0 232.0 241.0 242.0 243.0 240.0 241.0 238.0 241.0 242.0 239.0 241.0
243.0 243.0 242.0 242.0 242.0 229.0 231.0 232.0 243.0 244.0 242.0 242.0
250.0 238.0 244.0 255.0 255.0 240.0 249.0 244.0 251.0 248.0 249.0 241.0
243.0 243.0 243.0 243.0 243.0 242.0 243.0 243.0 243.0 242.0 243.0 243.0
244.0 243.0 244.0 244.0 244.0 244.0 244.0 243.0 243.0 244.0 244.0 244.0
20.1819 80.0621 15.7654 46.4895 39.2248 65.1852 35.5285 54.2957 56.6 
23.0 26.0 18.0 13.0 13.0
244.0 232.0 241.0 242.0 243.0 240.0 241.0 238.0 241.0 242.0 240.0 241.0
242.0 243.0 242.0 243.0 241.0 229.0 231.0 233.0 242.0 244.0 242.0 242.0
250.0 238.0 244.0 255.0 255.0 239.0 248.0 244.0 251.0 248.0 248.0 241.0
242.0 243.0 243.0 243.0 243.0 242.0 243.0 243.0 243.0 243.0 243.0 243.0
243.0 244.0 244.0 244.0 244.0 243.0 244.0 243.0 243.0 243.0 243.0 244.0
