-10000
20.1819 79.3925 17.3038 48.1111 31.8605 62.2222 35.1554 53.4659 13.2327 
15.0 14.0 16.0 13.0 13.0
244.0 243.0 241.0 243.0 243.0 242.0 242.0 240.0 241.0 241.0 240.0 240.0
242.0 243.0 243.0 243.0 243.0 242.0 241.0 241.0 243.0 243.0 243.0 242.0
250.0 239.0 246.0 255.0 255.0 239.0 246.0 244.0 252.0 248.0 250.0 242.0
243.0 243.0 243.0 243.0 244.0 243.0 243.0 243.0 243.0 243.0 243.0 242.0
243.0 243.0 244.0 244.0 244.0 244.0 244.0 243.0 243.0 244.0 244.0 242.0
19.7728 79.1693 17.6885 48.1111 31.8605 62.5926 35.1554 53.4659 13.7429 
15.0 15.0 17.0 13.0 13.0
244.0 243.0 241.0 243.0 243.0 243.0 242.0 240.0 240.0 241.0 241.0 240.0
243.0 243.0 243.0 243.0 242.0 241.0 241.0 241.0 243.0 243.0 243.0 243.0
250.0 239.0 246.0 255.0 255.0 239.0 246.0 244.0 252.0 249.0 249.0 242.0
242.0 243.0 243.0 244.0 244.0 243.0 243.0 243.0 243.0 243.0 243.0 243.0
243.0 244.0 244.0 244.0 244.0 244.0 244.0 244.0 243.0 244.0 244.0 243.0
19.7728 79.2809 17.6885 48.6516 31.8605 62.5926 35.5285 53.4659 32.1102 
15.0 14.0 16.0 13.0 13.0
244.0 243.0 241.0 243.0 243.0 242.0 242.0 240.0 241.0 241.0 241.0 240.0
243.0 243.0 243.0 243.0 242.0 242.0 241.0 240.0 243.0 243.0 243.0 243.0
250.0 239.0 246.0 255.0 255.0 238.0 246.0 244.0 252.0 249.0 250.0 242.0
243.0 242.0 243.0 244.0 244.0 242.0 243.0 243.0 243.0 243.0 243.0 243.0
243.0 243.0 243.0 244.0 243.0 243.0 244.0 243.0 243.0 244.0 244.0 244.0
19.9091 79.3925 17.6885 48.6516 33.4109 62.5926 35.5285 54.2957 47.4163 
16.0 15.0 16.0 13.0 13.0
245.0 243.0 241.0 243.0 243.0 241.0 242.0 240.0 240.0 241.0 241.0 241.0
243.0 244.0 244.0 243.0 242.0 242.0 241.0 240.0 243.0 244.0 243.0 244.0
250.0 240.0 247.0 255.0 255.0 238.0 246.0 244.0 252.0 248.0 250.0 243.0
242.0 243.0 243.0 244.0 244.0 243.0 243.0 243.0 243.0 243.0 243.0 242.0
243.0 243.0 243.0 244.0 244.0 243.0 243.0 243.0 243.0 244.0 244.0 244.0
19.6364 79.2809 17.6885 49.7327 35.3488 62.963 35.5285 54.7107 55.5796 
15.0 16.0 16.0 13.0 13.0
244.0 242.0 241.0 243.0 243.0 242.0 242.0 240.0 240.0 242.0 241.0 241.0
242.0 243.0 243.0 243.0 243.0 241.0 241.0 240.0 243.0 244.0 244.0 244.0
250.0 240.0 247.0 255.0 255.0 239.0 246.0 244.0 252.0 247.0 250.0 243.0
243.0 243.0 243.0 243.0 243.0 242.0 244.0 243.0 243.0 243.0 244.0 243.0
243.0 243.0 244.0 244.0 244.0 244.0 244.0 244.0 243.0 244.0 244.0 243.0
19.5 79.1693 17.6885 50.2732 37.2868 62.5926 35.5285 54.7107 56.0898 
16.0 16.0 17.0 12.0 13.0
244.0 242.0 241.0 243.0 243.0 242.0 241.0 240.0 240.0 242.0 240.0 241.0
243.0 244.0 244.0 243.0 242.0 242.0 241.0 239.0 242.0 243.0 244.0 243.0
249.0 241.0 247.0 255.0 255.0 238.0 246.0 244.0 252.0 248.0 250.0 242.0
242.0 243.0 243.0 244.0 244.0 243.0 243.0 243.0 243.0 243.0 243.0 243.0
243.0 244.0 244.0 244.0 244.0 244.0 243.0 243.0 243.0 244.0 244.0 244.0
19.5 79.1693 17.3038 50.2732 38.062 62.963 35.5285 54.7107 56.0898 
15.0 16.0 17.0 13.0 12.0
245.0 242.0 241.0 243.0 243.0 242.0 241.0 239.0 240.0 241.0 240.0 241.0
243.0 244.0 244.0 243.0 242.0 241.0 241.0 238.0 242.0 243.0 243.0 243.0
249.0 240.0 245.0 255.0 255.0 238.0 245.0 244.0 251.0 248.0 251.0 243.0
243.0 243.0 243.0 243.0 243.0 243.0 243.0 243.0 243.0 243.0 243.0 243.0
243.0 243.0 244.0 244.0 243.0 244.0 244.0 243.0 243.0 244.0 244.0 243.0
19.5 79.1693 17.6885 50.2732 38.062 63.7037 35.9016 54.7107 56.0898 
16.0 16.0 17.0 13.0 13.0
244.0 242.0 242.0 243.0 243.0 242.0 242.0 240.0 240.0 241.0 241.0 241.0
243.0 244.0 244.0 243.0 243.0 242.0 241.0 238.0 243.0 244.0 243.0 243.0
250.0 240.0 247.0 255.0 255.0 238.0 246.0 245.0 252.0 249.0 251.0 242.0
243.0 243.0 243.0 244.0 244.0 243.0 243.0 243.0 243.0 243.0 243.0 243.0
243.0 242.0 243.0 244.0 244.0 244.0 244.0 243.0 243.0 244.0 244.0 243.0
19.6364 79.3925 17.6885 50.2732 38.062 64.8148 35.9016 54.7107 56.0898 
15.0 16.0 16.0 13.0 13.0
245.0 243.0 241.0 243.0 243.0 242.0 242.0 240.0 241.0 242.0 240.0 242.0
242.0 244.0 244.0 243.0 242.0 241.0 241.0 238.0 243.0 243.0 244.0 243.0
249.0 241.0 247.0 255.0 255.0 239.0 245.0 244.0 252.0 248.0 250.0 243.0
243.0 243.0 243.0 243.0 244.0 243.0 243.0 243.0 243.0 243.0 243.0 242.0
244.0 243.0 243.0 245.0 244.0 244.0 244.0 243.0 243.0 243.0 244.0 242.0
19.6364 79.3925 17.6885 50.2732 38.4496 64.8148 35.9016 55.1256 56.0898 
15.0 17.0 18.0 13.0 12.0
244.0 242.0 241.0 243.0 243.0 242.0 242.0 240.0 240.0 241.0 241.0 242.0
243.0 244.0 243.0 243.0 243.0 242.0 241.0 238.0 242.0 244.0 244.0 244.0
249.0 241.0 247.0 255.0 255.0 239.0 245.0 244.0 252.0 248.0 250.0 243.0
243.0 243.0 243.0 243.0 243.0 243.0 243.0 243.0 243.0 243.0 243.0 243.0
244.0 243.0 244.0 243.0 244.0 243.0 244.0 243.0 243.0 244.0 244.0 243.0
20.0455 79.5041 17.3038 50.2732 38.8372 65.1852 36.2748 55.1256 56.0898 
16.0 17.0 17.0 13.0 12.0
245.0 243.0 241.0 243.0 243.0 242.0 241.0 240.0 240.0 241.0 241.0 242.0
244.0 243.0 244.0 244.0 243.0 241.0 240.0 238.0 243.0 244.0 243.0 244.0
249.0 241.0 246.0 255.0 255.0 239.0 246.0 244.0 252.0 248.0 250.0 244.0
242.0 243.0 243.0 243.0 243.0 243.0 243.0 243.0 243.0 243.0 243.0 243.0
243.0 243.0 244.0 244.0 244.0 244.0 244.0 243.0 243.0 243.0 244.0 243.0
19.9091 79.5041 17.3038 50.2732 38.8372 65.1852 36.2748 54.7107 56.0898 
15.0 18.0 16.0 13.0 13.0
245.0 242.0 241.0 243.0 243.0 242.0 242.0 240.0 241.0 241.0 241.0 242.0
242.0 243.0 243.0 243.0 242.0 240.0 240.0 236.0 243.0 244.0 244.0 244.0
249.0 241.0 246.0 255.0 255.0 239.0 245.0 244.0 252.0 248.0 250.0 243.0
242.0 243.0 243.0 244.0 244.0 243.0 243.0 243.0 243.0 243.0 243.0 243.0
244.0 243.0 244.0 244.0 244.0 244.0 244.0 244.0 243.0 244.0 244.0 243.0
