-10000
19.3637 78.388 18.0731 46.4895 33.7984 60.3704 30.3046 46.4119 13.2327 
16.0 17.0 17.0 13.0 12.0
244.0 240.0 241.0 243.0 243.0 242.0 242.0 240.0 241.0 241.0 240.0 239.0
243.0 243.0 243.0 243.0 242.0 241.0 242.0 238.0 243.0 243.0 243.0 242.0
248.0 238.0 245.0 255.0 255.0 244.0 252.0 247.0 253.0 248.0 250.0 242.0
243.0 243.0 243.0 244.0 243.0 243.0 243.0 243.0 243.0 244.0 243.0 243.0
244.0 244.0 244.0 244.0 244.0 244.0 246.0 244.0 244.0 244.0 244.0 243.0
19.5 78.7229 18.0731 47.5705 34.186 60.7407 30.3046 47.2418 13.2327 
16.0 17.0 17.0 12.0 12.0
244.0 240.0 242.0 243.0 243.0 242.0 241.0 240.0 241.0 241.0 240.0 239.0
243.0 243.0 242.0 243.0 243.0 241.0 242.0 238.0 243.0 243.0 243.0 243.0
248.0 239.0 245.0 255.0 255.0 243.0 252.0 247.0 253.0 248.0 249.0 242.0
243.0 243.0 243.0 243.0 244.0 243.0 243.0 243.0 243.0 244.0 243.0 243.0
243.0 243.0 244.0 244.0 244.0 244.0 244.0 243.0 243.0 244.0 244.0 243.0
19.3637 78.8345 18.0731 49.1922 34.186 60.7407 30.6778 48.0717 31.0898 
16.0 17.0 17.0 13.0 13.0
244.0 240.0 242.0 243.0 243.0 241.0 242.0 240.0 241.0 242.0 239.0 239.0
242.0 243.0 243.0 243.0 242.0 241.0 242.0 238.0 243.0 243.0 243.0 243.0
249.0 238.0 245.0 255.0 255.0 243.0 252.0 247.0 253.0 248.0 250.0 242.0
243.0 242.0 243.0 244.0 243.0 243.0 243.0 243.0 243.0 243.0 243.0 243.0
244.0 242.0 244.0 244.0 244.0 243.0 244.0 244.0 243.0 244.0 244.0 243.0
19.2273 78.7229 17.6885 49.7327 34.5736 61.8519 31.7972 49.3165 50.4776 
15.0 16.0 18.0 13.0 12.0
244.0 240.0 241.0 242.0 243.0 242.0 242.0 239.0 240.0 241.0 240.0 240.0
243.0 244.0 243.0 243.0 242.0 241.0 242.0 238.0 243.0 243.0 243.0 243.0
249.0 238.0 245.0 255.0 255.0 242.0 251.0 246.0 253.0 249.0 249.0 242.0
243.0 243.0 243.0 244.0 244.0 243.0 243.0 243.0 243.0 243.0 244.0 243.0
243.0 243.0 243.0 244.0 244.0 244.0 244.0 243.0 244.0 244.0 244.0 243.0
19.2273 79.6157 17.6885 49.7327 35.3488 62.963 33.2897 49.3165 56.0898 
15.0 18.0 18.0 13.0 13.0
244.0 240.0 241.0 243.0 243.0 242.0 242.0 239.0 240.0 241.0 240.0 240.0
243.0 243.0 243.0 244.0 242.0 240.0 241.0 237.0 243.0 244.0 243.0 243.0
249.0 238.0 245.0 255.0 255.0 241.0 251.0 246.0 253.0 248.0 250.0 241.0
243.0 243.0 243.0 243.0 244.0 243.0 243.0 243.0 243.0 243.0 243.0 243.0
244.0 243.0 244.0 244.0 244.0 244.0 244.0 242.0 243.0 244.0 244.0 243.0
19.3637 79.8389 17.6885 49.7327 36.124 63.3333 33.6628 50.1463 56.6 
16.0 18.0 18.0 12.0 13.0
244.0 240.0 241.0 243.0 243.0 242.0 242.0 239.0 241.0 241.0 240.0 240.0
243.0 243.0 242.0 243.0 242.0 240.0 241.0 236.0 243.0 244.0 242.0 243.0
249.0 238.0 245.0 255.0 255.0 241.0 250.0 245.0 253.0 248.0 249.0 242.0
243.0 242.0 243.0 243.0 244.0 243.0 243.0 243.0 243.0 243.0 243.0 243.0
243.0 242.0 244.0 244.0 244.0 243.0 244.0 244.0 243.0 244.0 243.0 243.0
20.3182 80.0621 17.6885 49.7327 36.5116 63.3333 34.036 50.9762 56.6 
16.0 19.0 16.0 13.0 12.0
244.0 241.0 241.0 242.0 243.0 241.0 242.0 239.0 240.0 241.0 240.0 240.0
242.0 243.0 242.0 243.0 242.0 239.0 240.0 236.0 243.0 244.0 242.0 242.0
249.0 238.0 245.0 255.0 255.0 241.0 250.0 246.0 253.0 249.0 250.0 242.0
243.0 243.0 243.0 244.0 244.0 243.0 243.0 243.0 243.0 243.0 243.0 243.0
243.0 244.0 244.0 244.0 244.0 243.0 244.0 243.0 244.0 244.0 244.0 244.0
20.4546 80.0621 17.3038 49.7327 37.6744 63.7037 34.7822 50.5613 56.0898 
16.0 20.0 17.0 12.0 13.0
244.0 240.0 241.0 243.0 243.0 241.0 241.0 240.0 241.0 241.0 240.0 240.0
243.0 243.0 241.0 243.0 242.0 238.0 239.0 234.0 243.0 244.0 242.0 242.0
250.0 238.0 245.0 255.0 255.0 242.0 250.0 245.0 253.0 248.0 250.0 242.0
243.0 243.0 243.0 244.0 243.0 243.0 243.0 243.0 243.0 243.0 243.0 242.0
243.0 243.0 244.0 244.0 244.0 243.0 244.0 243.0 244.0 244.0 244.0 244.0
20.7273 80.0621 17.6885 50.2732 38.062 64.4444 35.1554 51.8061 56.6 
16.0 20.0 16.0 12.0 12.0
244.0 240.0 242.0 243.0 243.0 242.0 242.0 239.0 241.0 242.0 240.0 240.0
244.0 243.0 242.0 243.0 242.0 238.0 239.0 235.0 242.0 243.0 242.0 243.0
250.0 238.0 245.0 255.0 255.0 241.0 247.0 245.0 253.0 249.0 249.0 242.0
243.0 243.0 243.0 244.0 244.0 243.0 243.0 243.0 243.0 243.0 243.0 243.0
244.0 243.0 244.0 244.0 244.0 243.0 244.0 243.0 244.0 244.0 244.0 243.0
20.8637 80.1737 17.6885 50.2732 38.062 64.4444 35.1554 52.636 56.6 
15.0 20.0 17.0 13.0 13.0
244.0 239.0 241.0 243.0 243.0 242.0 241.0 240.0 241.0 241.0 240.0 240.0
243.0 243.0 242.0 243.0 242.0 238.0 238.0 235.0 243.0 244.0 242.0 242.0
250.0 239.0 245.0 255.0 255.0 240.0 248.0 244.0 253.0 249.0 251.0 242.0
243.0 243.0 243.0 244.0 243.0 243.0 243.0 243.0 243.0 243.0 243.0 242.0
243.0 244.0 244.0 244.0 244.0 243.0 245.0 243.0 243.0 244.0 244.0 242.0
21 80.2854 17.3038 50.2732 38.4496 64.4444 35.1554 53.0509 56.6 
15.0 21.0 16.0 13.0 12.0
244.0 240.0 242.0 243.0 243.0 242.0 242.0 239.0 241.0 241.0 240.0 240.0
243.0 243.0 241.0 243.0 241.0 238.0 238.0 235.0 243.0 243.0 242.0 243.0
249.0 239.0 245.0 255.0 255.0 240.0 248.0 244.0 253.0 249.0 250.0 242.0
243.0 243.0 244.0 244.0 244.0 243.0 244.0 243.0 243.0 243.0 243.0 243.0
243.0 242.0 244.0 244.0 244.0 243.0 244.0 243.0 243.0 244.0 245.0 243.0
20.8637 80.397 17.3038 50.2732 39.2248 64.4444 35.1554 53.4659 56.6 
16.0 23.0 15.0 12.0 12.0
244.0 239.0 242.0 243.0 243.0 242.0 242.0 240.0 241.0 241.0 240.0 240.0
243.0 243.0 242.0 243.0 242.0 237.0 237.0 234.0 243.0 244.0 242.0 243.0
249.0 239.0 245.0 255.0 255.0 241.0 247.0 244.0 253.0 248.0 249.0 243.0
243.0 243.0 243.0 244.0 244.0 243.0 243.0 243.0 243.0 243.0 243.0 243.0
244.0 243.0 244.0 245.0 244.0 244.0 244.0 244.0 244.0 243.0 244.0 244.0
20.7273 80.397 17.3038 50.2732 39.6124 64.4444 35.1554 53.4659 56.6 
16.0 22.0 16.0 13.0 13.0
244.0 240.0 242.0 242.0 243.0 242.0 242.0 240.0 240.0 242.0 240.0 240.0
242.0 243.0 242.0 243.0 241.0 237.0 237.0 233.0 244.0 244.0 242.0 243.0
249.0 239.0 246.0 255.0 255.0 240.0 247.0 244.0 252.0 248.0 250.0 242.0
243.0 243.0 244.0 244.0 244.0 243.0 243.0 243.0 243.0 243.0 243.0 243.0
243.0 243.0 244.0 245.0 244.0 243.0 245.0 244.0 243.0 244.0 244.0 242.0
20.4546 80.2854 17.3038 49.7327 39.6124 64.4444 35.5285 53.4659 56.6 
16.0 21.0 16.0 13.0 13.0
244.0 240.0 241.0 242.0 243.0 241.0 242.0 240.0 241.0 241.0 240.0 240.0
243.0 243.0 241.0 243.0 242.0 238.0 237.0 233.0 243.0 243.0 242.0 243.0
249.0 240.0 245.0 255.0 255.0 240.0 247.0 244.0 252.0 249.0 250.0 243.0
243.0 243.0 243.0 244.0 243.0 243.0 243.0 243.0 243.0 243.0 244.0 242.0
243.0 244.0 243.0 244.0 243.0 244.0 244.0 243.0 244.0 244.0 244.0 243.0
20.3182 80.2854 17.3038 50.2732 39.6124 64.4444 35.5285 53.4659 56.6 
16.0 22.0 16.0 12.0 12.0
244.0 240.0 241.0 243.0 243.0 241.0 242.0 240.0 240.0 242.0 240.0 240.0
243.0 243.0 242.0 243.0 242.0 237.0 237.0 233.0 243.0 244.0 242.0 243.0
249.0 239.0 246.0 255.0 255.0 240.0 247.0 244.0 251.0 249.0 249.0 242.0
243.0 243.0 243.0 243.0 244.0 243.0 243.0 243.0 243.0 243.0 243.0 242.0
244.0 244.0 243.0 244.0 244.0 244.0 244.0 244.0 243.0 244.0 243.0 242.0
20.4546 80.2854 17.3038 50.2732 39.6124 64.8148 35.5285 53.8808 56.6 
16.0 21.0 16.0 12.0 13.0
244.0 240.0 241.0 243.0 243.0 242.0 241.0 239.0 240.0 241.0 240.0 240.0
242.0 243.0 242.0 243.0 242.0 238.0 236.0 234.0 243.0 243.0 242.0 242.0
249.0 239.0 245.0 255.0 255.0 240.0 246.0 244.0 252.0 248.0 249.0 243.0
242.0 243.0 243.0 243.0 244.0 243.0 243.0 243.0 243.0 243.0 243.0 243.0
243.0 244.0 244.0 243.0 244.0 243.0 244.0 243.0 243.0 243.0 244.0 243.0
20.3182 80.2854 17.3038 50.2732 39.6124 64.8148 35.5285 53.8808 56.6 
16.0 21.0 16.0 13.0 12.0
244.0 239.0 241.0 243.0 243.0 242.0 241.0 239.0 241.0 241.0 240.0 240.0
243.0 243.0 242.0 243.0 242.0 238.0 236.0 234.0 243.0 244.0 242.0 242.0
249.0 239.0 245.0 255.0 255.0 240.0 247.0 244.0 252.0 248.0 249.0 242.0
242.0 243.0 243.0 244.0 243.0 243.0 243.0 243.0 242.0 243.0 243.0 243.0
244.0 243.0 243.0 244.0 245.0 244.0 244.0 244.0 244.0 244.0 243.0 243.0
20.4546 80.397 17.3038 50.2732 39.6124 64.8148 35.5285 54.2957 56.6 
16.0 22.0 16.0 13.0 12.0
244.0 239.0 242.0 243.0 243.0 242.0 241.0 239.0 240.0 241.0 240.0 240.0
243.0 243.0 241.0 243.0 242.0 239.0 237.0 233.0 243.0 244.0 241.0 243.0
249.0 239.0 245.0 255.0 255.0 239.0 247.0 244.0 252.0 248.0 250.0 243.0
242.0 243.0 243.0 244.0 243.0 243.0 243.0 244.0 243.0 244.0 243.0 243.0
243.0 243.0 244.0 244.0 244.0 244.0 244.0 243.0 243.0 244.0 244.0 242.0
