-10000
19.9091 78.4996 16.5346 44.3273 26.8217 54.0741 34.7822 53.8808 12.7224 
16.0 15.0 15.0 13.0 13.0
243.0 240.0 240.0 241.0 240.0 239.0 240.0 240.0 243.0 243.0 241.0 239.0
243.0 244.0 244.0 243.0 242.0 240.0 242.0 242.0 242.0 243.0 244.0 244.0
247.0 243.0 245.0 255.0 255.0 241.0 246.0 244.0 251.0 249.0 250.0 244.0
242.0 242.0 243.0 243.0 243.0 243.0 243.0 243.0 243.0 243.0 243.0 243.0
242.0 243.0 243.0 244.0 244.0 243.0 244.0 243.0 243.0 244.0 244.0 243.0
20.3182 78.8345 16.9192 44.3273 26.4341 56.2963 35.1554 54.2957 12.7224 
16.0 15.0 15.0 13.0 12.0
244.0 240.0 240.0 242.0 240.0 239.0 239.0 240.0 243.0 243.0 241.0 239.0
243.0 243.0 243.0 243.0 242.0 240.0 242.0 241.0 242.0 243.0 243.0 242.0
247.0 244.0 245.0 255.0 255.0 240.0 247.0 245.0 251.0 249.0 250.0 244.0
242.0 243.0 243.0 243.0 243.0 243.0 243.0 243.0 243.0 243.0 243.0 243.0
243.0 244.0 243.0 245.0 244.0 244.0 245.0 242.0 243.0 244.0 244.0 243.0
20.1819 78.8345 17.3038 44.8678 29.5349 58.5185 35.1554 54.7107 32.1102 
16.0 15.0 15.0 13.0 12.0
244.0 240.0 239.0 241.0 240.0 239.0 239.0 240.0 243.0 243.0 242.0 239.0
243.0 244.0 243.0 243.0 242.0 239.0 243.0 241.0 243.0 243.0 243.0 243.0
246.0 244.0 246.0 255.0 255.0 240.0 247.0 244.0 251.0 249.0 250.0 244.0
242.0 243.0 242.0 243.0 243.0 242.0 243.0 243.0 243.0 243.0 243.0 243.0
243.0 243.0 244.0 244.0 244.0 243.0 244.0 244.0 243.0 243.0 243.0 242.0
19.7728 79.8389 16.9192 44.8678 30.6977 58.1481 35.5285 54.7107 47.4163 
16.0 17.0 14.0 12.0 12.0
244.0 240.0 240.0 241.0 240.0 239.0 240.0 240.0 243.0 243.0 241.0 239.0
243.0 243.0 242.0 243.0 241.0 237.0 242.0 240.0 242.0 243.0 242.0 242.0
247.0 244.0 246.0 255.0 255.0 240.0 246.0 244.0 251.0 250.0 250.0 244.0
243.0 242.0 243.0 243.0 243.0 243.0 244.0 243.0 243.0 243.0 243.0 243.0
242.0 243.0 243.0 244.0 244.0 244.0 244.0 243.0 243.0 243.0 244.0 242.0
20.0455 80.1737 16.9192 45.4084 31.8605 59.2593 36.2748 54.7107 55.0694 
16.0 19.0 15.0 13.0 12.0
244.0 239.0 239.0 241.0 240.0 238.0 239.0 240.0 243.0 243.0 241.0 238.0
242.0 243.0 242.0 243.0 240.0 235.0 241.0 239.0 242.0 244.0 242.0 242.0
248.0 244.0 245.0 255.0 255.0 241.0 247.0 244.0 251.0 249.0 251.0 244.0
242.0 243.0 243.0 243.0 244.0 243.0 243.0 243.0 244.0 243.0 243.0 243.0
244.0 242.0 243.0 244.0 244.0 244.0 244.0 244.0 243.0 244.0 244.0 244.0
20.1819 80.397 16.5346 44.8678 33.4109 60.3704 37.7673 55.1256 56.0898 
17.0 20.0 14.0 13.0 12.0
243.0 239.0 239.0 241.0 239.0 239.0 239.0 240.0 243.0 243.0 241.0 238.0
242.0 243.0 243.0 242.0 240.0 234.0 239.0 239.0 241.0 244.0 242.0 243.0
248.0 244.0 245.0 255.0 255.0 241.0 246.0 244.0 252.0 249.0 250.0 244.0
243.0 242.0 243.0 244.0 243.0 242.0 244.0 243.0 243.0 243.0 243.0 242.0
243.0 244.0 243.0 244.0 245.0 244.0 244.0 243.0 243.0 244.0 244.0 243.0
20.3182 80.6202 16.5346 44.8678 33.7984 60.7407 38.1404 55.1256 56.0898 
17.0 20.0 15.0 13.0 12.0
243.0 238.0 239.0 241.0 240.0 239.0 239.0 240.0 243.0 243.0 241.0 238.0
243.0 243.0 242.0 243.0 239.0 234.0 239.0 239.0 241.0 243.0 242.0 243.0
247.0 244.0 245.0 255.0 255.0 240.0 246.0 244.0 251.0 250.0 251.0 244.0
242.0 242.0 243.0 243.0 243.0 243.0 243.0 243.0 243.0 242.0 243.0 242.0
243.0 243.0 244.0 243.0 244.0 243.0 245.0 243.0 243.0 243.0 244.0 243.0
20.1819 80.7318 16.5346 44.8678 34.186 61.1111 38.1404 55.5405 56.0898 
17.0 21.0 15.0 13.0 13.0
244.0 238.0 239.0 241.0 240.0 239.0 239.0 239.0 243.0 243.0 241.0 238.0
243.0 242.0 242.0 243.0 239.0 235.0 239.0 237.0 242.0 244.0 243.0 242.0
247.0 244.0 246.0 255.0 255.0 241.0 246.0 244.0 251.0 250.0 250.0 244.0
242.0 243.0 243.0 244.0 244.0 243.0 243.0 243.0 243.0 243.0 243.0 242.0
243.0 244.0 244.0 244.0 244.0 243.0 244.0 243.0 243.0 244.0 244.0 242.0
19.9091 80.6202 16.15 44.8678 35.3488 60.7407 38.5136 55.1256 56.0898 
18.0 21.0 15.0 12.0 13.0
243.0 238.0 239.0 241.0 240.0 239.0 239.0 239.0 243.0 243.0 241.0 237.0
242.0 243.0 242.0 243.0 238.0 234.0 237.0 237.0 241.0 243.0 242.0 243.0
247.0 244.0 246.0 255.0 255.0 241.0 246.0 244.0 252.0 250.0 250.0 244.0
242.0 242.0 243.0 244.0 243.0 243.0 243.0 243.0 243.0 243.0 243.0 243.0
244.0 242.0 244.0 244.0 244.0 244.0 244.0 244.0 243.0 244.0 244.0 244.0
19.7728 80.7318 16.15 44.8678 35.7364 61.4815 38.8867 55.5405 56.0898 
18.0 21.0 14.0 13.0 13.0
244.0 237.0 239.0 241.0 240.0 239.0 239.0 240.0 243.0 243.0 241.0 237.0
242.0 243.0 243.0 243.0 237.0 235.0 236.0 236.0 241.0 243.0 241.0 243.0
246.0 244.0 246.0 255.0 255.0 240.0 246.0 245.0 251.0 250.0 250.0 244.0
242.0 242.0 243.0 243.0 244.0 243.0 243.0 243.0 243.0 243.0 243.0 242.0
243.0 243.0 244.0 244.0 244.0 243.0 244.0 244.0 244.0 244.0 244.0 242.0
19.9091 80.7318 16.15 44.3273 35.7364 61.4815 38.8867 55.5405 56.0898 
18.0 21.0 14.0 13.0 12.0
243.0 238.0 239.0 241.0 240.0 239.0 240.0 239.0 243.0 243.0 241.0 237.0
242.0 243.0 242.0 243.0 238.0 233.0 236.0 237.0 241.0 243.0 242.0 242.0
247.0 244.0 246.0 255.0 255.0 240.0 245.0 244.0 251.0 249.0 252.0 244.0
243.0 242.0 243.0 243.0 243.0 243.0 243.0 243.0 243.0 243.0 244.0 243.0
244.0 244.0 244.0 244.0 244.0 243.0 244.0 244.0 244.0 244.0 244.0 243.0
20.1819 80.955 16.15 43.2462 36.5116 61.8519 39.2599 55.9555 56.0898 
18.0 22.0 14.0 13.0 13.0
243.0 236.0 239.0 241.0 240.0 239.0 239.0 239.0 243.0 243.0 241.0 237.0
242.0 243.0 242.0 243.0 237.0 233.0 234.0 236.0 240.0 244.0 241.0 242.0
247.0 244.0 246.0 255.0 255.0 241.0 247.0 244.0 252.0 249.0 251.0 244.0
243.0 242.0 243.0 243.0 243.0 242.0 243.0 243.0 242.0 243.0 243.0 243.0
243.0 243.0 244.0 244.0 244.0 244.0 244.0 243.0 243.0 243.0 244.0 243.0
20.3182 81.0666 16.15 43.2462 36.8992 62.5926 39.2599 55.9555 56.0898 
19.0 23.0 14.0 13.0 13.0
244.0 237.0 239.0 241.0 240.0 239.0 239.0 239.0 243.0 243.0 241.0 237.0
243.0 243.0 242.0 243.0 237.0 233.0 232.0 235.0 240.0 243.0 242.0 243.0
247.0 244.0 247.0 255.0 255.0 241.0 247.0 245.0 252.0 250.0 252.0 244.0
242.0 243.0 243.0 243.0 243.0 243.0 243.0 243.0 242.0 243.0 243.0 243.0
243.0 243.0 243.0 244.0 244.0 244.0 244.0 243.0 243.0 243.0 244.0 243.0
20.4546 81.0666 16.5346 40.5435 37.2868 63.3333 39.633 56.3704 56.0898 
19.0 23.0 12.0 12.0 12.0
243.0 236.0 239.0 241.0 240.0 239.0 239.0 240.0 243.0 243.0 241.0 236.0
242.0 242.0 243.0 242.0 237.0 234.0 231.0 236.0 240.0 244.0 242.0 242.0
246.0 244.0 246.0 255.0 255.0 242.0 246.0 245.0 253.0 249.0 251.0 245.0
243.0 243.0 243.0 244.0 243.0 243.0 243.0 243.0 243.0 243.0 243.0 243.0
243.0 243.0 244.0 244.0 244.0 243.0 244.0 243.0 244.0 244.0 244.0 242.0
20.591 81.0666 16.5346 38.3814 38.062 63.3333 40.0061 56.7854 56.0898 
20.0 24.0 13.0 13.0 13.0
243.0 235.0 239.0 241.0 240.0 239.0 240.0 240.0 243.0 243.0 241.0 235.0
242.0 243.0 242.0 243.0 236.0 233.0 231.0 235.0 240.0 244.0 241.0 243.0
246.0 244.0 247.0 255.0 255.0 243.0 246.0 245.0 253.0 250.0 251.0 245.0
243.0 243.0 243.0 243.0 243.0 243.0 243.0 243.0 243.0 243.0 243.0 242.0
242.0 243.0 243.0 244.0 244.0 244.0 244.0 243.0 243.0 243.0 244.0 242.0
20.3182 80.955 16.5346 37.8408 38.062 63.7037 40.3793 55.9555 55.5796 
20.0 25.0 13.0 13.0 12.0
243.0 235.0 239.0 240.0 240.0 239.0 240.0 239.0 243.0 243.0 241.0 235.0
242.0 244.0 241.0 244.0 236.0 233.0 231.0 235.0 240.0 243.0 241.0 242.0
246.0 245.0 247.0 255.0 255.0 242.0 246.0 245.0 252.0 250.0 251.0 244.0
243.0 242.0 243.0 244.0 243.0 243.0 243.0 243.0 243.0 243.0 243.0 243.0
243.0 243.0 243.0 244.0 244.0 243.0 244.0 242.0 243.0 243.0 244.0 242.0
20.1819 80.955 16.5346 37.8408 38.062 63.7037 40.3793 56.3704 55.5796 
20.0 25.0 13.0 13.0 13.0
243.0 235.0 239.0 241.0 240.0 239.0 240.0 239.0 243.0 243.0 241.0 235.0
242.0 242.0 242.0 243.0 236.0 234.0 230.0 235.0 240.0 243.0 242.0 242.0
246.0 245.0 247.0 255.0 255.0 242.0 246.0 245.0 252.0 249.0 252.0 245.0
243.0 243.0 243.0 244.0 244.0 242.0 243.0 243.0 243.0 243.0 243.0 242.0
244.0 243.0 244.0 244.0 244.0 243.0 244.0 243.0 243.0 243.0 244.0 242.0
