-10000
20.0455 78.4996 13.8423 42.1651 32.2481 58.5185 29.5584 47.2418 13.2327 
17.0 18.0 18.0 13.0 12.0
244.0 240.0 242.0 242.0 243.0 240.0 241.0 238.0 243.0 243.0 240.0 242.0
242.0 243.0 243.0 243.0 242.0 238.0 243.0 239.0 243.0 243.0 243.0 242.0
248.0 238.0 244.0 255.0 255.0 242.0 252.0 245.0 252.0 248.0 248.0 242.0
242.0 243.0 243.0 243.0 244.0 243.0 242.0 243.0 243.0 243.0 243.0 243.0
244.0 244.0 245.0 244.0 245.0 244.0 245.0 244.0 244.0 244.0 245.0 244.0
20.0455 78.8345 14.2269 42.1651 32.2481 58.8889 29.5584 47.6567 13.7429 
16.0 17.0 17.0 13.0 13.0
244.0 240.0 240.0 243.0 243.0 240.0 241.0 238.0 242.0 243.0 240.0 243.0
243.0 243.0 243.0 243.0 242.0 238.0 243.0 239.0 243.0 243.0 243.0 243.0
248.0 237.0 244.0 255.0 255.0 242.0 252.0 246.0 251.0 248.0 249.0 242.0
242.0 242.0 243.0 244.0 243.0 242.0 243.0 243.0 243.0 243.0 243.0 242.0
243.0 244.0 243.0 244.0 244.0 244.0 244.0 243.0 243.0 244.0 244.0 244.0
19.9091 78.8345 14.9962 42.1651 32.2481 59.6296 29.9315 48.4866 32.6204 
17.0 18.0 17.0 13.0 13.0
244.0 239.0 240.0 242.0 243.0 240.0 241.0 238.0 242.0 243.0 240.0 242.0
243.0 242.0 243.0 243.0 243.0 237.0 242.0 238.0 243.0 243.0 243.0 242.0
248.0 238.0 244.0 255.0 255.0 242.0 251.0 245.0 251.0 248.0 249.0 241.0
242.0 243.0 243.0 244.0 244.0 243.0 243.0 243.0 243.0 243.0 243.0 243.0
243.0 244.0 244.0 244.0 244.0 244.0 244.0 243.0 243.0 243.0 244.0 242.0
19.5 79.3925 14.6115 41.6246 33.7984 61.4815 32.1703 49.3165 48.9469 
17.0 18.0 18.0 13.0 13.0
244.0 238.0 240.0 242.0 243.0 241.0 241.0 238.0 243.0 243.0 241.0 243.0
243.0 243.0 242.0 244.0 242.0 237.0 241.0 237.0 243.0 244.0 242.0 242.0
248.0 237.0 244.0 255.0 255.0 243.0 251.0 245.0 252.0 248.0 250.0 242.0
243.0 243.0 243.0 243.0 243.0 243.0 243.0 243.0 243.0 244.0 243.0 243.0
243.0 243.0 244.0 244.0 244.0 244.0 244.0 243.0 243.0 244.0 244.0 242.0
19.3637 79.9505 14.6115 42.1651 34.9612 61.8519 32.9166 50.1463 55.5796 
17.0 20.0 17.0 12.0 13.0
244.0 237.0 240.0 242.0 243.0 240.0 241.0 238.0 242.0 243.0 240.0 243.0
243.0 243.0 243.0 243.0 242.0 236.0 239.0 235.0 242.0 244.0 243.0 243.0
248.0 238.0 244.0 255.0 255.0 242.0 250.0 245.0 252.0 248.0 249.0 242.0
242.0 243.0 243.0 244.0 243.0 243.0 243.0 243.0 243.0 243.0 243.0 243.0
243.0 243.0 243.0 244.0 244.0 243.0 244.0 244.0 244.0 244.0 244.0 243.0
19.3637 80.1737 14.6115 42.1651 35.7364 62.2222 33.2897 50.9762 56.0898 
18.0 21.0 16.0 13.0 12.0
244.0 237.0 240.0 242.0 243.0 240.0 242.0 239.0 242.0 243.0 240.0 243.0
243.0 243.0 243.0 243.0 242.0 236.0 236.0 234.0 243.0 243.0 242.0 242.0
247.0 239.0 244.0 255.0 255.0 242.0 249.0 245.0 252.0 248.0 249.0 242.0
242.0 243.0 243.0 243.0 243.0 242.0 243.0 243.0 243.0 243.0 243.0 243.0
242.0 243.0 244.0 244.0 244.0 244.0 244.0 244.0 243.0 244.0 244.0 243.0
19.5 80.1737 14.9962 42.7057 36.124 62.5926 33.6628 51.8061 57.1102 
20.0 21.0 17.0 13.0 12.0
243.0 235.0 240.0 242.0 243.0 240.0 241.0 238.0 242.0 243.0 240.0 243.0
242.0 243.0 242.0 243.0 242.0 235.0 235.0 234.0 243.0 243.0 242.0 243.0
248.0 238.0 245.0 255.0 255.0 242.0 249.0 246.0 252.0 247.0 250.0 242.0
242.0 243.0 243.0 244.0 244.0 243.0 243.0 243.0 243.0 243.0 243.0 243.0
244.0 242.0 244.0 244.0 244.0 243.0 244.0 243.0 243.0 244.0 244.0 243.0
20.3182 80.2854 14.9962 43.7868 36.5116 62.963 34.036 51.8061 57.1102 
20.0 21.0 17.0 13.0 13.0
244.0 235.0 240.0 242.0 243.0 240.0 241.0 238.0 242.0 243.0 240.0 243.0
241.0 242.0 243.0 243.0 241.0 235.0 236.0 234.0 242.0 244.0 243.0 242.0
249.0 238.0 244.0 255.0 255.0 241.0 248.0 245.0 252.0 248.0 249.0 242.0
242.0 243.0 243.0 244.0 244.0 243.0 243.0 243.0 243.0 243.0 243.0 242.0
242.0 243.0 244.0 244.0 244.0 243.0 244.0 244.0 243.0 244.0 244.0 243.0
20.0455 80.1737 14.6115 44.3273 37.6744 63.7037 35.1554 52.221 57.1102 
20.0 23.0 17.0 13.0 12.0
244.0 235.0 240.0 242.0 243.0 240.0 241.0 238.0 242.0 242.0 240.0 242.0
242.0 244.0 241.0 243.0 241.0 235.0 232.0 232.0 243.0 243.0 242.0 242.0
249.0 238.0 244.0 255.0 255.0 242.0 248.0 245.0 252.0 248.0 249.0 241.0
242.0 243.0 243.0 243.0 243.0 242.0 243.0 243.0 243.0 243.0 243.0 243.0
243.0 243.0 244.0 244.0 244.0 244.0 244.0 244.0 242.0 244.0 244.0 242.0
20.0455 80.2854 14.9962 44.3273 38.062 63.7037 35.1554 53.0509 57.1102 
21.0 25.0 17.0 12.0 12.0
244.0 234.0 240.0 242.0 243.0 240.0 242.0 238.0 242.0 243.0 240.0 242.0
243.0 243.0 242.0 243.0 241.0 235.0 230.0 232.0 243.0 243.0 242.0 243.0
249.0 238.0 244.0 255.0 255.0 241.0 247.0 244.0 252.0 248.0 249.0 242.0
243.0 242.0 243.0 243.0 244.0 243.0 243.0 243.0 243.0 243.0 243.0 243.0
243.0 243.0 244.0 244.0 244.0 243.0 244.0 243.0 243.0 243.0 244.0 242.0
20.0455 80.397 14.9962 44.3273 38.062 64.8148 35.1554 53.8808 57.1102 
22.0 26.0 17.0 13.0 12.0
244.0 233.0 240.0 242.0 243.0 240.0 241.0 239.0 242.0 243.0 240.0 242.0
243.0 243.0 242.0 243.0 241.0 234.0 229.0 232.0 242.0 244.0 242.0 242.0
248.0 239.0 244.0 255.0 255.0 240.0 248.0 245.0 252.0 248.0 249.0 242.0
243.0 242.0 243.0 244.0 244.0 242.0 243.0 243.0 243.0 243.0 243.0 243.0
243.0 243.0 244.0 244.0 244.0 244.0 244.0 242.0 243.0 244.0 244.0 243.0
20.1819 80.397 14.9962 44.8678 38.062 64.8148 35.1554 54.2957 57.1102 
22.0 27.0 16.0 13.0 13.0
244.0 233.0 240.0 242.0 243.0 240.0 241.0 238.0 242.0 243.0 240.0 242.0
243.0 242.0 242.0 244.0 241.0 234.0 228.0 232.0 242.0 244.0 242.0 243.0
248.0 239.0 245.0 255.0 255.0 240.0 247.0 245.0 252.0 248.0 249.0 242.0
242.0 243.0 243.0 243.0 244.0 243.0 243.0 243.0 243.0 243.0 243.0 242.0
243.0 243.0 244.0 244.0 244.0 244.0 244.0 243.0 243.0 243.0 244.0 243.0
20.3182 80.397 14.9962 44.8678 38.4496 65.5556 35.5285 54.2957 57.1102 
22.0 29.0 16.0 13.0 12.0
244.0 233.0 240.0 242.0 243.0 240.0 241.0 238.0 242.0 243.0 240.0 242.0
243.0 242.0 243.0 242.0 241.0 235.0 226.0 231.0 243.0 243.0 242.0 242.0
248.0 239.0 244.0 255.0 255.0 240.0 246.0 244.0 251.0 248.0 249.0 242.0
242.0 243.0 243.0 244.0 243.0 243.0 243.0 243.0 242.0 243.0 243.0 242.0
242.0 243.0 244.0 244.0 244.0 244.0 244.0 243.0 244.0 244.0 244.0 243.0
20.1819 80.397 14.9962 44.8678 39.2248 65.1852 35.5285 54.2957 57.1102 
22.0 32.0 17.0 13.0 13.0
243.0 233.0 240.0 242.0 243.0 240.0 241.0 238.0 242.0 243.0 240.0 242.0
243.0 243.0 242.0 243.0 241.0 233.0 223.0 231.0 242.0 244.0 242.0 242.0
248.0 239.0 245.0 255.0 255.0 241.0 246.0 244.0 251.0 248.0 249.0 242.0
242.0 243.0 243.0 243.0 244.0 243.0 243.0 243.0 243.0 243.0 243.0 243.0
244.0 242.0 244.0 244.0 244.0 244.0 244.0 244.0 242.0 244.0 244.0 242.0
20.1819 80.397 14.9962 44.8678 39.6124 65.1852 35.5285 54.7107 57.1102 
23.0 33.0 15.0 13.0 12.0
244.0 232.0 240.0 242.0 243.0 240.0 241.0 238.0 242.0 243.0 240.0 242.0
243.0 242.0 242.0 243.0 241.0 234.0 222.0 231.0 242.0 244.0 242.0 242.0
248.0 239.0 244.0 255.0 255.0 240.0 246.0 244.0 252.0 248.0 249.0 243.0
242.0 242.0 243.0 244.0 243.0 242.0 243.0 243.0 243.0 243.0 243.0 243.0
244.0 243.0 243.0 244.0 244.0 243.0 244.0 243.0 243.0 243.0 244.0 243.0
