-10000
20.0455 78.6112 18.0731 46.4895 35.3488 64.0741 32.5434 47.2418 12.2122 
15.0 17.0 16.0 13.0 12.0
244.0 241.0 242.0 243.0 243.0 242.0 242.0 240.0 241.0 241.0 240.0 240.0
242.0 243.0 243.0 243.0 243.0 240.0 242.0 239.0 243.0 244.0 243.0 244.0
249.0 239.0 245.0 255.0 255.0 242.0 248.0 245.0 252.0 248.0 249.0 242.0
243.0 242.0 243.0 244.0 243.0 243.0 243.0 243.0 243.0 242.0 243.0 243.0
244.0 243.0 244.0 244.0 244.0 243.0 244.0 243.0 243.0 244.0 244.0 243.0
19.6364 78.7229 18.0731 47.5705 35.7364 64.4444 32.9166 49.3165 12.7224 
15.0 17.0 17.0 13.0 12.0
244.0 241.0 242.0 243.0 243.0 242.0 242.0 240.0 240.0 242.0 241.0 240.0
243.0 244.0 244.0 243.0 243.0 240.0 241.0 239.0 243.0 243.0 243.0 243.0
249.0 239.0 245.0 255.0 255.0 241.0 248.0 245.0 253.0 248.0 250.0 242.0
242.0 242.0 243.0 244.0 243.0 243.0 243.0 243.0 243.0 243.0 243.0 243.0
244.0 244.0 243.0 244.0 244.0 244.0 244.0 243.0 244.0 244.0 244.0 242.0
19.6364 79.0577 17.6885 48.6516 36.5116 64.4444 32.9166 50.5613 32.1102 
16.0 17.0 16.0 12.0 12.0
244.0 240.0 242.0 243.0 243.0 242.0 242.0 239.0 241.0 242.0 240.0 240.0
243.0 244.0 244.0 243.0 243.0 239.0 240.0 237.0 243.0 244.0 243.0 243.0
249.0 239.0 245.0 255.0 255.0 241.0 249.0 245.0 253.0 248.0 250.0 242.0
243.0 242.0 243.0 244.0 244.0 243.0 243.0 243.0 243.0 243.0 243.0 243.0
244.0 243.0 243.0 244.0 244.0 244.0 245.0 244.0 244.0 243.0 244.0 243.0
19.7728 79.2809 17.6885 49.1922 36.8992 64.8148 33.2897 51.3912 47.9265 
15.0 18.0 16.0 13.0 12.0
244.0 240.0 241.0 243.0 243.0 242.0 242.0 240.0 240.0 241.0 241.0 240.0
243.0 242.0 243.0 243.0 242.0 239.0 239.0 236.0 243.0 243.0 243.0 242.0
249.0 240.0 245.0 255.0 255.0 242.0 248.0 245.0 253.0 248.0 250.0 243.0
243.0 243.0 243.0 243.0 244.0 243.0 243.0 242.0 243.0 243.0 243.0 243.0
244.0 244.0 244.0 243.0 244.0 244.0 244.0 244.0 243.0 244.0 244.0 243.0
19.5 79.3925 17.3038 49.7327 38.062 64.4444 33.2897 53.0509 55.5796 
15.0 20.0 14.0 13.0 13.0
244.0 239.0 242.0 243.0 243.0 242.0 241.0 239.0 241.0 242.0 240.0 240.0
242.0 244.0 242.0 243.0 243.0 238.0 238.0 235.0 243.0 244.0 242.0 243.0
249.0 240.0 245.0 255.0 255.0 241.0 249.0 245.0 252.0 248.0 250.0 243.0
243.0 243.0 243.0 243.0 243.0 243.0 243.0 243.0 243.0 243.0 243.0 243.0
243.0 243.0 243.0 245.0 243.0 244.0 244.0 243.0 243.0 244.0 243.0 243.0
19.3637 79.7273 17.3038 49.7327 38.4496 64.8148 34.036 53.4659 56.6 
15.0 20.0 15.0 13.0 13.0
244.0 240.0 241.0 243.0 243.0 242.0 242.0 239.0 240.0 241.0 240.0 240.0
243.0 243.0 242.0 242.0 242.0 238.0 238.0 236.0 243.0 244.0 242.0 243.0
248.0 240.0 245.0 255.0 255.0 242.0 248.0 245.0 252.0 248.0 250.0 243.0
243.0 243.0 243.0 243.0 244.0 243.0 243.0 243.0 243.0 244.0 243.0 243.0
243.0 242.0 244.0 244.0 244.0 244.0 244.0 244.0 243.0 243.0 244.0 242.0
19.3637 80.0621 17.3038 50.2732 38.8372 65.1852 34.7822 53.4659 56.6 
15.0 19.0 15.0 13.0 12.0
244.0 241.0 241.0 243.0 243.0 242.0 242.0 239.0 241.0 241.0 241.0 240.0
243.0 243.0 242.0 243.0 242.0 238.0 238.0 236.0 242.0 243.0 242.0 243.0
249.0 240.0 245.0 255.0 255.0 241.0 247.0 245.0 252.0 249.0 250.0 243.0
243.0 243.0 243.0 244.0 244.0 243.0 243.0 244.0 243.0 243.0 243.0 243.0
243.0 243.0 244.0 243.0 244.0 243.0 244.0 244.0 244.0 243.0 244.0 243.0
19.9091 80.2854 17.3038 50.2732 39.6124 65.1852 35.1554 53.4659 56.6 
15.0 19.0 15.0 12.0 13.0
244.0 239.0 242.0 243.0 243.0 242.0 242.0 240.0 240.0 241.0 241.0 240.0
243.0 243.0 242.0 243.0 242.0 237.0 237.0 235.0 243.0 243.0 242.0 242.0
249.0 241.0 245.0 255.0 255.0 241.0 247.0 245.0 252.0 249.0 250.0 243.0
243.0 243.0 243.0 243.0 244.0 243.0 243.0 243.0 243.0 244.0 243.0 243.0
243.0 243.0 244.0 244.0 244.0 243.0 244.0 243.0 244.0 244.0 244.0 242.0
20.0455 80.2854 17.3038 49.7327 39.6124 65.1852 35.1554 53.8808 56.6 
15.0 19.0 16.0 13.0 12.0
244.0 239.0 241.0 242.0 243.0 242.0 242.0 239.0 240.0 241.0 240.0 240.0
242.0 243.0 242.0 243.0 242.0 238.0 237.0 235.0 242.0 244.0 242.0 242.0
249.0 240.0 245.0 255.0 255.0 241.0 247.0 244.0 252.0 248.0 249.0 243.0
243.0 243.0 243.0 243.0 244.0 242.0 243.0 243.0 243.0 243.0 244.0 243.0
244.0 243.0 244.0 244.0 245.0 244.0 244.0 243.0 244.0 243.0 244.0 242.0
20.0455 80.2854 17.3038 50.2732 39.6124 65.1852 35.1554 53.8808 56.6 
15.0 20.0 15.0 13.0 13.0
244.0 240.0 241.0 243.0 243.0 242.0 241.0 240.0 241.0 241.0 240.0 240.0
242.0 243.0 244.0 243.0 242.0 237.0 238.0 236.0 242.0 244.0 242.0 242.0
249.0 240.0 245.0 255.0 255.0 240.0 247.0 244.0 252.0 248.0 250.0 243.0
242.0 242.0 243.0 244.0 243.0 243.0 244.0 243.0 243.0 243.0 243.0 243.0
243.0 243.0 243.0 244.0 244.0 243.0 244.0 244.0 244.0 243.0 244.0 243.0
20.0455 80.1737 17.3038 50.2732 39.6124 65.1852 35.1554 53.8808 56.6 
15.0 20.0 15.0 13.0 12.0
244.0 239.0 242.0 243.0 243.0 242.0 241.0 240.0 240.0 241.0 240.0 240.0
243.0 243.0 243.0 243.0 241.0 237.0 238.0 236.0 242.0 243.0 242.0 243.0
249.0 240.0 245.0 255.0 255.0 240.0 246.0 244.0 252.0 248.0 250.0 243.0
243.0 242.0 243.0 244.0 243.0 243.0 243.0 243.0 243.0 243.0 243.0 243.0
243.0 243.0 243.0 243.0 244.0 244.0 244.0 243.0 243.0 244.0 244.0 242.0
20.1819 80.1737 17.6885 50.2732 39.6124 65.1852 35.5285 53.8808 56.6 
16.0 19.0 16.0 13.0 12.0
244.0 239.0 242.0 243.0 243.0 242.0 241.0 239.0 240.0 241.0 241.0 240.0
242.0 243.0 243.0 243.0 242.0 237.0 238.0 236.0 242.0 244.0 243.0 243.0
248.0 240.0 244.0 255.0 255.0 240.0 246.0 244.0 252.0 249.0 249.0 243.0
242.0 243.0 243.0 244.0 243.0 243.0 244.0 243.0 243.0 243.0 243.0 243.0
243.0 243.0 244.0 244.0 244.0 244.0 244.0 243.0 243.0 244.0 244.0 243.0
