-10000
20.591 78.8345 14.9962 42.7057 32.2481 60.7407 29.9315 46.8268 13.2327 
16.0 17.0 16.0 13.0 12.0
244.0 241.0 240.0 242.0 243.0 240.0 242.0 238.0 243.0 243.0 241.0 243.0
243.0 243.0 242.0 243.0 242.0 239.0 241.0 238.0 243.0 243.0 243.0 242.0
248.0 238.0 244.0 255.0 255.0 242.0 251.0 245.0 252.0 248.0 249.0 243.0
242.0 243.0 243.0 244.0 244.0 242.0 243.0 243.0 243.0 243.0 243.0 243.0
244.0 244.0 244.0 244.0 244.0 243.0 245.0 243.0 244.0 243.0 244.0 244.0
20.1819 79.0577 15.3808 42.7057 32.2481 60.7407 29.9315 47.2418 13.7429 
17.0 17.0 17.0 13.0 12.0
244.0 240.0 240.0 243.0 243.0 240.0 242.0 239.0 243.0 243.0 241.0 243.0
242.0 244.0 242.0 243.0 242.0 239.0 241.0 238.0 243.0 243.0 243.0 243.0
248.0 238.0 244.0 255.0 255.0 241.0 251.0 245.0 252.0 248.0 248.0 242.0
242.0 243.0 243.0 244.0 243.0 243.0 243.0 243.0 243.0 243.0 243.0 243.0
244.0 244.0 244.0 245.0 245.0 244.0 244.0 244.0 244.0 244.0 244.0 244.0
20.3182 79.2809 15.3808 42.7057 33.0233 61.1111 30.3046 48.0717 31.6 
16.0 18.0 17.0 13.0 12.0
244.0 240.0 240.0 242.0 243.0 239.0 241.0 239.0 242.0 243.0 240.0 243.0
242.0 243.0 241.0 243.0 242.0 238.0 240.0 236.0 243.0 244.0 244.0 244.0
247.0 239.0 244.0 255.0 255.0 242.0 250.0 246.0 252.0 248.0 249.0 242.0
242.0 242.0 243.0 244.0 243.0 242.0 243.0 243.0 243.0 243.0 243.0 242.0
242.0 243.0 243.0 244.0 244.0 243.0 244.0 243.0 243.0 244.0 244.0 244.0
20.0455 79.5041 14.9962 42.1651 34.186 61.4815 32.1703 49.7314 47.9265 
16.0 19.0 17.0 13.0 12.0
244.0 240.0 240.0 242.0 243.0 240.0 241.0 238.0 242.0 243.0 240.0 243.0
243.0 243.0 242.0 243.0 242.0 238.0 237.0 236.0 243.0 243.0 242.0 243.0
248.0 238.0 244.0 255.0 255.0 242.0 249.0 246.0 252.0 248.0 249.0 242.0
243.0 243.0 243.0 243.0 244.0 243.0 243.0 243.0 243.0 243.0 243.0 243.0
243.0 243.0 243.0 243.0 244.0 244.0 244.0 243.0 242.0 244.0 244.0 242.0
19.5 79.5041 14.9962 42.1651 35.3488 62.2222 32.9166 50.1463 55.0694 
17.0 20.0 16.0 13.0 12.0
244.0 238.0 239.0 242.0 243.0 239.0 241.0 238.0 242.0 243.0 241.0 243.0
243.0 243.0 242.0 243.0 241.0 238.0 235.0 235.0 243.0 244.0 243.0 242.0
248.0 238.0 245.0 255.0 255.0 241.0 248.0 245.0 252.0 248.0 249.0 242.0
242.0 242.0 243.0 244.0 244.0 242.0 243.0 243.0 243.0 243.0 243.0 243.0
243.0 243.0 244.0 244.0 244.0 244.0 244.0 243.0 243.0 244.0 244.0 244.0
19.5 79.6157 15.3808 42.1651 36.5116 62.5926 33.2897 51.8061 57.1102 
17.0 24.0 16.0 13.0 13.0
244.0 237.0 239.0 242.0 243.0 239.0 241.0 238.0 242.0 243.0 241.0 243.0
242.0 243.0 242.0 243.0 242.0 237.0 230.0 233.0 243.0 243.0 243.0 242.0
249.0 239.0 245.0 255.0 255.0 240.0 248.0 245.0 252.0 249.0 249.0 243.0
242.0 242.0 243.0 243.0 244.0 243.0 243.0 243.0 243.0 243.0 243.0 243.0
244.0 243.0 244.0 244.0 244.0 244.0 244.0 243.0 243.0 244.0 244.0 242.0
19.5 79.7273 15.3808 43.2462 36.8992 62.5926 33.6628 51.8061 57.1102 
17.0 24.0 15.0 13.0 13.0
244.0 237.0 240.0 242.0 243.0 239.0 241.0 239.0 242.0 243.0 241.0 243.0
243.0 243.0 241.0 243.0 241.0 237.0 231.0 234.0 242.0 244.0 243.0 241.0
248.0 239.0 244.0 255.0 255.0 240.0 247.0 245.0 253.0 248.0 250.0 242.0
242.0 243.0 242.0 243.0 243.0 242.0 243.0 243.0 242.0 243.0 243.0 243.0
244.0 244.0 243.0 244.0 244.0 243.0 244.0 243.0 243.0 244.0 244.0 243.0
19.5 79.8389 14.9962 44.3273 37.2868 63.3333 34.4091 52.636 57.1102 
18.0 25.0 16.0 13.0 12.0
244.0 237.0 240.0 242.0 243.0 239.0 241.0 238.0 242.0 243.0 240.0 243.0
242.0 243.0 241.0 243.0 241.0 237.0 230.0 232.0 243.0 243.0 242.0 243.0
248.0 239.0 245.0 255.0 255.0 240.0 247.0 244.0 252.0 248.0 249.0 243.0
242.0 243.0 243.0 244.0 244.0 243.0 243.0 243.0 243.0 243.0 244.0 242.0
243.0 243.0 244.0 243.0 244.0 244.0 244.0 243.0 243.0 243.0 243.0 242.0
19.5 79.9505 14.9962 44.3273 38.4496 63.3333 35.1554 53.0509 57.1102 
19.0 29.0 15.0 13.0 13.0
244.0 237.0 239.0 242.0 243.0 239.0 241.0 239.0 242.0 243.0 240.0 243.0
242.0 243.0 242.0 243.0 241.0 239.0 227.0 232.0 243.0 244.0 243.0 242.0
248.0 239.0 245.0 255.0 255.0 240.0 246.0 244.0 252.0 248.0 248.0 242.0
243.0 242.0 243.0 243.0 243.0 242.0 243.0 243.0 243.0 243.0 243.0 242.0
244.0 243.0 244.0 244.0 244.0 243.0 243.0 243.0 243.0 244.0 244.0 241.0
20.0455 79.8389 15.3808 44.3273 38.4496 63.7037 35.1554 53.8808 57.1102 
19.0 29.0 16.0 13.0 12.0
244.0 236.0 239.0 242.0 243.0 239.0 242.0 238.0 241.0 243.0 240.0 243.0
242.0 243.0 241.0 242.0 241.0 236.0 226.0 232.0 243.0 244.0 243.0 242.0
248.0 240.0 245.0 255.0 255.0 240.0 246.0 244.0 252.0 248.0 248.0 242.0
242.0 242.0 243.0 243.0 243.0 243.0 243.0 243.0 243.0 243.0 243.0 243.0
243.0 244.0 244.0 244.0 244.0 243.0 244.0 242.0 243.0 244.0 244.0 243.0
20.0455 79.8389 15.3808 44.3273 38.4496 64.8148 35.1554 54.2957 57.1102 
19.0 30.0 16.0 13.0 13.0
244.0 236.0 240.0 242.0 243.0 240.0 241.0 238.0 242.0 243.0 240.0 243.0
243.0 243.0 242.0 243.0 241.0 237.0 224.0 232.0 243.0 244.0 243.0 242.0
248.0 239.0 245.0 255.0 255.0 239.0 246.0 244.0 252.0 247.0 250.0 242.0
242.0 243.0 243.0 243.0 243.0 243.0 243.0 243.0 243.0 243.0 243.0 243.0
243.0 243.0 244.0 244.0 244.0 243.0 244.0 243.0 243.0 243.0 243.0 243.0
20.1819 79.9505 15.3808 44.8678 38.8372 65.5556 35.1554 54.7107 57.1102 
19.0 33.0 16.0 13.0 12.0
244.0 236.0 239.0 242.0 243.0 239.0 241.0 238.0 242.0 243.0 240.0 243.0
242.0 242.0 242.0 242.0 241.0 236.0 223.0 231.0 243.0 244.0 242.0 242.0
248.0 240.0 245.0 255.0 255.0 239.0 244.0 244.0 252.0 248.0 249.0 243.0
243.0 243.0 243.0 244.0 243.0 243.0 243.0 243.0 243.0 243.0 243.0 242.0
243.0 243.0 244.0 244.0 244.0 243.0 244.0 243.0 243.0 242.0 244.0 242.0
20.4546 79.9505 15.3808 44.3273 39.2248 65.5556 35.5285 54.7107 57.1102 
19.0 35.0 16.0 13.0 13.0
244.0 235.0 239.0 242.0 243.0 240.0 241.0 238.0 242.0 243.0 240.0 243.0
243.0 243.0 241.0 242.0 241.0 236.0 220.0 230.0 243.0 244.0 242.0 242.0
248.0 240.0 244.0 255.0 255.0 239.0 245.0 244.0 252.0 248.0 250.0 243.0
243.0 243.0 243.0 243.0 243.0 242.0 243.0 243.0 243.0 243.0 243.0 243.0
244.0 243.0 243.0 244.0 243.0 244.0 245.0 243.0 243.0 244.0 245.0 243.0
