-10000
19.7728 78.7229 13.4577 40.5435 32.2481 58.1481 28.0658 45.582 13.2327 
18.0 18.0 19.0 12.0 11.0
244.0 241.0 243.0 243.0 243.0 243.0 242.0 240.0 242.0 242.0 240.0 237.0
243.0 243.0 242.0 243.0 242.0 239.0 244.0 236.0 242.0 243.0 243.0 243.0
249.0 236.0 245.0 255.0 255.0 244.0 255.0 247.0 255.0 249.0 250.0 242.0
243.0 242.0 243.0 244.0 244.0 243.0 243.0 243.0 243.0 243.0 243.0 242.0
244.0 244.0 244.0 245.0 244.0 244.0 244.0 244.0 244.0 244.0 244.0 244.0
19.5 78.8345 13.4577 41.0841 32.6357 58.8889 28.439 46.8268 13.7429 
18.0 19.0 19.0 12.0 12.0
244.0 241.0 242.0 243.0 243.0 243.0 242.0 240.0 242.0 242.0 240.0 237.0
243.0 244.0 242.0 243.0 242.0 238.0 244.0 236.0 242.0 243.0 243.0 243.0
250.0 236.0 244.0 255.0 255.0 243.0 255.0 247.0 255.0 248.0 250.0 241.0
243.0 243.0 243.0 244.0 244.0 243.0 243.0 243.0 243.0 243.0 243.0 243.0
242.0 244.0 244.0 246.0 244.0 243.0 244.0 244.0 243.0 244.0 245.0 244.0
19.9091 78.9461 13.4577 43.7868 33.0233 60.7407 29.5584 47.6567 31.0898 
18.0 20.0 20.0 13.0 13.0
244.0 240.0 242.0 243.0 243.0 243.0 242.0 240.0 242.0 242.0 240.0 237.0
243.0 244.0 242.0 243.0 242.0 237.0 244.0 235.0 242.0 243.0 242.0 243.0
249.0 236.0 244.0 255.0 255.0 243.0 255.0 247.0 255.0 248.0 249.0 241.0
243.0 243.0 243.0 244.0 244.0 243.0 243.0 243.0 243.0 243.0 244.0 243.0
242.0 243.0 244.0 244.0 244.0 242.0 244.0 243.0 244.0 244.0 244.0 243.0
20.8637 79.0577 14.2269 44.3273 33.7984 61.1111 29.9315 48.4866 47.4163 
18.0 22.0 19.0 12.0 12.0
244.0 239.0 242.0 243.0 243.0 242.0 242.0 240.0 241.0 242.0 240.0 237.0
243.0 243.0 242.0 243.0 242.0 237.0 244.0 233.0 243.0 243.0 242.0 243.0
249.0 236.0 244.0 255.0 255.0 243.0 255.0 247.0 255.0 249.0 250.0 241.0
243.0 243.0 243.0 244.0 243.0 243.0 243.0 243.0 243.0 243.0 243.0 243.0
242.0 244.0 244.0 244.0 244.0 244.0 245.0 243.0 243.0 244.0 244.0 243.0
20.7273 79.3925 13.8423 44.8678 35.3488 61.8519 32.5434 48.0717 54.5592 
18.0 23.0 19.0 13.0 13.0
244.0 239.0 242.0 243.0 243.0 242.0 242.0 240.0 241.0 241.0 240.0 237.0
243.0 243.0 242.0 242.0 243.0 237.0 243.0 231.0 243.0 244.0 242.0 243.0
250.0 235.0 245.0 255.0 255.0 242.0 255.0 246.0 255.0 248.0 249.0 240.0
242.0 243.0 243.0 243.0 243.0 243.0 243.0 244.0 243.0 243.0 243.0 243.0
243.0 244.0 243.0 244.0 244.0 243.0 245.0 242.0 244.0 243.0 244.0 245.0
20.3182 79.2809 14.2269 45.4084 36.124 61.8519 32.9166 49.3165 56.0898 
19.0 25.0 20.0 13.0 13.0
244.0 238.0 242.0 243.0 243.0 242.0 242.0 240.0 242.0 241.0 240.0 236.0
243.0 243.0 243.0 243.0 241.0 236.0 243.0 230.0 243.0 243.0 242.0 243.0
249.0 235.0 244.0 255.0 255.0 242.0 253.0 246.0 255.0 249.0 249.0 240.0
243.0 243.0 243.0 243.0 243.0 243.0 243.0 243.0 242.0 243.0 243.0 243.0
243.0 243.0 244.0 243.0 244.0 243.0 244.0 244.0 243.0 243.0 244.0 242.0
20.0455 79.1693 14.6115 46.4895 36.124 62.2222 32.9166 49.3165 56.0898 
19.0 26.0 20.0 13.0 13.0
244.0 238.0 242.0 243.0 243.0 242.0 242.0 239.0 241.0 241.0 240.0 236.0
243.0 243.0 242.0 243.0 242.0 236.0 243.0 230.0 243.0 244.0 241.0 242.0
249.0 236.0 244.0 255.0 255.0 242.0 253.0 246.0 255.0 249.0 249.0 240.0
243.0 243.0 243.0 244.0 244.0 243.0 243.0 243.0 243.0 243.0 243.0 243.0
244.0 243.0 243.0 244.0 244.0 244.0 244.0 243.0 243.0 244.0 243.0 242.0
19.7728 79.2809 14.6115 47.5705 37.2868 62.5926 33.6628 50.1463 57.1102 
19.0 27.0 20.0 13.0 12.0
243.0 237.0 242.0 243.0 243.0 242.0 242.0 240.0 241.0 242.0 239.0 236.0
243.0 243.0 241.0 244.0 242.0 235.0 242.0 228.0 242.0 244.0 241.0 243.0
250.0 235.0 244.0 255.0 255.0 241.0 252.0 245.0 253.0 248.0 249.0 240.0
243.0 243.0 243.0 244.0 244.0 243.0 243.0 243.0 243.0 243.0 243.0 243.0
243.0 243.0 244.0 244.0 244.0 244.0 244.0 243.0 243.0 244.0 243.0 244.0
19.9091 79.3925 14.6115 48.1111 37.6744 62.963 33.6628 50.9762 56.6 
19.0 28.0 20.0 13.0 12.0
244.0 237.0 242.0 243.0 243.0 242.0 242.0 240.0 241.0 241.0 239.0 236.0
243.0 243.0 242.0 243.0 241.0 235.0 241.0 227.0 243.0 243.0 241.0 243.0
250.0 236.0 244.0 255.0 255.0 241.0 252.0 246.0 253.0 249.0 249.0 240.0
243.0 242.0 243.0 244.0 244.0 243.0 243.0 243.0 243.0 244.0 243.0 243.0
243.0 243.0 244.0 244.0 244.0 244.0 244.0 244.0 243.0 244.0 243.0 244.0
19.9091 79.5041 14.9962 48.6516 38.062 64.0741 34.4091 50.9762 56.6 
19.0 28.0 19.0 13.0 12.0
244.0 236.0 241.0 243.0 243.0 242.0 242.0 240.0 241.0 242.0 239.0 236.0
243.0 243.0 242.0 243.0 242.0 235.0 241.0 228.0 243.0 243.0 241.0 243.0
249.0 235.0 244.0 255.0 255.0 240.0 252.0 245.0 255.0 249.0 249.0 240.0
243.0 243.0 243.0 243.0 243.0 243.0 243.0 243.0 243.0 243.0 243.0 243.0
244.0 243.0 244.0 244.0 244.0 244.0 244.0 244.0 243.0 244.0 244.0 243.0
19.6364 79.3925 14.9962 49.1922 38.062 64.8148 35.1554 50.9762 56.6 
19.0 28.0 19.0 13.0 13.0
243.0 236.0 242.0 243.0 243.0 242.0 242.0 240.0 241.0 241.0 239.0 236.0
243.0 243.0 242.0 243.0 242.0 236.0 241.0 227.0 244.0 244.0 241.0 243.0
249.0 235.0 244.0 255.0 255.0 240.0 250.0 245.0 253.0 249.0 248.0 240.0
242.0 242.0 243.0 243.0 244.0 243.0 243.0 243.0 243.0 243.0 243.0 243.0
244.0 243.0 244.0 244.0 244.0 244.0 244.0 243.0 243.0 244.0 244.0 243.0
19.5 79.2809 15.3808 49.1922 39.2248 64.8148 35.1554 52.636 57.6204 
19.0 29.0 20.0 12.0 13.0
243.0 237.0 242.0 243.0 243.0 242.0 242.0 240.0 240.0 241.0 240.0 236.0
243.0 243.0 242.0 243.0 242.0 234.0 239.0 226.0 243.0 243.0 241.0 242.0
250.0 235.0 244.0 255.0 255.0 240.0 250.0 244.0 253.0 248.0 249.0 241.0
243.0 243.0 243.0 244.0 244.0 243.0 243.0 243.0 243.0 243.0 244.0 243.0
244.0 243.0 244.0 244.0 244.0 244.0 244.0 242.0 244.0 244.0 243.0 242.0
19.5 79.6157 15.3808 49.1922 39.2248 64.8148 35.1554 53.0509 57.1102 
20.0 29.0 19.0 12.0 13.0
244.0 237.0 242.0 242.0 243.0 243.0 242.0 240.0 241.0 241.0 239.0 235.0
243.0 243.0 241.0 243.0 242.0 234.0 239.0 226.0 243.0 243.0 240.0 243.0
248.0 236.0 244.0 255.0 255.0 241.0 250.0 244.0 253.0 249.0 249.0 240.0
243.0 243.0 243.0 244.0 244.0 243.0 243.0 243.0 243.0 243.0 244.0 243.0
244.0 244.0 243.0 244.0 244.0 244.0 244.0 244.0 243.0 243.0 244.0 243.0
19.6364 79.8389 15.3808 49.1922 39.6124 64.8148 35.5285 53.4659 57.1102 
19.0 30.0 19.0 12.0 13.0
244.0 236.0 242.0 243.0 243.0 242.0 242.0 240.0 240.0 241.0 239.0 235.0
243.0 243.0 241.0 243.0 242.0 236.0 239.0 226.0 243.0 243.0 241.0 243.0
249.0 236.0 244.0 255.0 255.0 240.0 250.0 244.0 253.0 248.0 249.0 240.0
243.0 243.0 243.0 244.0 244.0 243.0 243.0 243.0 243.0 243.0 243.0 242.0
244.0 243.0 243.0 244.0 244.0 244.0 244.0 243.0 243.0 244.0 243.0 242.0
19.6364 79.8389 15.3808 49.1922 39.6124 64.8148 35.5285 53.4659 57.1102 
19.0 29.0 19.0 12.0 12.0
244.0 236.0 242.0 243.0 243.0 242.0 241.0 240.0 241.0 241.0 239.0 236.0
243.0 242.0 242.0 243.0 242.0 234.0 240.0 225.0 243.0 243.0 240.0 243.0
250.0 236.0 244.0 255.0 255.0 239.0 250.0 244.0 253.0 248.0 249.0 240.0
242.0 243.0 243.0 243.0 244.0 243.0 243.0 243.0 243.0 243.0 243.0 243.0
243.0 243.0 243.0 244.0 244.0 244.0 244.0 243.0 244.0 244.0 244.0 243.0
19.7728 79.8389 15.3808 49.1922 39.6124 64.8148 35.5285 53.8808 57.1102 
19.0 30.0 19.0 12.0 13.0
243.0 236.0 242.0 243.0 243.0 242.0 242.0 240.0 241.0 241.0 239.0 236.0
243.0 243.0 241.0 243.0 242.0 234.0 239.0 225.0 243.0 244.0 240.0 242.0
250.0 236.0 244.0 255.0 255.0 239.0 249.0 244.0 253.0 248.0 248.0 241.0
242.0 243.0 244.0 244.0 243.0 243.0 243.0 243.0 243.0 243.0 243.0 243.0
243.0 243.0 244.0 243.0 244.0 243.0 244.0 243.0 242.0 244.0 244.0 243.0
20.0455 79.7273 15.3808 49.1922 39.6124 64.8148 35.5285 53.8808 57.1102 
19.0 30.0 19.0 13.0 13.0
244.0 236.0 242.0 243.0 243.0 242.0 242.0 240.0 241.0 241.0 240.0 236.0
243.0 243.0 242.0 243.0 242.0 234.0 239.0 225.0 243.0 244.0 241.0 243.0
249.0 236.0 244.0 255.0 255.0 239.0 249.0 244.0 252.0 249.0 248.0 241.0
243.0 242.0 243.0 244.0 244.0 243.0 243.0 243.0 243.0 243.0 243.0 243.0
243.0 243.0 244.0 244.0 244.0 244.0 244.0 244.0 243.0 244.0 244.0 242.0
20.1819 79.7273 15.3808 49.1922 39.6124 64.8148 35.5285 53.8808 57.1102 
19.0 30.0 19.0 12.0 12.0
244.0 237.0 242.0 243.0 243.0 242.0 242.0 240.0 241.0 241.0 239.0 235.0
242.0 244.0 241.0 243.0 242.0 234.0 239.0 225.0 244.0 244.0 240.0 243.0
250.0 236.0 244.0 255.0 255.0 239.0 249.0 244.0 253.0 248.0 248.0 240.0
242.0 243.0 243.0 244.0 244.0 243.0 244.0 243.0 243.0 243.0 243.0 243.0
243.0 244.0 244.0 244.0 244.0 244.0 244.0 243.0 243.0 244.0 243.0 243.0
20.0455 79.7273 15.3808 49.1922 39.6124 64.8148 35.5285 53.8808 57.1102 
19.0 30.0 19.0 12.0 13.0
244.0 237.0 242.0 243.0 243.0 242.0 242.0 240.0 241.0 241.0 240.0 236.0
243.0 243.0 241.0 243.0 242.0 234.0 239.0 225.0 243.0 243.0 241.0 242.0
250.0 236.0 244.0 255.0 255.0 239.0 249.0 244.0 253.0 248.0 248.0 240.0
243.0 243.0 243.0 243.0 244.0 243.0 243.0 243.0 243.0 243.0 243.0 243.0
244.0 244.0 244.0 245.0 244.0 244.0 244.0 243.0 243.0 244.0 244.0 244.0
20.1819 79.8389 15.3808 49.1922 39.6124 64.8148 35.5285 54.2957 57.1102 
19.0 29.0 19.0 12.0 13.0
244.0 237.0 241.0 243.0 243.0 241.0 241.0 240.0 241.0 241.0 239.0 236.0
243.0 242.0 242.0 243.0 241.0 234.0 240.0 225.0 243.0 244.0 241.0 242.0
249.0 236.0 244.0 255.0 255.0 239.0 249.0 243.0 252.0 249.0 248.0 241.0
242.0 243.0 243.0 244.0 244.0 242.0 243.0 242.0 243.0 244.0 243.0 243.0
244.0 243.0 244.0 244.0 244.0 243.0 244.0 244.0 244.0 244.0 243.0 244.0
20.4546 79.9505 15.3808 49.1922 39.6124 64.8148 35.5285 54.2957 57.1102 
20.0 30.0 19.0 12.0 13.0
243.0 237.0 242.0 243.0 243.0 242.0 242.0 240.0 241.0 241.0 239.0 235.0
242.0 243.0 242.0 243.0 242.0 234.0 239.0 225.0 243.0 244.0 240.0 243.0
249.0 236.0 244.0 255.0 255.0 239.0 248.0 243.0 252.0 249.0 247.0 240.0
243.0 243.0 243.0 244.0 244.0 242.0 244.0 243.0 243.0 243.0 244.0 243.0
243.0 243.0 244.0 244.0 244.0 244.0 244.0 242.0 243.0 244.0 244.0 243.0
