-10000
20.1819 78.4996 17.3038 45.9489 33.4109 58.8889 32.9166 48.9015 12.2122 
16.0 14.0 16.0 13.0 12.0
244.0 240.0 240.0 242.0 243.0 241.0 241.0 239.0 241.0 242.0 240.0 243.0
243.0 243.0 243.0 243.0 242.0 242.0 241.0 241.0 242.0 243.0 243.0 244.0
250.0 238.0 245.0 255.0 255.0 239.0 247.0 245.0 253.0 248.0 249.0 240.0
243.0 242.0 243.0 243.0 244.0 243.0 243.0 243.0 243.0 243.0 243.0 243.0
243.0 244.0 244.0 244.0 244.0 244.0 244.0 242.0 243.0 244.0 244.0 243.0
19.7728 78.4996 17.3038 45.9489 33.0233 59.6296 33.2897 49.3165 12.7224 
16.0 14.0 17.0 13.0 13.0
243.0 240.0 241.0 242.0 243.0 241.0 241.0 239.0 241.0 242.0 240.0 243.0
243.0 243.0 243.0 244.0 243.0 242.0 241.0 241.0 243.0 244.0 244.0 243.0
251.0 239.0 246.0 255.0 255.0 239.0 248.0 245.0 252.0 249.0 249.0 240.0
242.0 243.0 242.0 243.0 244.0 243.0 243.0 243.0 243.0 243.0 243.0 243.0
243.0 243.0 243.0 244.0 244.0 244.0 244.0 243.0 244.0 244.0 244.0 244.0
19.6364 78.9461 16.9192 47.03 32.2481 61.4815 33.6628 50.1463 32.1102 
17.0 13.0 16.0 13.0 12.0
244.0 240.0 241.0 242.0 243.0 240.0 241.0 238.0 240.0 242.0 240.0 243.0
243.0 244.0 244.0 243.0 243.0 241.0 241.0 242.0 243.0 243.0 243.0 243.0
251.0 239.0 245.0 255.0 255.0 238.0 247.0 245.0 252.0 248.0 250.0 240.0
243.0 242.0 243.0 244.0 244.0 243.0 243.0 243.0 243.0 243.0 243.0 243.0
242.0 243.0 244.0 243.0 244.0 243.0 244.0 244.0 243.0 243.0 244.0 243.0
19.7728 79.1693 16.9192 47.03 34.186 62.5926 34.4091 51.3912 47.4163 
17.0 14.0 16.0 13.0 13.0
244.0 239.0 241.0 242.0 243.0 240.0 241.0 239.0 241.0 242.0 240.0 243.0
243.0 244.0 244.0 243.0 242.0 241.0 242.0 240.0 242.0 243.0 243.0 243.0
251.0 239.0 246.0 255.0 255.0 239.0 247.0 245.0 253.0 248.0 250.0 241.0
242.0 243.0 243.0 243.0 244.0 243.0 243.0 243.0 243.0 243.0 244.0 243.0
243.0 243.0 243.0 244.0 244.0 243.0 244.0 243.0 243.0 243.0 244.0 242.0
19.6364 79.6157 17.3038 46.4895 35.7364 62.5926 34.4091 53.0509 55.5796 
17.0 15.0 16.0 13.0 13.0
244.0 239.0 241.0 243.0 243.0 240.0 241.0 238.0 240.0 242.0 240.0 243.0
243.0 244.0 242.0 243.0 242.0 241.0 241.0 241.0 242.0 244.0 243.0 243.0
251.0 240.0 246.0 255.0 255.0 239.0 247.0 245.0 252.0 249.0 250.0 241.0
243.0 243.0 243.0 244.0 244.0 243.0 243.0 243.0 243.0 243.0 243.0 243.0
244.0 244.0 243.0 244.0 244.0 244.0 244.0 244.0 243.0 244.0 244.0 243.0
19.6364 79.5041 17.3038 46.4895 36.5116 63.3333 34.7822 53.0509 56.0898 
16.0 15.0 16.0 13.0 12.0
244.0 239.0 241.0 242.0 243.0 240.0 241.0 239.0 240.0 242.0 240.0 243.0
242.0 243.0 242.0 243.0 242.0 241.0 240.0 240.0 242.0 243.0 243.0 242.0
251.0 240.0 245.0 255.0 255.0 239.0 246.0 245.0 252.0 248.0 248.0 241.0
242.0 242.0 243.0 243.0 244.0 243.0 243.0 243.0 243.0 243.0 243.0 242.0
243.0 244.0 244.0 243.0 244.0 244.0 244.0 244.0 244.0 243.0 244.0 243.0
20.1819 79.6157 17.3038 47.03 36.8992 64.0741 34.7822 53.4659 56.0898 
17.0 16.0 16.0 13.0 13.0
244.0 238.0 241.0 243.0 243.0 240.0 241.0 239.0 240.0 242.0 240.0 243.0
242.0 243.0 243.0 243.0 243.0 240.0 240.0 239.0 241.0 243.0 243.0 242.0
251.0 240.0 246.0 255.0 255.0 239.0 246.0 244.0 253.0 248.0 249.0 242.0
243.0 243.0 243.0 244.0 244.0 243.0 243.0 243.0 243.0 244.0 244.0 243.0
242.0 244.0 242.0 244.0 244.0 243.0 244.0 244.0 243.0 244.0 244.0 243.0
20.3182 79.8389 17.3038 47.03 37.2868 65.1852 35.1554 53.8808 56.0898 
17.0 15.0 16.0 13.0 12.0
244.0 239.0 240.0 242.0 243.0 241.0 241.0 238.0 240.0 242.0 240.0 243.0
242.0 243.0 242.0 243.0 241.0 240.0 240.0 239.0 241.0 244.0 244.0 242.0
251.0 241.0 246.0 255.0 255.0 239.0 246.0 244.0 252.0 248.0 250.0 242.0
243.0 243.0 244.0 243.0 243.0 243.0 243.0 243.0 243.0 243.0 243.0 243.0
243.0 244.0 243.0 244.0 244.0 243.0 244.0 242.0 244.0 244.0 244.0 243.0
20.7273 79.9505 17.3038 47.03 38.062 65.1852 35.5285 54.2957 56.0898 
17.0 16.0 16.0 12.0 13.0
244.0 238.0 241.0 242.0 243.0 240.0 241.0 238.0 240.0 242.0 240.0 243.0
243.0 243.0 243.0 242.0 241.0 240.0 239.0 240.0 240.0 244.0 243.0 242.0
249.0 241.0 246.0 255.0 255.0 239.0 246.0 244.0 252.0 248.0 249.0 242.0
242.0 242.0 243.0 244.0 244.0 243.0 243.0 243.0 243.0 243.0 243.0 243.0
242.0 243.0 244.0 244.0 244.0 244.0 244.0 244.0 244.0 244.0 244.0 242.0
20.7273 80.1737 16.9192 47.03 38.4496 65.1852 35.5285 54.7107 56.0898 
17.0 17.0 16.0 13.0 12.0
244.0 238.0 241.0 242.0 243.0 241.0 241.0 238.0 240.0 242.0 240.0 243.0
243.0 242.0 243.0 243.0 242.0 239.0 240.0 239.0 240.0 244.0 243.0 243.0
250.0 241.0 246.0 255.0 255.0 239.0 246.0 244.0 253.0 248.0 249.0 243.0
243.0 243.0 243.0 244.0 243.0 242.0 244.0 243.0 243.0 243.0 243.0 243.0
243.0 243.0 242.0 244.0 243.0 244.0 244.0 243.0 242.0 244.0 243.0 243.0
20.4546 80.1737 16.9192 47.03 39.2248 65.5556 35.9016 54.7107 56.0898 
18.0 16.0 16.0 13.0 12.0
243.0 237.0 241.0 242.0 243.0 240.0 241.0 238.0 240.0 242.0 240.0 243.0
243.0 244.0 242.0 243.0 241.0 239.0 239.0 239.0 240.0 243.0 243.0 242.0
250.0 242.0 246.0 255.0 255.0 239.0 247.0 244.0 252.0 248.0 249.0 243.0
242.0 243.0 244.0 244.0 244.0 242.0 243.0 243.0 243.0 243.0 243.0 243.0
243.0 244.0 244.0 243.0 244.0 244.0 244.0 244.0 243.0 244.0 244.0 243.0
20.3182 80.0621 16.9192 47.03 39.2248 65.5556 35.9016 54.7107 56.0898 
17.0 16.0 16.0 13.0 12.0
244.0 238.0 241.0 242.0 243.0 241.0 241.0 238.0 240.0 242.0 240.0 243.0
243.0 243.0 242.0 243.0 241.0 239.0 239.0 240.0 240.0 244.0 243.0 243.0
249.0 242.0 246.0 255.0 255.0 239.0 246.0 244.0 252.0 248.0 249.0 242.0
242.0 243.0 243.0 243.0 243.0 243.0 243.0 243.0 243.0 243.0 243.0 243.0
243.0 244.0 243.0 244.0 244.0 244.0 244.0 243.0 242.0 242.0 244.0 243.0
