-10000
20.1819 78.388 17.3038 49.1922 33.7984 63.7037 30.6778 32.304 15.2735 
16.0 20.0 21.0 13.0 12.0
244.0 240.0 241.0 243.0 243.0 242.0 241.0 239.0 241.0 241.0 239.0 240.0
242.0 243.0 242.0 243.0 242.0 238.0 243.0 236.0 242.0 243.0 241.0 242.0
250.0 234.0 244.0 255.0 255.0 246.0 255.0 248.0 252.0 248.0 248.0 240.0
242.0 242.0 243.0 244.0 243.0 243.0 243.0 243.0 243.0 243.0 243.0 243.0
244.0 244.0 245.0 244.0 244.0 244.0 244.0 244.0 243.0 244.0 244.0 242.0
19.7728 78.9461 16.9192 49.1922 35.7364 63.7037 31.0509 36.4534 15.7837 
16.0 21.0 21.0 13.0 12.0
244.0 239.0 241.0 243.0 243.0 241.0 241.0 239.0 241.0 242.0 239.0 240.0
243.0 243.0 242.0 243.0 242.0 237.0 241.0 235.0 243.0 243.0 241.0 243.0
250.0 235.0 244.0 255.0 255.0 246.0 255.0 249.0 253.0 248.0 250.0 241.0
243.0 243.0 243.0 244.0 244.0 243.0 243.0 243.0 243.0 243.0 243.0 243.0
244.0 244.0 244.0 244.0 244.0 244.0 244.0 244.0 244.0 244.0 244.0 244.0
19.7728 79.5041 16.9192 49.1922 36.124 64.0741 31.0509 41.4327 34.151 
16.0 20.0 20.0 13.0 13.0
244.0 238.0 241.0 243.0 243.0 242.0 241.0 239.0 241.0 242.0 239.0 240.0
243.0 244.0 242.0 243.0 243.0 237.0 240.0 235.0 242.0 243.0 242.0 243.0
249.0 235.0 244.0 255.0 255.0 247.0 255.0 249.0 255.0 248.0 250.0 241.0
243.0 244.0 244.0 244.0 243.0 243.0 243.0 243.0 243.0 243.0 243.0 243.0
243.0 243.0 244.0 244.0 244.0 243.0 244.0 243.0 243.0 244.0 244.0 243.0
19.9091 79.8389 16.9192 49.1922 37.6744 64.4444 32.1703 43.5073 48.9469 
17.0 21.0 20.0 13.0 13.0
244.0 239.0 241.0 243.0 243.0 241.0 241.0 239.0 241.0 242.0 240.0 240.0
243.0 243.0 242.0 243.0 242.0 236.0 239.0 233.0 243.0 243.0 241.0 243.0
250.0 236.0 244.0 255.0 255.0 245.0 255.0 249.0 253.0 248.0 249.0 241.0
242.0 243.0 242.0 243.0 244.0 243.0 243.0 243.0 243.0 243.0 243.0 243.0
244.0 242.0 243.0 244.0 244.0 244.0 244.0 243.0 244.0 243.0 244.0 243.0
20.0455 79.8389 16.9192 49.1922 38.062 65.5556 32.5434 45.997 54.5592 
17.0 21.0 19.0 13.0 13.0
244.0 238.0 241.0 242.0 243.0 242.0 241.0 239.0 241.0 241.0 239.0 240.0
243.0 243.0 242.0 243.0 241.0 236.0 238.0 233.0 242.0 243.0 241.0 243.0
250.0 236.0 244.0 255.0 255.0 245.0 255.0 249.0 255.0 249.0 250.0 241.0
243.0 242.0 243.0 244.0 244.0 242.0 243.0 243.0 243.0 243.0 244.0 242.0
243.0 243.0 244.0 244.0 244.0 243.0 244.0 243.0 243.0 244.0 244.0 243.0
19.5 79.8389 16.9192 49.1922 38.8372 65.9259 32.9166 46.8268 55.5796 
17.0 22.0 18.0 13.0 13.0
244.0 238.0 242.0 243.0 243.0 241.0 242.0 239.0 241.0 242.0 239.0 239.0
243.0 243.0 243.0 243.0 242.0 235.0 236.0 234.0 242.0 243.0 241.0 243.0
249.0 237.0 244.0 255.0 255.0 245.0 255.0 248.0 255.0 248.0 249.0 241.0
243.0 243.0 243.0 244.0 244.0 243.0 243.0 243.0 243.0 243.0 243.0 243.0
244.0 242.0 244.0 244.0 244.0 244.0 244.0 244.0 244.0 243.0 243.0 243.0
19.2273 79.9505 16.5346 48.6516 40 65.9259 34.036 47.2418 56.0898 
17.0 21.0 18.0 13.0 12.0
244.0 238.0 241.0 242.0 243.0 241.0 241.0 239.0 240.0 241.0 240.0 239.0
243.0 243.0 241.0 243.0 242.0 235.0 236.0 233.0 242.0 244.0 241.0 242.0
249.0 236.0 244.0 255.0 255.0 244.0 255.0 248.0 255.0 249.0 249.0 241.0
243.0 243.0 243.0 244.0 244.0 243.0 243.0 243.0 243.0 243.0 243.0 243.0
244.0 243.0 244.0 244.0 244.0 244.0 244.0 244.0 244.0 244.0 244.0 241.0
19.5 79.9505 16.5346 49.1922 40 65.9259 34.036 47.6567 56.0898 
17.0 22.0 19.0 13.0 12.0
244.0 238.0 241.0 242.0 243.0 242.0 242.0 239.0 241.0 241.0 240.0 239.0
243.0 243.0 241.0 243.0 242.0 234.0 236.0 235.0 242.0 244.0 241.0 242.0
250.0 236.0 244.0 255.0 255.0 244.0 253.0 247.0 255.0 248.0 250.0 241.0
243.0 243.0 243.0 244.0 244.0 243.0 243.0 243.0 243.0 243.0 243.0 242.0
243.0 244.0 244.0 244.0 244.0 244.0 244.0 244.0 244.0 244.0 242.0 243.0
20.7273 80.0621 16.5346 49.1922 40 66.2963 34.036 49.3165 56.0898 
17.0 21.0 18.0 13.0 12.0
244.0 238.0 241.0 243.0 243.0 242.0 242.0 239.0 240.0 241.0 240.0 239.0
243.0 243.0 241.0 243.0 241.0 234.0 236.0 234.0 242.0 244.0 242.0 242.0
251.0 237.0 244.0 255.0 255.0 243.0 253.0 247.0 255.0 249.0 249.0 241.0
243.0 243.0 243.0 244.0 243.0 243.0 244.0 243.0 243.0 243.0 243.0 243.0
243.0 243.0 244.0 244.0 244.0 244.0 244.0 244.0 243.0 244.0 243.0 243.0
21 80.0621 16.5346 49.1922 40 66.2963 34.4091 49.3165 56.0898 
17.0 21.0 19.0 13.0 12.0
244.0 238.0 241.0 243.0 243.0 241.0 241.0 239.0 240.0 242.0 239.0 239.0
243.0 243.0 241.0 243.0 241.0 234.0 236.0 234.0 242.0 244.0 242.0 243.0
250.0 237.0 244.0 255.0 255.0 242.0 253.0 247.0 253.0 249.0 249.0 241.0
243.0 243.0 243.0 243.0 243.0 242.0 243.0 243.0 243.0 243.0 243.0 243.0
243.0 243.0 244.0 244.0 243.0 244.0 244.0 244.0 244.0 244.0 243.0 243.0
21 80.0621 16.5346 49.1922 40 66.2963 34.4091 49.7314 56.0898 
18.0 21.0 19.0 12.0 12.0
244.0 238.0 241.0 243.0 243.0 242.0 241.0 239.0 240.0 241.0 239.0 239.0
243.0 243.0 241.0 243.0 241.0 234.0 236.0 234.0 242.0 244.0 241.0 243.0
250.0 237.0 244.0 255.0 255.0 242.0 253.0 246.0 255.0 248.0 249.0 241.0
242.0 243.0 243.0 243.0 244.0 243.0 243.0 243.0 243.0 243.0 243.0 243.0
243.0 244.0 243.0 244.0 244.0 244.0 244.0 243.0 244.0 244.0 243.0 243.0
20.8637 80.0621 16.5346 49.1922 40 66.2963 34.7822 49.7314 56.6 
17.0 21.0 19.0 12.0 12.0
244.0 237.0 241.0 243.0 243.0 242.0 242.0 239.0 241.0 241.0 239.0 239.0
243.0 243.0 241.0 243.0 241.0 234.0 235.0 234.0 242.0 244.0 242.0 242.0
250.0 236.0 244.0 255.0 255.0 241.0 251.0 246.0 253.0 249.0 249.0 241.0
243.0 243.0 243.0 243.0 244.0 243.0 243.0 243.0 243.0 243.0 244.0 243.0
243.0 243.0 244.0 244.0 244.0 244.0 244.0 243.0 243.0 244.0 244.0 242.0
20.8637 79.9505 16.5346 49.1922 40 66.6667 34.7822 50.5613 56.0898 
17.0 21.0 19.0 13.0 12.0
244.0 237.0 241.0 242.0 243.0 242.0 241.0 239.0 241.0 241.0 239.0 239.0
243.0 243.0 241.0 244.0 241.0 234.0 235.0 234.0 243.0 244.0 241.0 242.0
250.0 237.0 244.0 255.0 255.0 241.0 252.0 245.0 253.0 248.0 249.0 241.0
243.0 243.0 243.0 244.0 244.0 242.0 243.0 243.0 243.0 243.0 243.0 243.0
244.0 244.0 244.0 244.0 244.0 243.0 244.0 244.0 242.0 244.0 243.0 243.0
20.7273 79.9505 16.5346 49.1922 40 66.6667 34.7822 50.5613 56.0898 
17.0 21.0 18.0 12.0 13.0
244.0 237.0 241.0 243.0 243.0 241.0 242.0 239.0 241.0 241.0 239.0 239.0
243.0 243.0 241.0 243.0 241.0 235.0 235.0 235.0 242.0 243.0 242.0 242.0
250.0 237.0 244.0 255.0 255.0 241.0 251.0 245.0 253.0 248.0 249.0 241.0
243.0 242.0 243.0 244.0 243.0 243.0 243.0 243.0 243.0 243.0 243.0 243.0
244.0 242.0 244.0 245.0 244.0 244.0 245.0 243.0 243.0 244.0 243.0 244.0
20.8637 80.0621 16.5346 49.1922 40.3876 66.6667 34.7822 51.3912 56.6 
18.0 21.0 18.0 13.0 13.0
244.0 237.0 241.0 243.0 243.0 241.0 242.0 239.0 241.0 241.0 239.0 239.0
243.0 243.0 242.0 243.0 241.0 235.0 236.0 234.0 242.0 244.0 242.0 243.0
250.0 237.0 243.0 255.0 255.0 240.0 251.0 244.0 253.0 249.0 249.0 241.0
243.0 242.0 243.0 244.0 244.0 243.0 243.0 243.0 243.0 243.0 243.0 243.0
243.0 244.0 244.0 244.0 244.0 244.0 244.0 244.0 244.0 244.0 244.0 244.0
20.8637 80.0621 16.5346 49.1922 40.3876 66.6667 34.7822 51.8061 56.6 
17.0 21.0 18.0 12.0 13.0
244.0 238.0 241.0 243.0 243.0 241.0 241.0 239.0 240.0 241.0 239.0 239.0
244.0 243.0 242.0 243.0 241.0 236.0 235.0 234.0 242.0 244.0 242.0 242.0
250.0 237.0 244.0 255.0 255.0 240.0 251.0 245.0 253.0 248.0 249.0 241.0
243.0 243.0 243.0 244.0 244.0 242.0 243.0 243.0 243.0 243.0 243.0 243.0
243.0 244.0 244.0 244.0 244.0 244.0 244.0 243.0 244.0 244.0 244.0 244.0
20.7273 80.0621 16.5346 49.1922 40.3876 67.037 35.1554 52.221 56.6 
18.0 21.0 17.0 12.0 13.0
244.0 237.0 241.0 242.0 243.0 241.0 241.0 239.0 240.0 241.0 239.0 239.0
243.0 243.0 242.0 243.0 241.0 235.0 235.0 235.0 242.0 244.0 242.0 243.0
250.0 237.0 243.0 255.0 255.0 240.0 250.0 245.0 252.0 248.0 249.0 241.0
243.0 242.0 243.0 243.0 244.0 243.0 243.0 243.0 243.0 243.0 243.0 243.0
244.0 243.0 244.0 245.0 243.0 244.0 244.0 243.0 244.0 244.0 244.0 242.0
