-10000
20.3182 78.388 18.0731 49.1922 29.9225 60.3704 26.2001 41.4327 14.2531 
15.0 20.0 20.0 13.0 12.0
243.0 240.0 242.0 243.0 243.0 242.0 241.0 239.0 241.0 242.0 240.0 240.0
243.0 243.0 243.0 243.0 242.0 239.0 244.0 235.0 243.0 243.0 242.0 243.0
249.0 236.0 245.0 255.0 255.0 244.0 255.0 247.0 255.0 248.0 249.0 241.0
243.0 242.0 243.0 244.0 244.0 243.0 243.0 244.0 243.0 243.0 243.0 243.0
245.0 244.0 244.0 245.0 244.0 244.0 245.0 244.0 244.0 244.0 246.0 244.0
20.1819 78.6112 18.8423 49.7327 30.6977 60.3704 26.5733 43.9223 14.7633 
16.0 21.0 21.0 12.0 11.0
244.0 240.0 241.0 243.0 243.0 242.0 242.0 239.0 241.0 242.0 239.0 240.0
242.0 243.0 243.0 243.0 242.0 238.0 243.0 234.0 243.0 244.0 242.0 243.0
250.0 235.0 245.0 255.0 255.0 244.0 255.0 248.0 253.0 248.0 249.0 241.0
242.0 243.0 243.0 243.0 244.0 243.0 243.0 243.0 243.0 243.0 243.0 243.0
244.0 244.0 245.0 244.0 244.0 243.0 244.0 244.0 244.0 244.0 245.0 244.0
20.1819 78.7229 18.4577 49.7327 32.2481 60 27.6927 44.7522 32.1102 
16.0 23.0 21.0 12.0 12.0
244.0 240.0 242.0 243.0 243.0 242.0 242.0 239.0 241.0 241.0 239.0 240.0
243.0 243.0 242.0 243.0 243.0 237.0 243.0 232.0 243.0 244.0 241.0 243.0
250.0 234.0 244.0 255.0 255.0 244.0 255.0 248.0 253.0 248.0 249.0 240.0
243.0 243.0 244.0 244.0 244.0 243.0 243.0 243.0 243.0 243.0 244.0 243.0
243.0 244.0 243.0 244.0 244.0 244.0 244.0 243.0 243.0 244.0 244.0 242.0
20.3182 78.9461 18.4577 49.7327 33.7984 60.3704 28.8121 45.997 48.4367 
16.0 26.0 20.0 13.0 13.0
243.0 239.0 242.0 243.0 243.0 242.0 242.0 239.0 241.0 242.0 239.0 239.0
243.0 243.0 242.0 243.0 242.0 236.0 242.0 229.0 243.0 243.0 241.0 243.0
250.0 235.0 244.0 255.0 255.0 244.0 255.0 247.0 255.0 248.0 249.0 241.0
243.0 243.0 243.0 244.0 243.0 243.0 243.0 243.0 243.0 243.0 243.0 243.0
243.0 243.0 244.0 244.0 243.0 244.0 244.0 243.0 244.0 244.0 244.0 242.0
20.591 79.8389 18.0731 50.2732 34.9612 61.4815 29.9315 47.2418 55.0694 
16.0 26.0 20.0 12.0 13.0
244.0 239.0 241.0 243.0 243.0 242.0 241.0 240.0 241.0 242.0 239.0 240.0
243.0 243.0 242.0 243.0 242.0 236.0 241.0 229.0 243.0 244.0 241.0 243.0
249.0 235.0 244.0 255.0 255.0 243.0 255.0 247.0 255.0 249.0 249.0 241.0
242.0 243.0 243.0 244.0 243.0 243.0 243.0 243.0 243.0 243.0 244.0 243.0
243.0 243.0 244.0 244.0 244.0 243.0 244.0 243.0 243.0 243.0 244.0 243.0
20.4546 80.0621 17.6885 50.2732 36.5116 61.4815 31.424 47.6567 56.0898 
16.0 27.0 21.0 13.0 12.0
243.0 239.0 241.0 243.0 243.0 242.0 242.0 239.0 240.0 241.0 239.0 239.0
243.0 243.0 242.0 243.0 241.0 236.0 239.0 229.0 242.0 244.0 240.0 243.0
250.0 234.0 244.0 255.0 255.0 242.0 253.0 247.0 253.0 248.0 249.0 240.0
243.0 242.0 243.0 243.0 244.0 243.0 244.0 243.0 243.0 243.0 243.0 243.0
244.0 243.0 244.0 244.0 243.0 243.0 245.0 243.0 244.0 244.0 243.0 244.0
20.4546 80.1737 17.6885 49.7327 36.8992 61.1111 31.424 48.4866 55.5796 
17.0 28.0 21.0 13.0 13.0
244.0 239.0 242.0 243.0 243.0 241.0 242.0 239.0 241.0 241.0 240.0 239.0
243.0 243.0 242.0 243.0 242.0 236.0 239.0 227.0 243.0 244.0 241.0 242.0
250.0 234.0 244.0 255.0 255.0 242.0 253.0 246.0 253.0 248.0 249.0 240.0
243.0 242.0 243.0 244.0 244.0 243.0 243.0 243.0 243.0 243.0 243.0 243.0
243.0 244.0 244.0 244.0 244.0 244.0 244.0 244.0 243.0 243.0 244.0 243.0
20.1819 80.0621 17.6885 50.2732 37.2868 62.5926 31.7972 48.9015 56.0898 
16.0 28.0 21.0 12.0 13.0
244.0 238.0 242.0 243.0 243.0 242.0 241.0 240.0 241.0 241.0 240.0 239.0
242.0 243.0 242.0 243.0 242.0 236.0 238.0 227.0 243.0 244.0 241.0 243.0
250.0 235.0 244.0 255.0 255.0 242.0 252.0 246.0 253.0 248.0 249.0 241.0
243.0 243.0 243.0 243.0 244.0 243.0 244.0 243.0 243.0 243.0 243.0 242.0
242.0 244.0 243.0 244.0 244.0 243.0 244.0 244.0 244.0 244.0 244.0 243.0
20.1819 80.1737 17.6885 49.7327 37.6744 62.5926 32.1703 49.3165 55.5796 
16.0 28.0 20.0 13.0 12.0
244.0 239.0 242.0 243.0 243.0 242.0 242.0 239.0 241.0 242.0 240.0 240.0
243.0 243.0 242.0 243.0 241.0 236.0 238.0 226.0 243.0 243.0 241.0 243.0
250.0 234.0 244.0 255.0 255.0 241.0 251.0 245.0 253.0 248.0 249.0 240.0
243.0 243.0 244.0 244.0 243.0 243.0 243.0 243.0 243.0 243.0 243.0 243.0
243.0 244.0 243.0 244.0 244.0 244.0 244.0 243.0 243.0 244.0 244.0 243.0
20.1819 80.5086 17.3038 50.2732 38.062 64.0741 33.2897 49.3165 56.6 
16.0 27.0 20.0 12.0 13.0
244.0 239.0 242.0 243.0 243.0 242.0 241.0 240.0 241.0 242.0 239.0 240.0
243.0 242.0 242.0 243.0 241.0 235.0 236.0 227.0 243.0 244.0 241.0 242.0
250.0 235.0 244.0 255.0 255.0 241.0 251.0 245.0 255.0 249.0 249.0 241.0
243.0 243.0 243.0 243.0 244.0 243.0 243.0 243.0 243.0 243.0 243.0 243.0
244.0 243.0 243.0 244.0 244.0 243.0 244.0 244.0 243.0 244.0 244.0 243.0
20.4546 80.8434 17.3038 50.2732 38.8372 64.0741 33.2897 50.1463 56.0898 
16.0 28.0 20.0 12.0 13.0
243.0 239.0 241.0 243.0 243.0 242.0 241.0 239.0 241.0 241.0 240.0 239.0
243.0 242.0 241.0 243.0 241.0 235.0 235.0 226.0 243.0 244.0 240.0 243.0
249.0 235.0 244.0 255.0 255.0 241.0 251.0 245.0 255.0 248.0 249.0 241.0
242.0 242.0 243.0 244.0 243.0 243.0 243.0 244.0 243.0 243.0 244.0 243.0
242.0 243.0 243.0 244.0 244.0 243.0 244.0 244.0 243.0 244.0 244.0 243.0
20.591 80.955 16.9192 50.2732 39.6124 64.8148 34.036 50.5613 56.6 
16.0 29.0 20.0 13.0 14.0
244.0 239.0 242.0 243.0 243.0 242.0 242.0 240.0 241.0 241.0 240.0 239.0
243.0 243.0 241.0 243.0 241.0 234.0 234.0 226.0 243.0 244.0 241.0 241.0
249.0 235.0 244.0 255.0 255.0 241.0 249.0 245.0 253.0 248.0 249.0 240.0
243.0 243.0 243.0 244.0 244.0 243.0 243.0 243.0 243.0 243.0 243.0 243.0
243.0 244.0 243.0 244.0 244.0 243.0 244.0 243.0 243.0 244.0 244.0 242.0
20.4546 81.0666 16.9192 50.2732 39.6124 65.1852 34.4091 50.9762 56.6 
16.0 29.0 20.0 13.0 12.0
243.0 239.0 241.0 243.0 243.0 242.0 242.0 239.0 241.0 241.0 240.0 240.0
243.0 243.0 241.0 243.0 241.0 235.0 233.0 227.0 243.0 244.0 240.0 243.0
249.0 235.0 244.0 255.0 255.0 239.0 249.0 245.0 253.0 248.0 248.0 241.0
242.0 242.0 243.0 244.0 244.0 243.0 243.0 243.0 243.0 243.0 243.0 243.0
243.0 243.0 244.0 244.0 244.0 243.0 244.0 243.0 243.0 244.0 244.0 243.0
20.591 80.955 16.9192 50.2732 39.6124 64.8148 34.4091 51.3912 56.6 
16.0 29.0 19.0 13.0 12.0
244.0 239.0 242.0 243.0 243.0 242.0 242.0 239.0 241.0 241.0 240.0 239.0
243.0 243.0 242.0 243.0 241.0 235.0 232.0 227.0 243.0 244.0 241.0 243.0
249.0 236.0 244.0 255.0 255.0 239.0 249.0 244.0 253.0 249.0 249.0 240.0
243.0 243.0 243.0 244.0 244.0 242.0 243.0 243.0 243.0 243.0 243.0 243.0
244.0 244.0 244.0 244.0 244.0 244.0 244.0 242.0 244.0 243.0 243.0 244.0
20.3182 80.955 16.9192 50.2732 39.6124 65.1852 34.4091 51.8061 56.6 
16.0 28.0 20.0 12.0 12.0
244.0 241.0 242.0 243.0 243.0 241.0 242.0 239.0 241.0 242.0 240.0 239.0
243.0 243.0 242.0 243.0 241.0 235.0 232.0 227.0 243.0 244.0 241.0 242.0
249.0 236.0 244.0 255.0 255.0 239.0 248.0 244.0 253.0 248.0 249.0 241.0
243.0 243.0 243.0 244.0 243.0 243.0 243.0 243.0 243.0 243.0 243.0 243.0
244.0 243.0 244.0 244.0 244.0 243.0 244.0 244.0 243.0 244.0 244.0 243.0
20.1819 80.8434 16.9192 50.2732 39.6124 65.5556 34.4091 52.636 56.6 
16.0 28.0 19.0 13.0 13.0
244.0 240.0 242.0 242.0 243.0 242.0 242.0 239.0 241.0 241.0 240.0 240.0
243.0 242.0 242.0 243.0 242.0 235.0 232.0 226.0 243.0 243.0 241.0 242.0
249.0 236.0 244.0 255.0 255.0 239.0 248.0 244.0 253.0 248.0 249.0 241.0
243.0 243.0 243.0 244.0 243.0 242.0 243.0 243.0 243.0 244.0 244.0 243.0
242.0 244.0 244.0 244.0 244.0 243.0 244.0 243.0 244.0 244.0 244.0 243.0
