-10000
19.6364 78.8345 18.0731 47.5705 32.2481 55.5556 27.6927 45.1671 14.2531 
16.0 16.0 19.0 13.0 12.0
244.0 240.0 241.0 243.0 244.0 241.0 242.0 239.0 241.0 241.0 239.0 241.0
242.0 243.0 242.0 243.0 242.0 241.0 242.0 238.0 243.0 243.0 243.0 243.0
249.0 237.0 244.0 255.0 255.0 243.0 255.0 246.0 253.0 248.0 249.0 241.0
243.0 243.0 243.0 243.0 243.0 242.0 243.0 243.0 243.0 243.0 244.0 243.0
243.0 243.0 244.0 244.0 244.0 244.0 244.0 243.0 243.0 243.0 244.0 243.0
20.1819 79.1693 18.0731 48.1111 32.2481 56.6667 28.0658 45.997 14.7633 
16.0 16.0 18.0 12.0 13.0
244.0 240.0 241.0 243.0 243.0 242.0 241.0 239.0 241.0 242.0 239.0 241.0
243.0 244.0 242.0 243.0 242.0 240.0 242.0 238.0 243.0 243.0 243.0 242.0
249.0 237.0 244.0 255.0 255.0 243.0 255.0 246.0 253.0 248.0 248.0 241.0
243.0 242.0 243.0 244.0 243.0 243.0 243.0 243.0 243.0 243.0 244.0 243.0
243.0 243.0 243.0 244.0 244.0 244.0 244.0 243.0 243.0 244.0 244.0 243.0
20.4546 79.3925 18.0731 48.6516 32.2481 58.5185 28.8121 46.8268 32.6204 
16.0 18.0 18.0 13.0 13.0
244.0 239.0 241.0 242.0 243.0 241.0 241.0 239.0 241.0 241.0 239.0 241.0
243.0 243.0 243.0 242.0 243.0 240.0 242.0 238.0 243.0 244.0 241.0 242.0
249.0 236.0 244.0 255.0 255.0 242.0 253.0 245.0 253.0 248.0 249.0 240.0
243.0 243.0 243.0 243.0 243.0 243.0 243.0 243.0 243.0 243.0 243.0 242.0
243.0 243.0 243.0 244.0 244.0 243.0 244.0 243.0 244.0 244.0 244.0 243.0
20.3182 79.3925 17.6885 48.6516 33.0233 58.8889 29.1852 48.4866 47.9265 
17.0 19.0 18.0 13.0 12.0
244.0 239.0 241.0 242.0 243.0 241.0 241.0 239.0 241.0 242.0 239.0 241.0
242.0 242.0 243.0 244.0 242.0 239.0 242.0 236.0 243.0 243.0 243.0 243.0
249.0 237.0 244.0 255.0 255.0 241.0 253.0 246.0 253.0 248.0 249.0 241.0
242.0 243.0 243.0 244.0 244.0 243.0 243.0 243.0 243.0 243.0 243.0 243.0
243.0 244.0 243.0 244.0 244.0 244.0 244.0 243.0 243.0 244.0 244.0 243.0
20.1819 79.6157 17.6885 48.6516 34.5736 60.7407 31.424 48.4866 55.5796 
16.0 18.0 18.0 13.0 13.0
244.0 238.0 242.0 243.0 243.0 242.0 241.0 238.0 241.0 241.0 239.0 241.0
242.0 243.0 242.0 242.0 242.0 239.0 241.0 236.0 243.0 244.0 242.0 242.0
250.0 237.0 244.0 255.0 255.0 242.0 251.0 246.0 253.0 248.0 249.0 240.0
242.0 243.0 243.0 243.0 243.0 242.0 243.0 243.0 243.0 243.0 243.0 243.0
243.0 243.0 243.0 244.0 244.0 244.0 244.0 244.0 242.0 244.0 244.0 242.0
20.1819 79.9505 17.6885 48.6516 35.7364 61.8519 31.7972 49.7314 56.0898 
17.0 19.0 19.0 13.0 13.0
244.0 239.0 241.0 243.0 243.0 241.0 242.0 239.0 241.0 241.0 240.0 241.0
243.0 242.0 242.0 243.0 242.0 238.0 239.0 235.0 243.0 243.0 242.0 242.0
249.0 237.0 244.0 255.0 255.0 241.0 250.0 245.0 253.0 248.0 248.0 241.0
243.0 243.0 243.0 243.0 244.0 242.0 243.0 243.0 243.0 243.0 243.0 243.0
244.0 243.0 244.0 245.0 244.0 244.0 244.0 244.0 243.0 244.0 244.0 242.0
19.7728 80.0621 17.3038 48.6516 36.5116 62.2222 32.5434 50.5613 56.0898 
17.0 20.0 17.0 13.0 12.0
244.0 238.0 241.0 243.0 243.0 242.0 242.0 239.0 241.0 241.0 239.0 240.0
242.0 243.0 242.0 242.0 242.0 238.0 238.0 234.0 243.0 244.0 242.0 242.0
249.0 237.0 244.0 255.0 255.0 241.0 250.0 245.0 252.0 248.0 249.0 242.0
243.0 243.0 243.0 243.0 243.0 243.0 243.0 243.0 243.0 243.0 243.0 243.0
243.0 244.0 244.0 244.0 244.0 244.0 244.0 243.0 244.0 243.0 244.0 243.0
19.5 79.9505 17.3038 48.6516 36.8992 62.963 33.2897 50.5613 56.6 
17.0 21.0 18.0 13.0 12.0
244.0 239.0 241.0 243.0 243.0 241.0 241.0 239.0 241.0 241.0 239.0 240.0
242.0 243.0 241.0 243.0 241.0 238.0 238.0 235.0 243.0 244.0 242.0 242.0
249.0 237.0 244.0 255.0 255.0 241.0 249.0 245.0 252.0 249.0 248.0 241.0
242.0 242.0 243.0 244.0 243.0 243.0 243.0 243.0 243.0 243.0 243.0 242.0
243.0 242.0 244.0 244.0 244.0 244.0 245.0 244.0 243.0 244.0 243.0 244.0
19.5 80.0621 17.3038 48.6516 37.6744 62.963 34.036 50.9762 56.6 
18.0 21.0 18.0 13.0 13.0
244.0 238.0 241.0 243.0 243.0 242.0 242.0 239.0 241.0 241.0 240.0 240.0
242.0 243.0 242.0 243.0 242.0 238.0 237.0 234.0 242.0 244.0 242.0 242.0
249.0 237.0 244.0 255.0 255.0 240.0 249.0 244.0 253.0 249.0 248.0 241.0
243.0 243.0 243.0 243.0 244.0 243.0 243.0 243.0 243.0 243.0 242.0 243.0
243.0 244.0 244.0 244.0 244.0 243.0 245.0 243.0 244.0 244.0 243.0 243.0
19.5 80.397 17.3038 48.6516 38.4496 63.3333 34.4091 51.8061 56.6 
18.0 21.0 18.0 12.0 13.0
244.0 238.0 241.0 242.0 243.0 241.0 241.0 239.0 240.0 241.0 239.0 240.0
242.0 243.0 242.0 243.0 242.0 237.0 237.0 234.0 243.0 244.0 242.0 243.0
249.0 237.0 244.0 255.0 255.0 241.0 248.0 244.0 253.0 248.0 248.0 241.0
242.0 243.0 243.0 243.0 244.0 243.0 243.0 243.0 243.0 243.0 243.0 243.0
243.0 243.0 244.0 245.0 244.0 244.0 244.0 242.0 243.0 244.0 243.0 243.0
20.591 80.8434 17.3038 48.6516 38.4496 64.0741 34.4091 53.0509 56.6 
17.0 20.0 17.0 13.0 13.0
244.0 238.0 241.0 242.0 243.0 241.0 241.0 239.0 241.0 242.0 239.0 240.0
242.0 244.0 241.0 243.0 242.0 237.0 236.0 234.0 242.0 244.0 242.0 242.0
249.0 238.0 244.0 255.0 255.0 240.0 247.0 245.0 252.0 248.0 249.0 242.0
243.0 242.0 243.0 244.0 243.0 243.0 243.0 243.0 243.0 243.0 243.0 243.0
244.0 243.0 244.0 244.0 244.0 244.0 244.0 243.0 242.0 244.0 242.0 243.0
20.7273 80.955 17.3038 49.1922 38.8372 64.4444 34.7822 52.636 57.1102 
18.0 21.0 18.0 12.0 13.0
244.0 237.0 241.0 243.0 243.0 241.0 242.0 239.0 240.0 241.0 239.0 240.0
243.0 243.0 242.0 243.0 242.0 236.0 236.0 235.0 242.0 244.0 242.0 242.0
249.0 238.0 244.0 255.0 255.0 239.0 247.0 244.0 253.0 248.0 248.0 242.0
242.0 242.0 243.0 244.0 244.0 243.0 243.0 243.0 243.0 243.0 243.0 243.0
243.0 244.0 244.0 244.0 244.0 244.0 244.0 244.0 244.0 244.0 243.0 242.0
20.591 80.955 16.9192 49.1922 39.2248 65.1852 35.1554 53.0509 57.1102 
17.0 21.0 17.0 13.0 12.0
244.0 238.0 241.0 242.0 243.0 241.0 241.0 239.0 240.0 241.0 239.0 240.0
242.0 243.0 242.0 242.0 241.0 235.0 235.0 234.0 242.0 244.0 242.0 243.0
249.0 238.0 244.0 255.0 255.0 239.0 246.0 244.0 252.0 248.0 248.0 242.0
242.0 243.0 243.0 244.0 244.0 243.0 243.0 243.0 243.0 243.0 243.0 243.0
243.0 243.0 244.0 244.0 244.0 244.0 245.0 244.0 243.0 243.0 244.0 243.0
20.591 80.955 16.9192 49.1922 39.2248 65.5556 35.1554 53.4659 57.1102 
18.0 21.0 17.0 13.0 13.0
244.0 237.0 241.0 242.0 243.0 241.0 241.0 239.0 240.0 242.0 239.0 240.0
242.0 243.0 242.0 243.0 242.0 235.0 234.0 234.0 241.0 244.0 241.0 242.0
249.0 238.0 245.0 255.0 255.0 239.0 246.0 244.0 252.0 248.0 248.0 242.0
242.0 243.0 243.0 244.0 243.0 242.0 243.0 243.0 243.0 243.0 243.0 243.0
242.0 243.0 244.0 244.0 244.0 244.0 244.0 243.0 243.0 244.0 243.0 243.0
20.7273 80.955 16.9192 49.1922 39.2248 65.9259 35.1554 53.8808 57.1102 
18.0 21.0 17.0 13.0 12.0
244.0 238.0 241.0 243.0 243.0 241.0 242.0 239.0 240.0 241.0 239.0 240.0
243.0 243.0 241.0 242.0 241.0 236.0 234.0 235.0 242.0 244.0 241.0 243.0
249.0 239.0 244.0 255.0 255.0 239.0 246.0 244.0 252.0 248.0 249.0 242.0
243.0 242.0 243.0 244.0 244.0 242.0 243.0 243.0 243.0 243.0 243.0 243.0
243.0 242.0 244.0 244.0 244.0 244.0 244.0 244.0 243.0 244.0 243.0 243.0
20.7273 80.955 16.9192 49.1922 39.6124 65.9259 35.1554 53.8808 57.1102 
18.0 21.0 16.0 13.0 13.0
244.0 237.0 241.0 243.0 243.0 242.0 241.0 239.0 241.0 242.0 239.0 240.0
243.0 243.0 242.0 243.0 241.0 236.0 234.0 234.0 242.0 244.0 242.0 243.0
249.0 238.0 244.0 255.0 255.0 239.0 246.0 244.0 252.0 248.0 248.0 242.0
243.0 243.0 243.0 244.0 243.0 243.0 243.0 243.0 243.0 243.0 243.0 242.0
244.0 244.0 243.0 244.0 244.0 243.0 245.0 243.0 243.0 244.0 244.0 243.0
20.8637 81.0666 16.9192 49.1922 39.6124 65.9259 35.1554 53.8808 57.1102 
18.0 21.0 17.0 13.0 12.0
244.0 237.0 241.0 243.0 243.0 241.0 241.0 239.0 240.0 241.0 239.0 240.0
242.0 243.0 242.0 242.0 241.0 236.0 234.0 234.0 242.0 244.0 242.0 242.0
249.0 238.0 244.0 255.0 255.0 239.0 246.0 244.0 252.0 248.0 249.0 242.0
242.0 243.0 243.0 243.0 243.0 243.0 243.0 243.0 243.0 243.0 243.0 243.0
243.0 242.0 244.0 244.0 244.0 243.0 244.0 244.0 243.0 244.0 243.0 242.0
20.8637 81.0666 16.9192 49.1922 39.6124 65.9259 35.1554 53.8808 57.1102 
18.0 21.0 17.0 13.0 13.0
244.0 237.0 241.0 242.0 243.0 242.0 241.0 239.0 240.0 241.0 239.0 240.0
242.0 243.0 242.0 243.0 241.0 236.0 234.0 233.0 242.0 244.0 242.0 243.0
249.0 238.0 244.0 255.0 255.0 239.0 246.0 244.0 252.0 248.0 249.0 242.0
242.0 243.0 243.0 243.0 244.0 243.0 243.0 243.0 243.0 243.0 243.0 243.0
243.0 244.0 244.0 244.0 244.0 243.0 244.0 243.0 243.0 244.0 244.0 243.0
20.7273 81.0666 16.9192 49.1922 39.6124 66.2963 35.5285 53.8808 57.1102 
18.0 21.0 17.0 13.0 13.0
244.0 237.0 241.0 243.0 243.0 242.0 241.0 239.0 240.0 241.0 239.0 240.0
243.0 242.0 241.0 243.0 241.0 236.0 234.0 234.0 242.0 243.0 242.0 243.0
250.0 238.0 244.0 255.0 255.0 238.0 246.0 243.0 252.0 248.0 248.0 242.0
243.0 243.0 243.0 244.0 244.0 243.0 243.0 243.0 243.0 243.0 244.0 242.0
243.0 243.0 244.0 244.0 244.0 243.0 244.0 243.0 243.0 244.0 244.0 242.0
