-10000
20.1819 79.2809 16.9192 44.8678 31.4729 60 32.9166 49.7314 12.7224 
16.0 15.0 16.0 12.0 13.0
243.0 241.0 240.0 242.0 242.0 239.0 240.0 239.0 243.0 243.0 242.0 243.0
242.0 244.0 243.0 243.0 242.0 241.0 240.0 240.0 243.0 244.0 243.0 242.0
248.0 241.0 245.0 255.0 255.0 239.0 245.0 244.0 251.0 248.0 249.0 243.0
242.0 242.0 243.0 243.0 244.0 242.0 242.0 243.0 243.0 243.0 244.0 243.0
243.0 243.0 243.0 244.0 244.0 243.0 244.0 244.0 243.0 244.0 244.0 243.0
19.6364 79.1693 16.9192 44.8678 31.4729 60 33.2897 50.1463 13.7429 
16.0 15.0 16.0 12.0 12.0
243.0 241.0 240.0 242.0 242.0 238.0 239.0 239.0 243.0 243.0 242.0 243.0
243.0 243.0 243.0 244.0 242.0 241.0 240.0 240.0 243.0 243.0 244.0 244.0
248.0 241.0 245.0 255.0 255.0 239.0 246.0 244.0 252.0 248.0 249.0 243.0
242.0 243.0 243.0 243.0 244.0 243.0 242.0 243.0 243.0 243.0 243.0 243.0
243.0 243.0 244.0 244.0 244.0 243.0 244.0 244.0 243.0 244.0 244.0 242.0
19.6364 79.1693 16.9192 44.8678 31.0853 61.1111 33.2897 50.9762 31.0898 
16.0 15.0 16.0 13.0 12.0
243.0 241.0 240.0 242.0 242.0 239.0 240.0 239.0 243.0 243.0 242.0 243.0
243.0 243.0 242.0 243.0 242.0 240.0 240.0 241.0 243.0 243.0 243.0 242.0
248.0 241.0 244.0 255.0 255.0 239.0 245.0 244.0 252.0 248.0 249.0 244.0
243.0 243.0 243.0 243.0 243.0 242.0 243.0 243.0 243.0 243.0 243.0 243.0
243.0 244.0 244.0 243.0 244.0 243.0 244.0 243.0 244.0 244.0 244.0 243.0
19.7728 79.3925 17.3038 45.4084 33.0233 61.1111 33.6628 51.3912 46.9061 
17.0 16.0 16.0 13.0 13.0
244.0 242.0 240.0 242.0 242.0 239.0 239.0 239.0 243.0 243.0 242.0 242.0
243.0 243.0 243.0 243.0 242.0 241.0 239.0 239.0 243.0 243.0 244.0 243.0
247.0 242.0 245.0 255.0 255.0 239.0 245.0 244.0 252.0 248.0 249.0 243.0
243.0 242.0 243.0 244.0 244.0 242.0 244.0 242.0 243.0 243.0 244.0 243.0
243.0 243.0 243.0 244.0 244.0 243.0 244.0 244.0 242.0 244.0 244.0 244.0
19.5 79.3925 16.9192 44.8678 34.186 61.4815 34.4091 52.636 55.0694 
17.0 19.0 16.0 13.0 12.0
244.0 242.0 239.0 242.0 242.0 239.0 239.0 239.0 242.0 243.0 242.0 243.0
243.0 243.0 243.0 243.0 243.0 240.0 236.0 238.0 243.0 244.0 244.0 243.0
247.0 242.0 245.0 255.0 255.0 239.0 244.0 244.0 252.0 248.0 250.0 244.0
242.0 242.0 242.0 243.0 243.0 242.0 243.0 243.0 242.0 243.0 243.0 243.0
243.0 243.0 243.0 244.0 244.0 243.0 244.0 242.0 243.0 243.0 244.0 242.0
20.1819 79.5041 16.9192 44.8678 34.9612 62.5926 34.7822 53.8808 56.6 
17.0 21.0 16.0 13.0 12.0
244.0 241.0 239.0 242.0 242.0 238.0 239.0 239.0 243.0 243.0 241.0 243.0
243.0 243.0 242.0 242.0 242.0 239.0 234.0 236.0 243.0 243.0 244.0 242.0
247.0 243.0 246.0 255.0 255.0 239.0 245.0 244.0 252.0 248.0 250.0 244.0
243.0 243.0 242.0 244.0 243.0 242.0 243.0 242.0 243.0 243.0 243.0 242.0
243.0 243.0 244.0 244.0 244.0 244.0 244.0 242.0 243.0 243.0 244.0 243.0
20.1819 79.7273 16.9192 44.8678 35.7364 62.5926 35.1554 54.2957 57.1102 
16.0 22.0 16.0 13.0 13.0
243.0 241.0 240.0 242.0 242.0 239.0 239.0 239.0 242.0 243.0 241.0 243.0
242.0 243.0 242.0 243.0 242.0 239.0 232.0 236.0 242.0 244.0 243.0 242.0
247.0 242.0 245.0 255.0 255.0 239.0 244.0 244.0 252.0 248.0 251.0 244.0
243.0 242.0 243.0 243.0 243.0 243.0 243.0 243.0 243.0 243.0 243.0 242.0
243.0 243.0 242.0 244.0 244.0 243.0 244.0 243.0 242.0 244.0 243.0 244.0
20.591 80.0621 16.9192 44.8678 36.5116 62.963 35.5285 54.2957 57.1102 
17.0 25.0 16.0 13.0 13.0
243.0 241.0 239.0 242.0 242.0 238.0 239.0 239.0 242.0 243.0 241.0 243.0
242.0 243.0 241.0 243.0 241.0 239.0 230.0 236.0 243.0 244.0 243.0 242.0
247.0 243.0 245.0 255.0 255.0 239.0 245.0 244.0 252.0 248.0 250.0 244.0
243.0 243.0 243.0 244.0 243.0 243.0 243.0 243.0 243.0 243.0 243.0 243.0
244.0 242.0 244.0 244.0 244.0 244.0 244.0 243.0 243.0 244.0 244.0 242.0
20.591 80.0621 16.9192 44.8678 36.8992 63.3333 35.5285 55.1256 57.1102 
17.0 26.0 16.0 13.0 13.0
244.0 241.0 239.0 242.0 242.0 238.0 239.0 239.0 242.0 243.0 241.0 243.0
242.0 243.0 242.0 243.0 242.0 239.0 229.0 236.0 243.0 243.0 243.0 242.0
246.0 243.0 246.0 255.0 255.0 239.0 244.0 244.0 251.0 248.0 250.0 244.0
242.0 243.0 243.0 243.0 244.0 243.0 244.0 243.0 243.0 243.0 244.0 243.0
243.0 243.0 244.0 244.0 244.0 243.0 245.0 242.0 243.0 244.0 244.0 242.0
20.4546 80.0621 16.5346 44.8678 37.2868 63.3333 35.5285 55.1256 57.1102 
17.0 27.0 15.0 13.0 12.0
244.0 241.0 239.0 242.0 242.0 238.0 239.0 239.0 243.0 243.0 241.0 243.0
243.0 243.0 241.0 242.0 242.0 239.0 229.0 235.0 243.0 244.0 243.0 243.0
247.0 243.0 246.0 255.0 255.0 240.0 245.0 244.0 252.0 247.0 250.0 244.0
242.0 243.0 243.0 244.0 243.0 243.0 243.0 243.0 242.0 243.0 243.0 242.0
243.0 243.0 244.0 244.0 244.0 244.0 244.0 244.0 244.0 244.0 243.0 243.0
20.3182 80.0621 16.5346 44.8678 37.6744 62.5926 35.9016 55.1256 57.1102 
16.0 27.0 16.0 13.0 13.0
244.0 241.0 239.0 242.0 242.0 238.0 239.0 239.0 242.0 243.0 241.0 243.0
242.0 243.0 241.0 243.0 241.0 238.0 227.0 235.0 242.0 243.0 243.0 242.0
247.0 244.0 246.0 255.0 255.0 240.0 245.0 245.0 251.0 248.0 250.0 244.0
243.0 242.0 243.0 243.0 243.0 243.0 243.0 243.0 243.0 242.0 243.0 243.0
244.0 243.0 244.0 244.0 244.0 244.0 244.0 244.0 243.0 244.0 244.0 243.0
20.3182 80.0621 16.5346 44.8678 38.062 63.3333 35.9016 55.5405 57.6204 
16.0 29.0 15.0 13.0 14.0
243.0 241.0 239.0 242.0 242.0 238.0 240.0 239.0 242.0 243.0 241.0 242.0
242.0 244.0 242.0 242.0 241.0 238.0 227.0 234.0 242.0 244.0 243.0 242.0
246.0 244.0 246.0 255.0 255.0 239.0 245.0 244.0 252.0 248.0 249.0 244.0
243.0 242.0 243.0 243.0 243.0 243.0 244.0 243.0 243.0 243.0 243.0 243.0
243.0 243.0 243.0 244.0 244.0 243.0 244.0 243.0 244.0 244.0 244.0 242.0
20.3182 80.0621 16.5346 45.4084 38.062 63.3333 35.9016 55.5405 57.1102 
17.0 28.0 16.0 13.0 13.0
243.0 240.0 240.0 242.0 242.0 238.0 239.0 239.0 242.0 243.0 241.0 243.0
243.0 242.0 242.0 243.0 242.0 238.0 227.0 234.0 242.0 244.0 243.0 242.0
247.0 243.0 246.0 255.0 255.0 240.0 244.0 244.0 251.0 248.0 249.0 244.0
242.0 243.0 243.0 244.0 243.0 242.0 243.0 243.0 243.0 243.0 243.0 243.0
243.0 243.0 244.0 244.0 244.0 243.0 244.0 243.0 243.0 244.0 244.0 243.0
20.4546 80.1737 16.5346 45.4084 38.062 64.0741 35.9016 55.5405 57.1102 
17.0 29.0 16.0 12.0 13.0
243.0 240.0 239.0 241.0 242.0 238.0 239.0 239.0 242.0 243.0 241.0 243.0
242.0 243.0 241.0 242.0 241.0 237.0 226.0 234.0 242.0 244.0 243.0 242.0
247.0 243.0 246.0 255.0 255.0 239.0 244.0 244.0 251.0 248.0 249.0 244.0
243.0 242.0 243.0 243.0 244.0 243.0 244.0 243.0 243.0 243.0 243.0 243.0
244.0 243.0 244.0 244.0 243.0 243.0 244.0 243.0 243.0 244.0 243.0 243.0
20.4546 80.2854 16.5346 45.4084 38.062 64.4444 35.9016 55.5405 57.1102 
17.0 28.0 16.0 13.0 13.0
244.0 240.0 239.0 241.0 242.0 239.0 239.0 239.0 242.0 243.0 241.0 243.0
242.0 243.0 242.0 243.0 240.0 237.0 226.0 235.0 243.0 243.0 242.0 243.0
247.0 244.0 246.0 255.0 255.0 239.0 244.0 244.0 251.0 248.0 250.0 244.0
243.0 243.0 242.0 243.0 243.0 243.0 243.0 242.0 243.0 243.0 243.0 242.0
244.0 243.0 244.0 244.0 244.0 244.0 244.0 243.0 243.0 244.0 244.0 242.0
20.4546 80.2854 16.5346 45.4084 38.4496 64.8148 36.2748 55.9555 57.1102 
17.0 28.0 16.0 13.0 13.0
244.0 240.0 239.0 241.0 242.0 238.0 239.0 239.0 242.0 243.0 241.0 243.0
243.0 243.0 242.0 243.0 241.0 238.0 226.0 235.0 243.0 244.0 242.0 243.0
246.0 243.0 246.0 255.0 255.0 239.0 244.0 244.0 251.0 248.0 249.0 244.0
242.0 242.0 243.0 244.0 243.0 243.0 243.0 243.0 243.0 243.0 243.0 243.0
242.0 242.0 244.0 243.0 244.0 243.0 244.0 243.0 242.0 243.0 244.0 242.0
19.7728 80.2854 16.5346 45.4084 39.2248 65.1852 36.2748 55.9555 57.1102 
17.0 29.0 16.0 13.0 13.0
244.0 240.0 239.0 241.0 242.0 238.0 239.0 239.0 243.0 243.0 241.0 243.0
242.0 243.0 241.0 243.0 241.0 237.0 226.0 234.0 242.0 244.0 242.0 242.0
246.0 244.0 247.0 255.0 255.0 239.0 244.0 244.0 252.0 248.0 251.0 244.0
243.0 242.0 243.0 243.0 244.0 242.0 243.0 243.0 242.0 243.0 243.0 242.0
242.0 244.0 244.0 244.0 244.0 244.0 244.0 244.0 243.0 244.0 244.0 243.0
