-10000
19.7728 78.4996 17.3038 45.4084 34.186 60 32.9166 48.4866 11.702 
16.0 16.0 17.0 12.0 12.0
244.0 240.0 241.0 242.0 243.0 241.0 242.0 239.0 241.0 242.0 239.0 240.0
243.0 243.0 244.0 243.0 243.0 241.0 242.0 240.0 243.0 244.0 244.0 243.0
251.0 238.0 245.0 255.0 255.0 240.0 248.0 245.0 253.0 248.0 249.0 241.0
242.0 242.0 243.0 243.0 244.0 243.0 243.0 243.0 243.0 243.0 243.0 243.0
244.0 243.0 244.0 244.0 244.0 243.0 244.0 244.0 243.0 244.0 244.0 243.0
19.6364 79.0577 17.6885 45.4084 34.186 60.3704 32.9166 48.4866 13.2327 
16.0 15.0 17.0 13.0 12.0
244.0 239.0 241.0 243.0 243.0 242.0 242.0 239.0 241.0 242.0 240.0 240.0
243.0 244.0 243.0 243.0 243.0 241.0 242.0 240.0 243.0 244.0 243.0 243.0
250.0 238.0 244.0 255.0 255.0 240.0 248.0 245.0 252.0 248.0 249.0 241.0
243.0 243.0 243.0 243.0 244.0 243.0 243.0 243.0 243.0 243.0 243.0 243.0
243.0 244.0 243.0 244.0 244.0 244.0 244.0 244.0 241.0 244.0 244.0 242.0
19.9091 79.1693 17.3038 47.03 34.186 61.1111 33.2897 48.9015 32.6204 
16.0 16.0 17.0 12.0 13.0
244.0 239.0 241.0 243.0 243.0 241.0 242.0 239.0 241.0 243.0 239.0 241.0
242.0 243.0 243.0 243.0 242.0 241.0 242.0 240.0 243.0 244.0 244.0 243.0
250.0 239.0 244.0 255.0 255.0 240.0 247.0 245.0 253.0 249.0 249.0 241.0
243.0 243.0 243.0 244.0 244.0 243.0 243.0 243.0 243.0 243.0 243.0 242.0
243.0 243.0 244.0 243.0 244.0 242.0 244.0 244.0 242.0 244.0 244.0 242.0
19.7728 79.2809 17.3038 47.5705 34.186 61.4815 33.6628 49.3165 48.4367 
16.0 16.0 18.0 13.0 12.0
244.0 239.0 241.0 242.0 243.0 241.0 241.0 239.0 241.0 241.0 239.0 241.0
243.0 244.0 244.0 243.0 242.0 241.0 242.0 240.0 243.0 244.0 243.0 244.0
251.0 238.0 245.0 255.0 255.0 239.0 248.0 245.0 252.0 248.0 250.0 241.0
242.0 242.0 243.0 244.0 244.0 242.0 242.0 243.0 243.0 243.0 243.0 243.0
243.0 244.0 244.0 244.0 244.0 243.0 244.0 244.0 243.0 244.0 244.0 242.0
19.5 79.2809 17.3038 47.5705 35.3488 62.963 34.036 50.1463 55.5796 
16.0 18.0 17.0 13.0 12.0
244.0 239.0 241.0 242.0 243.0 241.0 242.0 239.0 241.0 242.0 240.0 241.0
242.0 243.0 243.0 243.0 242.0 241.0 242.0 238.0 243.0 243.0 243.0 242.0
251.0 238.0 244.0 255.0 255.0 239.0 247.0 244.0 252.0 248.0 249.0 241.0
243.0 243.0 242.0 243.0 244.0 243.0 243.0 243.0 243.0 243.0 243.0 243.0
243.0 242.0 244.0 244.0 244.0 244.0 243.0 244.0 244.0 244.0 242.0 242.0
19.3637 79.3925 17.3038 47.5705 36.124 64.0741 34.4091 51.8061 57.6204 
16.0 17.0 17.0 13.0 12.0
244.0 239.0 241.0 242.0 243.0 241.0 242.0 239.0 240.0 242.0 240.0 241.0
243.0 243.0 243.0 243.0 242.0 240.0 241.0 237.0 243.0 244.0 243.0 243.0
250.0 239.0 244.0 255.0 255.0 238.0 246.0 244.0 252.0 248.0 248.0 241.0
243.0 243.0 243.0 244.0 243.0 242.0 244.0 243.0 243.0 243.0 244.0 243.0
244.0 243.0 244.0 244.0 244.0 244.0 244.0 243.0 243.0 244.0 244.0 243.0
20.1819 79.6157 17.3038 47.5705 36.8992 64.4444 34.7822 53.0509 57.6204 
17.0 19.0 16.0 13.0 13.0
244.0 239.0 241.0 242.0 243.0 241.0 241.0 239.0 240.0 242.0 239.0 241.0
243.0 243.0 242.0 243.0 242.0 239.0 241.0 237.0 242.0 244.0 243.0 243.0
250.0 239.0 245.0 255.0 255.0 239.0 247.0 244.0 252.0 248.0 249.0 241.0
242.0 243.0 243.0 243.0 244.0 242.0 243.0 243.0 243.0 243.0 244.0 243.0
244.0 243.0 243.0 244.0 244.0 244.0 244.0 244.0 242.0 244.0 244.0 242.0
20.1819 79.7273 17.3038 47.5705 37.2868 64.4444 35.1554 53.0509 57.6204 
17.0 19.0 16.0 13.0 13.0
244.0 238.0 241.0 243.0 243.0 241.0 241.0 239.0 240.0 241.0 240.0 241.0
242.0 243.0 242.0 243.0 242.0 239.0 241.0 236.0 242.0 244.0 243.0 243.0
250.0 239.0 245.0 255.0 255.0 240.0 247.0 244.0 252.0 248.0 249.0 242.0
242.0 243.0 243.0 243.0 244.0 243.0 243.0 243.0 243.0 243.0 243.0 243.0
244.0 243.0 244.0 244.0 244.0 244.0 244.0 242.0 243.0 244.0 244.0 243.0
20.0455 79.7273 17.3038 48.1111 38.062 64.8148 35.1554 53.4659 57.6204 
17.0 19.0 16.0 13.0 13.0
244.0 238.0 241.0 243.0 243.0 241.0 241.0 239.0 240.0 242.0 240.0 241.0
243.0 243.0 242.0 243.0 241.0 239.0 240.0 235.0 242.0 244.0 243.0 242.0
250.0 239.0 245.0 255.0 255.0 239.0 246.0 244.0 252.0 248.0 249.0 242.0
243.0 242.0 243.0 244.0 243.0 243.0 243.0 242.0 243.0 243.0 243.0 243.0
243.0 244.0 244.0 244.0 244.0 243.0 244.0 244.0 242.0 244.0 244.0 243.0
19.9091 79.8389 17.3038 48.1111 38.4496 64.8148 35.5285 53.8808 57.6204 
17.0 20.0 16.0 12.0 12.0
244.0 238.0 241.0 242.0 243.0 241.0 241.0 239.0 240.0 241.0 240.0 241.0
243.0 243.0 242.0 243.0 242.0 238.0 240.0 235.0 242.0 244.0 243.0 242.0
250.0 240.0 245.0 255.0 253.0 239.0 246.0 244.0 252.0 248.0 249.0 242.0
243.0 243.0 243.0 244.0 243.0 243.0 244.0 243.0 243.0 244.0 243.0 243.0
243.0 243.0 243.0 244.0 244.0 242.0 245.0 244.0 243.0 244.0 244.0 243.0
19.9091 79.9505 17.3038 48.1111 38.4496 65.1852 35.5285 54.2957 57.6204 
18.0 20.0 16.0 13.0 13.0
244.0 238.0 241.0 243.0 243.0 241.0 242.0 239.0 241.0 241.0 240.0 241.0
243.0 243.0 242.0 243.0 241.0 238.0 240.0 235.0 241.0 243.0 242.0 242.0
250.0 240.0 245.0 255.0 255.0 239.0 245.0 244.0 252.0 248.0 249.0 242.0
243.0 243.0 243.0 243.0 244.0 243.0 243.0 243.0 243.0 243.0 243.0 243.0
243.0 244.0 243.0 244.0 244.0 244.0 243.0 243.0 243.0 244.0 244.0 243.0
20.1819 80.0621 17.3038 48.1111 38.8372 65.1852 35.5285 54.7107 57.6204 
18.0 20.0 16.0 13.0 12.0
244.0 238.0 241.0 243.0 243.0 241.0 241.0 239.0 240.0 242.0 240.0 241.0
242.0 243.0 241.0 243.0 242.0 238.0 240.0 234.0 242.0 243.0 243.0 242.0
249.0 240.0 245.0 255.0 253.0 240.0 246.0 244.0 252.0 249.0 249.0 242.0
243.0 242.0 243.0 243.0 243.0 243.0 244.0 243.0 243.0 243.0 243.0 243.0
242.0 244.0 244.0 244.0 244.0 244.0 244.0 244.0 244.0 244.0 244.0 243.0
