-10000
20.4546 76.8255 13.8423 38.3814 29.9225 61.8519 26.5733 38.1132 15.7837 
18.0 20.0 17.0 12.0 12.0
244.0 240.0 242.0 243.0 243.0 243.0 242.0 241.0 242.0 241.0 240.0 237.0
243.0 243.0 242.0 243.0 240.0 235.0 243.0 240.0 242.0 244.0 242.0 243.0
250.0 238.0 244.0 255.0 255.0 246.0 255.0 251.0 252.0 249.0 250.0 241.0
242.0 243.0 243.0 244.0 243.0 243.0 243.0 243.0 243.0 243.0 244.0 242.0
243.0 243.0 243.0 244.0 244.0 244.0 244.0 244.0 243.0 244.0 244.0 243.0
20.3182 78.1648 13.8423 39.4624 32.2481 61.8519 28.8121 38.943 16.2939 
19.0 21.0 19.0 12.0 12.0
244.0 240.0 243.0 243.0 243.0 243.0 242.0 240.0 242.0 241.0 240.0 236.0
243.0 243.0 242.0 243.0 239.0 233.0 241.0 239.0 242.0 243.0 242.0 243.0
251.0 237.0 244.0 255.0 255.0 246.0 255.0 250.0 253.0 248.0 250.0 239.0
243.0 243.0 243.0 244.0 244.0 243.0 243.0 244.0 243.0 243.0 243.0 243.0
243.0 243.0 242.0 244.0 244.0 243.0 244.0 244.0 243.0 244.0 243.0 242.0
20.591 78.4996 13.8423 41.6246 33.7984 62.2222 29.9315 42.6775 32.6204 
20.0 22.0 20.0 12.0 13.0
244.0 239.0 242.0 243.0 243.0 243.0 242.0 241.0 241.0 241.0 240.0 235.0
243.0 243.0 242.0 243.0 238.0 233.0 239.0 239.0 242.0 243.0 242.0 243.0
251.0 236.0 244.0 255.0 255.0 244.0 255.0 249.0 253.0 248.0 249.0 239.0
243.0 243.0 243.0 244.0 244.0 243.0 243.0 243.0 243.0 243.0 243.0 243.0
244.0 243.0 243.0 244.0 244.0 243.0 244.0 243.0 243.0 243.0 244.0 243.0
20.591 78.6112 13.8423 43.7868 35.7364 62.963 31.7972 44.3372 49.9673 
20.0 23.0 20.0 13.0 13.0
244.0 238.0 243.0 243.0 243.0 244.0 242.0 241.0 241.0 241.0 240.0 235.0
243.0 244.0 242.0 244.0 236.0 232.0 238.0 238.0 242.0 243.0 243.0 243.0
251.0 235.0 243.0 255.0 255.0 243.0 255.0 249.0 253.0 248.0 248.0 238.0
243.0 242.0 243.0 244.0 244.0 243.0 243.0 243.0 243.0 243.0 243.0 243.0
243.0 244.0 243.0 244.0 244.0 244.0 244.0 243.0 243.0 243.0 244.0 242.0
20.0455 78.6112 14.6115 44.3273 36.124 63.3333 32.1703 45.582 54.5592 
20.0 23.0 20.0 12.0 13.0
244.0 237.0 242.0 243.0 243.0 243.0 242.0 241.0 241.0 241.0 240.0 234.0
243.0 243.0 243.0 243.0 236.0 232.0 237.0 239.0 241.0 243.0 242.0 242.0
251.0 235.0 242.0 255.0 255.0 243.0 255.0 248.0 252.0 248.0 248.0 238.0
243.0 243.0 243.0 244.0 243.0 243.0 243.0 243.0 243.0 243.0 243.0 243.0
244.0 243.0 244.0 244.0 244.0 243.0 244.0 243.0 243.0 244.0 242.0 244.0
19.7728 78.6112 14.6115 44.8678 36.5116 64.8148 32.1703 47.2418 56.0898 
21.0 24.0 21.0 13.0 13.0
244.0 238.0 242.0 243.0 243.0 243.0 243.0 241.0 241.0 241.0 240.0 234.0
243.0 244.0 243.0 243.0 237.0 230.0 236.0 237.0 241.0 244.0 242.0 243.0
251.0 235.0 242.0 255.0 255.0 242.0 255.0 248.0 252.0 248.0 248.0 238.0
243.0 243.0 243.0 243.0 244.0 242.0 243.0 243.0 243.0 243.0 244.0 243.0
243.0 243.0 244.0 244.0 244.0 244.0 244.0 243.0 243.0 243.0 243.0 243.0
19.3637 78.7229 14.6115 47.5705 38.4496 65.1852 34.4091 47.2418 56.6 
22.0 25.0 21.0 13.0 12.0
244.0 236.0 242.0 243.0 243.0 243.0 242.0 241.0 241.0 241.0 240.0 233.0
242.0 244.0 242.0 243.0 235.0 230.0 234.0 238.0 241.0 244.0 242.0 243.0
252.0 233.0 242.0 255.0 255.0 241.0 255.0 247.0 253.0 248.0 248.0 238.0
243.0 243.0 243.0 244.0 243.0 243.0 243.0 243.0 243.0 243.0 243.0 243.0
244.0 243.0 243.0 245.0 244.0 243.0 244.0 242.0 242.0 244.0 242.0 244.0
19.3637 78.7229 14.6115 48.1111 38.4496 65.1852 34.4091 48.4866 56.6 
22.0 25.0 22.0 12.0 13.0
244.0 235.0 243.0 243.0 243.0 242.0 242.0 241.0 241.0 241.0 239.0 233.0
243.0 244.0 242.0 243.0 236.0 231.0 234.0 237.0 241.0 244.0 242.0 243.0
252.0 234.0 241.0 255.0 255.0 240.0 255.0 247.0 252.0 248.0 247.0 238.0
242.0 243.0 243.0 244.0 244.0 243.0 243.0 243.0 243.0 243.0 243.0 243.0
244.0 244.0 244.0 244.0 244.0 243.0 245.0 244.0 244.0 244.0 242.0 244.0
19.2273 78.9461 14.9962 49.1922 38.8372 65.5556 34.4091 49.3165 56.6 
22.0 25.0 21.0 12.0 13.0
244.0 235.0 242.0 242.0 243.0 242.0 242.0 241.0 241.0 241.0 239.0 233.0
243.0 243.0 242.0 243.0 235.0 230.0 234.0 238.0 242.0 243.0 242.0 243.0
252.0 234.0 242.0 255.0 255.0 240.0 255.0 247.0 252.0 248.0 248.0 237.0
242.0 243.0 243.0 243.0 244.0 243.0 243.0 243.0 243.0 243.0 243.0 243.0
243.0 243.0 244.0 244.0 244.0 244.0 244.0 242.0 243.0 244.0 242.0 242.0
19.091 78.8345 15.3808 49.1922 38.8372 65.5556 34.7822 49.3165 56.6 
22.0 24.0 21.0 12.0 13.0
244.0 235.0 242.0 243.0 243.0 242.0 242.0 241.0 240.0 241.0 240.0 232.0
242.0 243.0 242.0 243.0 235.0 231.0 233.0 237.0 241.0 244.0 242.0 242.0
251.0 234.0 241.0 255.0 255.0 239.0 255.0 246.0 252.0 248.0 248.0 237.0
243.0 243.0 243.0 244.0 244.0 243.0 243.0 243.0 243.0 243.0 243.0 243.0
243.0 244.0 244.0 244.0 244.0 244.0 243.0 242.0 243.0 244.0 243.0 242.0
19.091 78.9461 15.3808 49.1922 39.2248 65.5556 35.1554 50.1463 56.6 
23.0 24.0 22.0 13.0 12.0
244.0 235.0 242.0 242.0 243.0 243.0 242.0 241.0 241.0 241.0 239.0 233.0
242.0 243.0 242.0 243.0 235.0 230.0 233.0 237.0 241.0 243.0 242.0 242.0
252.0 233.0 242.0 255.0 255.0 240.0 255.0 245.0 253.0 248.0 248.0 237.0
243.0 242.0 243.0 244.0 244.0 243.0 243.0 243.0 243.0 243.0 244.0 243.0
243.0 244.0 243.0 244.0 244.0 243.0 244.0 244.0 243.0 244.0 243.0 242.0
19.091 79.1693 15.3808 49.1922 39.2248 65.5556 35.1554 50.9762 57.1102 
22.0 25.0 22.0 13.0 13.0
244.0 235.0 242.0 243.0 243.0 242.0 242.0 241.0 241.0 241.0 239.0 232.0
242.0 243.0 242.0 244.0 234.0 230.0 233.0 237.0 242.0 243.0 242.0 243.0
251.0 233.0 242.0 255.0 255.0 238.0 255.0 246.0 253.0 248.0 248.0 237.0
243.0 243.0 243.0 244.0 243.0 243.0 243.0 243.0 243.0 243.0 243.0 242.0
243.0 244.0 244.0 244.0 244.0 244.0 244.0 243.0 243.0 244.0 243.0 242.0
19.2273 79.1693 15.3808 49.1922 39.6124 65.5556 35.1554 51.3912 57.1102 
23.0 25.0 22.0 12.0 13.0
244.0 235.0 242.0 243.0 243.0 242.0 242.0 241.0 241.0 241.0 240.0 232.0
243.0 244.0 242.0 243.0 234.0 230.0 233.0 237.0 242.0 243.0 242.0 242.0
251.0 233.0 242.0 255.0 255.0 239.0 255.0 245.0 252.0 248.0 248.0 238.0
243.0 242.0 243.0 244.0 244.0 243.0 243.0 243.0 243.0 243.0 244.0 243.0
243.0 244.0 243.0 244.0 244.0 244.0 244.0 242.0 243.0 244.0 243.0 244.0
19.2273 79.1693 15.3808 49.7327 39.6124 65.5556 35.1554 51.3912 57.1102 
23.0 24.0 22.0 12.0 13.0
244.0 235.0 242.0 243.0 243.0 242.0 242.0 240.0 241.0 241.0 240.0 233.0
242.0 244.0 241.0 244.0 234.0 230.0 232.0 238.0 241.0 244.0 242.0 243.0
252.0 233.0 241.0 255.0 255.0 238.0 255.0 245.0 252.0 248.0 247.0 237.0
243.0 243.0 244.0 244.0 244.0 243.0 243.0 243.0 243.0 243.0 243.0 243.0
243.0 243.0 244.0 244.0 244.0 244.0 244.0 243.0 244.0 244.0 243.0 242.0
19.5 79.1693 15.3808 49.7327 39.6124 65.9259 35.5285 51.8061 57.1102 
22.0 25.0 22.0 12.0 13.0
244.0 234.0 242.0 242.0 243.0 242.0 242.0 241.0 241.0 241.0 240.0 233.0
243.0 243.0 242.0 244.0 234.0 230.0 231.0 238.0 242.0 243.0 242.0 243.0
252.0 233.0 242.0 255.0 255.0 237.0 255.0 245.0 252.0 247.0 248.0 236.0
243.0 242.0 243.0 243.0 244.0 243.0 243.0 243.0 243.0 243.0 244.0 243.0
243.0 243.0 244.0 244.0 244.0 244.0 244.0 242.0 243.0 244.0 244.0 243.0
19.7728 79.2809 15.3808 49.7327 39.6124 65.9259 35.5285 51.8061 57.1102 
23.0 25.0 21.0 12.0 12.0
244.0 234.0 242.0 243.0 243.0 242.0 242.0 241.0 241.0 240.0 240.0 233.0
242.0 242.0 243.0 243.0 235.0 231.0 230.0 237.0 242.0 243.0 243.0 244.0
252.0 233.0 242.0 255.0 255.0 238.0 253.0 245.0 252.0 248.0 248.0 237.0
243.0 242.0 243.0 244.0 244.0 243.0 243.0 243.0 243.0 243.0 244.0 243.0
243.0 243.0 243.0 244.0 245.0 244.0 244.0 242.0 244.0 244.0 244.0 243.0
20.4546 79.2809 15.3808 49.7327 39.6124 65.9259 35.9016 52.636 57.1102 
23.0 25.0 22.0 12.0 13.0
244.0 235.0 241.0 243.0 243.0 242.0 242.0 241.0 241.0 241.0 239.0 233.0
243.0 243.0 242.0 243.0 235.0 230.0 230.0 237.0 241.0 244.0 242.0 242.0
252.0 233.0 241.0 255.0 255.0 238.0 253.0 244.0 252.0 248.0 248.0 237.0
243.0 243.0 243.0 244.0 244.0 243.0 244.0 243.0 243.0 243.0 243.0 243.0
242.0 243.0 244.0 243.0 244.0 244.0 244.0 241.0 243.0 244.0 243.0 243.0
