-10000
19.9091 79.5041 20.7654 55.1381 39.6124 68.5185 35.9016 57.2003 18.3347 
13.0 14.0 11.0 13.0 12.0
243.0 243.0 242.0 242.0 243.0 242.0 242.0 242.0 243.0 243.0 243.0 244.0
243.0 243.0 243.0 243.0 242.0 242.0 241.0 241.0 242.0 243.0 242.0 243.0
243.0 245.0 244.0 244.0 245.0 245.0 246.0 247.0 248.0 244.0 245.0 244.0
242.0 243.0 243.0 243.0 244.0 242.0 243.0 243.0 243.0 243.0 243.0 242.0
243.0 243.0 243.0 244.0 244.0 243.0 244.0 243.0 242.0 244.0 244.0 244.0
20.0455 79.5041 20.7654 55.6786 40.3876 69.2593 35.9016 57.6152 19.3551 
14.0 15.0 12.0 13.0 13.0
243.0 243.0 242.0 242.0 243.0 242.0 242.0 241.0 243.0 243.0 243.0 244.0
243.0 243.0 242.0 243.0 243.0 242.0 241.0 241.0 242.0 244.0 242.0 243.0
243.0 244.0 244.0 244.0 246.0 245.0 246.0 247.0 247.0 244.0 245.0 244.0
242.0 243.0 243.0 244.0 243.0 242.0 243.0 243.0 242.0 243.0 243.0 242.0
242.0 243.0 244.0 244.0 244.0 243.0 244.0 243.0 242.0 243.0 244.0 243.0
20.591 79.6157 20.7654 55.6786 40.3876 69.2593 35.9016 57.6152 32.1102 
14.0 15.0 11.0 13.0 13.0
243.0 243.0 242.0 242.0 242.0 243.0 242.0 242.0 243.0 243.0 243.0 244.0
243.0 243.0 243.0 243.0 243.0 242.0 242.0 241.0 242.0 243.0 243.0 243.0
243.0 245.0 244.0 244.0 246.0 246.0 246.0 247.0 248.0 245.0 244.0 244.0
243.0 243.0 243.0 243.0 244.0 242.0 243.0 243.0 242.0 243.0 243.0 243.0
243.0 243.0 242.0 244.0 243.0 244.0 244.0 242.0 243.0 243.0 244.0 242.0
21 79.6157 21.15 55.6786 40.3876 69.2593 35.9016 57.6152 44.8653 
14.0 14.0 12.0 13.0 12.0
243.0 243.0 242.0 242.0 242.0 242.0 241.0 242.0 243.0 243.0 243.0 244.0
242.0 244.0 242.0 243.0 243.0 242.0 241.0 240.0 242.0 243.0 242.0 243.0
243.0 244.0 244.0 244.0 246.0 245.0 247.0 249.0 247.0 244.0 245.0 244.0
243.0 242.0 243.0 244.0 243.0 243.0 243.0 243.0 243.0 243.0 243.0 242.0
242.0 242.0 243.0 244.0 244.0 243.0 244.0 242.0 243.0 243.0 244.0 243.0
21.1364 79.5041 20.7654 55.1381 40.3876 69.2593 35.9016 57.6152 51.498 
14.0 14.0 11.0 13.0 12.0
243.0 243.0 242.0 242.0 242.0 242.0 241.0 242.0 243.0 243.0 243.0 244.0
243.0 243.0 243.0 242.0 243.0 242.0 241.0 241.0 242.0 243.0 242.0 243.0
243.0 244.0 244.0 244.0 246.0 245.0 246.0 248.0 248.0 244.0 244.0 244.0
243.0 242.0 243.0 243.0 243.0 243.0 243.0 243.0 242.0 243.0 243.0 242.0
244.0 242.0 244.0 244.0 243.0 244.0 244.0 242.0 243.0 244.0 243.0 243.0
20.8637 79.9505 21.15 55.6786 40.3876 69.2593 35.9016 57.6152 56.6 
13.0 14.0 11.0 13.0 13.0
243.0 243.0 242.0 242.0 243.0 242.0 242.0 242.0 243.0 243.0 243.0 244.0
243.0 243.0 242.0 243.0 243.0 242.0 241.0 241.0 243.0 243.0 243.0 243.0
244.0 244.0 244.0 244.0 246.0 246.0 246.0 248.0 247.0 245.0 245.0 244.0
242.0 243.0 243.0 243.0 244.0 243.0 243.0 243.0 243.0 243.0 243.0 243.0
243.0 244.0 243.0 244.0 244.0 243.0 244.0 243.0 243.0 244.0 243.0 243.0
