-10000
20.1819 79.6157 21.9192 55.1381 39.6124 69.2593 35.9016 57.2003 18.3347 
14.0 15.0 11.0 12.0 13.0
243.0 243.0 242.0 242.0 243.0 242.0 241.0 242.0 243.0 243.0 243.0 244.0
242.0 243.0 242.0 243.0 242.0 242.0 242.0 241.0 243.0 243.0 243.0 243.0
244.0 244.0 244.0 244.0 246.0 245.0 246.0 248.0 248.0 244.0 245.0 245.0
243.0 243.0 243.0 244.0 244.0 242.0 243.0 242.0 243.0 243.0 243.0 242.0
242.0 243.0 243.0 244.0 244.0 243.0 243.0 243.0 243.0 243.0 243.0 242.0
19.9091 79.6157 21.9192 55.1381 40 69.2593 35.9016 57.6152 19.8653 
13.0 14.0 12.0 13.0 13.0
244.0 242.0 242.0 242.0 242.0 242.0 241.0 241.0 243.0 243.0 243.0 244.0
243.0 243.0 242.0 243.0 242.0 242.0 241.0 240.0 243.0 243.0 242.0 243.0
243.0 244.0 244.0 244.0 246.0 246.0 247.0 248.0 248.0 244.0 245.0 244.0
243.0 242.0 243.0 243.0 243.0 242.0 244.0 243.0 242.0 244.0 244.0 243.0
244.0 243.0 244.0 244.0 244.0 244.0 244.0 243.0 243.0 243.0 244.0 242.0
20.1819 79.5041 21.9192 55.1381 40 69.2593 35.9016 57.6152 33.6408 
13.0 15.0 12.0 13.0 13.0
243.0 243.0 242.0 242.0 243.0 243.0 242.0 241.0 242.0 243.0 243.0 244.0
243.0 243.0 243.0 243.0 243.0 242.0 241.0 241.0 243.0 243.0 242.0 243.0
244.0 245.0 244.0 244.0 246.0 246.0 247.0 248.0 248.0 245.0 245.0 244.0
242.0 242.0 243.0 243.0 244.0 243.0 243.0 243.0 243.0 243.0 243.0 243.0
242.0 243.0 243.0 244.0 244.0 243.0 244.0 243.0 244.0 244.0 244.0 243.0
20.4546 79.9505 21.9192 55.1381 40 69.2593 35.9016 58.0302 45.8857 
13.0 15.0 11.0 13.0 13.0
243.0 243.0 242.0 242.0 242.0 242.0 242.0 241.0 243.0 243.0 243.0 244.0
243.0 243.0 243.0 243.0 243.0 242.0 242.0 240.0 242.0 244.0 242.0 243.0
244.0 244.0 244.0 244.0 246.0 246.0 247.0 248.0 248.0 244.0 245.0 244.0
243.0 242.0 243.0 244.0 243.0 242.0 243.0 243.0 243.0 243.0 243.0 242.0
243.0 243.0 243.0 244.0 244.0 243.0 244.0 243.0 243.0 244.0 244.0 242.0
20.8637 80.397 22.3038 55.6786 40 69.2593 36.2748 57.6152 52.5184 
14.0 14.0 11.0 13.0 12.0
243.0 243.0 242.0 242.0 242.0 242.0 242.0 241.0 243.0 243.0 243.0 244.0
242.0 244.0 242.0 243.0 242.0 242.0 241.0 241.0 242.0 243.0 242.0 243.0
243.0 244.0 244.0 244.0 246.0 245.0 246.0 248.0 248.0 245.0 246.0 244.0
243.0 242.0 243.0 244.0 244.0 242.0 243.0 243.0 243.0 243.0 243.0 243.0
244.0 243.0 244.0 244.0 244.0 244.0 244.0 243.0 242.0 243.0 244.0 243.0
