-10000
20.0455 79.9505 23.0731 28.6516 36.124 51.8519 36.2748 44.7522 83.1306 
12.0 14.0 12.0 12.0 12.0
243.0 243.0 243.0 244.0 244.0 243.0 243.0 244.0 243.0 244.0 244.0 244.0
244.0 244.0 241.0 244.0 244.0 243.0 244.0 242.0 244.0 243.0 243.0 243.0
244.0 245.0 244.0 245.0 244.0 244.0 244.0 244.0 244.0 244.0 243.0 243.0
243.0 244.0 244.0 244.0 244.0 243.0 244.0 244.0 243.0 244.0 244.0 244.0
243.0 244.0 244.0 244.0 244.0 244.0 244.0 244.0 244.0 243.0 244.0 244.0
20.0455 79.8389 23.0731 29.1922 37.2868 51.8519 37.021 44.7522 83.1306 
12.0 13.0 12.0 12.0 12.0
244.0 244.0 244.0 244.0 244.0 243.0 243.0 243.0 243.0 244.0 244.0 244.0
244.0 244.0 243.0 244.0 244.0 243.0 243.0 242.0 243.0 244.0 243.0 244.0
245.0 244.0 244.0 245.0 244.0 244.0 244.0 244.0 244.0 244.0 244.0 244.0
244.0 243.0 244.0 244.0 244.0 244.0 243.0 243.0 244.0 244.0 244.0 243.0
244.0 244.0 245.0 244.0 245.0 244.0 244.0 243.0 244.0 244.0 243.0 243.0
19.6364 79.8389 23.0731 29.1922 37.2868 51.8519 37.021 44.7522 83.1306 
12.0 13.0 12.0 12.0 11.0
244.0 243.0 244.0 244.0 243.0 243.0 244.0 244.0 243.0 244.0 244.0 244.0
244.0 244.0 242.0 244.0 244.0 242.0 244.0 242.0 243.0 244.0 243.0 244.0
244.0 244.0 244.0 245.0 243.0 244.0 244.0 244.0 244.0 244.0 244.0 242.0
243.0 243.0 243.0 243.0 243.0 244.0 244.0 244.0 243.0 244.0 243.0 243.0
243.0 244.0 245.0 244.0 245.0 244.0 244.0 244.0 244.0 244.0 244.0 244.0
19.7728 79.8389 23.0731 29.1922 37.2868 51.8519 37.021 44.7522 83.1306 
12.0 12.0 12.0 12.0 12.0
244.0 244.0 243.0 244.0 244.0 243.0 243.0 243.0 244.0 244.0 244.0 244.0
244.0 244.0 243.0 244.0 243.0 243.0 244.0 242.0 244.0 244.0 243.0 244.0
244.0 245.0 244.0 245.0 243.0 244.0 244.0 244.0 244.0 244.0 243.0 243.0
243.0 244.0 244.0 243.0 243.0 243.0 244.0 244.0 243.0 244.0 244.0 243.0
244.0 244.0 244.0 244.0 245.0 244.0 244.0 244.0 244.0 244.0 243.0 244.0
