-10000
20.1819 79.9505 25.7654 29.1922 36.5116 51.8519 36.6479 44.7522 83.1306 
12.0 13.0 12.0 12.0 13.0
243.0 243.0 244.0 243.0 243.0 243.0 243.0 244.0 243.0 244.0 244.0 244.0
244.0 244.0 242.0 244.0 244.0 242.0 244.0 242.0 244.0 244.0 243.0 244.0
244.0 244.0 244.0 245.0 244.0 244.0 244.0 244.0 244.0 243.0 244.0 243.0
244.0 243.0 244.0 243.0 244.0 244.0 244.0 244.0 243.0 244.0 244.0 243.0
243.0 244.0 244.0 243.0 245.0 244.0 244.0 243.0 244.0 243.0 243.0 243.0
19.7728 79.8389 25.7654 29.1922 36.5116 51.8519 36.6479 44.7522 83.1306 
12.0 13.0 12.0 12.0 12.0
243.0 244.0 243.0 244.0 244.0 243.0 243.0 243.0 243.0 244.0 244.0 244.0
244.0 243.0 242.0 244.0 244.0 242.0 243.0 242.0 244.0 244.0 243.0 244.0
244.0 244.0 244.0 246.0 244.0 244.0 245.0 244.0 244.0 244.0 244.0 243.0
244.0 243.0 243.0 243.0 244.0 243.0 244.0 244.0 244.0 244.0 244.0 244.0
244.0 244.0 244.0 244.0 245.0 244.0 244.0 243.0 244.0 244.0 243.0 244.0
20.0455 79.8389 25.7654 29.1922 36.5116 51.8519 36.6479 44.7522 83.1306 
12.0 13.0 12.0 12.0 12.0
243.0 243.0 243.0 244.0 244.0 243.0 244.0 243.0 243.0 244.0 244.0 244.0
244.0 243.0 242.0 244.0 244.0 242.0 243.0 242.0 243.0 244.0 242.0 244.0
245.0 244.0 244.0 245.0 244.0 244.0 244.0 244.0 244.0 244.0 244.0 243.0
244.0 243.0 243.0 243.0 243.0 243.0 244.0 243.0 244.0 244.0 244.0 244.0
243.0 243.0 244.0 244.0 245.0 243.0 244.0 243.0 245.0 244.0 243.0 242.0
20.4546 80.0621 25.7654 29.1922 36.5116 51.8519 36.6479 44.7522 83.1306 
12.0 13.0 12.0 12.0 13.0
244.0 244.0 244.0 244.0 243.0 244.0 243.0 244.0 244.0 244.0 244.0 244.0
244.0 244.0 242.0 244.0 244.0 242.0 243.0 242.0 244.0 244.0 243.0 244.0
244.0 245.0 244.0 245.0 244.0 245.0 244.0 244.0 244.0 244.0 244.0 243.0
244.0 243.0 244.0 244.0 244.0 243.0 244.0 243.0 243.0 244.0 244.0 244.0
243.0 243.0 244.0 244.0 246.0 244.0 244.0 243.0 245.0 244.0 243.0 243.0
