-10000
20.591 79.5041 21.15 56.2192 39.6124 68.5185 35.9016 56.7854 18.3347 
13.0 15.0 12.0 13.0 12.0
243.0 243.0 242.0 242.0 243.0 242.0 242.0 242.0 243.0 243.0 243.0 244.0
243.0 243.0 242.0 243.0 243.0 241.0 241.0 240.0 242.0 243.0 242.0 243.0
244.0 244.0 244.0 245.0 246.0 246.0 247.0 248.0 248.0 245.0 245.0 244.0
243.0 242.0 243.0 243.0 243.0 242.0 243.0 243.0 243.0 243.0 243.0 242.0
244.0 244.0 244.0 244.0 244.0 244.0 244.0 244.0 243.0 244.0 244.0 243.0
20.3182 80.0621 21.15 56.2192 39.6124 69.2593 35.9016 58.4451 19.8653 
14.0 15.0 11.0 13.0 13.0
243.0 243.0 242.0 242.0 242.0 242.0 242.0 241.0 243.0 243.0 243.0 244.0
242.0 243.0 243.0 242.0 242.0 242.0 242.0 240.0 242.0 243.0 243.0 243.0
244.0 245.0 244.0 245.0 245.0 246.0 246.0 248.0 248.0 245.0 245.0 244.0
242.0 242.0 243.0 243.0 243.0 243.0 243.0 243.0 243.0 243.0 243.0 243.0
244.0 244.0 244.0 245.0 244.0 244.0 244.0 243.0 243.0 244.0 245.0 243.0
20.3182 80.1737 21.15 56.2192 39.6124 69.2593 35.9016 58.0302 33.6408 
13.0 15.0 11.0 13.0 13.0
243.0 243.0 242.0 242.0 242.0 242.0 242.0 242.0 243.0 243.0 243.0 244.0
242.0 243.0 243.0 242.0 243.0 242.0 241.0 240.0 242.0 243.0 242.0 242.0
244.0 244.0 244.0 244.0 246.0 246.0 247.0 249.0 248.0 245.0 245.0 244.0
242.0 242.0 243.0 243.0 243.0 242.0 243.0 243.0 243.0 243.0 243.0 243.0
242.0 243.0 243.0 244.0 243.0 243.0 244.0 242.0 242.0 244.0 243.0 243.0
20.8637 80.2854 21.15 56.2192 39.6124 69.2593 35.9016 58.4451 46.3959 
14.0 14.0 11.0 13.0 13.0
243.0 243.0 242.0 242.0 242.0 242.0 241.0 242.0 243.0 243.0 243.0 244.0
243.0 243.0 242.0 243.0 242.0 242.0 241.0 240.0 242.0 244.0 242.0 243.0
243.0 244.0 244.0 245.0 247.0 246.0 246.0 249.0 248.0 244.0 244.0 244.0
242.0 242.0 243.0 243.0 243.0 243.0 243.0 243.0 243.0 243.0 243.0 243.0
243.0 243.0 243.0 243.0 243.0 243.0 244.0 243.0 243.0 243.0 244.0 242.0
21.1364 80.2854 21.15 56.2192 39.6124 69.2593 35.9016 58.4451 53.0286 
13.0 15.0 12.0 13.0 13.0
243.0 243.0 242.0 242.0 242.0 242.0 242.0 242.0 242.0 243.0 243.0 244.0
242.0 243.0 243.0 243.0 242.0 241.0 242.0 240.0 242.0 243.0 242.0 243.0
244.0 244.0 244.0 245.0 246.0 246.0 247.0 249.0 248.0 245.0 245.0 244.0
242.0 242.0 243.0 243.0 244.0 243.0 243.0 243.0 243.0 243.0 243.0 243.0
243.0 243.0 243.0 244.0 244.0 243.0 244.0 242.0 244.0 244.0 244.0 243.0
