-10000
20.4546 79.5041 21.9192 55.1381 39.6124 68.8889 36.6479 56.7854 18.3347 
14.0 15.0 11.0 13.0 13.0
243.0 243.0 242.0 242.0 242.0 242.0 241.0 241.0 243.0 243.0 243.0 244.0
243.0 243.0 242.0 243.0 242.0 242.0 241.0 240.0 243.0 243.0 242.0 242.0
243.0 245.0 244.0 244.0 246.0 246.0 247.0 248.0 249.0 244.0 245.0 244.0
242.0 243.0 242.0 243.0 244.0 242.0 242.0 243.0 243.0 242.0 243.0 242.0
243.0 243.0 244.0 243.0 243.0 243.0 244.0 243.0 243.0 243.0 244.0 242.0
19.9091 79.9505 22.3038 55.1381 40 69.2593 36.6479 57.2003 19.3551 
14.0 14.0 11.0 13.0 13.0
243.0 243.0 242.0 242.0 242.0 243.0 242.0 241.0 242.0 243.0 243.0 244.0
243.0 243.0 242.0 243.0 242.0 242.0 241.0 240.0 242.0 243.0 242.0 243.0
244.0 245.0 245.0 245.0 247.0 247.0 247.0 248.0 248.0 245.0 245.0 244.0
242.0 242.0 242.0 244.0 243.0 243.0 243.0 243.0 242.0 243.0 243.0 242.0
242.0 243.0 244.0 243.0 243.0 243.0 244.0 244.0 243.0 244.0 243.0 243.0
20.0455 80.1737 22.3038 55.1381 40 68.8889 36.6479 57.2003 33.6408 
13.0 16.0 11.0 13.0 13.0
243.0 243.0 242.0 242.0 242.0 242.0 242.0 241.0 243.0 243.0 243.0 244.0
242.0 243.0 242.0 243.0 242.0 241.0 241.0 240.0 242.0 243.0 243.0 243.0
244.0 245.0 245.0 245.0 246.0 246.0 247.0 248.0 249.0 245.0 245.0 244.0
242.0 243.0 243.0 244.0 243.0 242.0 243.0 243.0 243.0 243.0 243.0 242.0
243.0 243.0 244.0 244.0 244.0 243.0 244.0 243.0 242.0 243.0 243.0 241.0
20.591 80.2854 22.3038 55.6786 40 69.2593 37.021 58.0302 45.8857 
13.0 15.0 12.0 13.0 13.0
244.0 243.0 242.0 242.0 243.0 242.0 241.0 242.0 243.0 243.0 243.0 244.0
242.0 244.0 242.0 243.0 243.0 242.0 241.0 240.0 242.0 243.0 243.0 243.0
244.0 245.0 244.0 245.0 246.0 246.0 247.0 248.0 248.0 245.0 245.0 244.0
242.0 243.0 243.0 243.0 243.0 242.0 243.0 243.0 243.0 243.0 243.0 242.0
243.0 243.0 243.0 243.0 244.0 242.0 244.0 244.0 242.0 243.0 244.0 242.0
21 80.2854 22.3038 55.6786 40 68.8889 36.6479 57.2003 52.0082 
14.0 14.0 12.0 13.0 12.0
243.0 243.0 242.0 242.0 242.0 242.0 241.0 242.0 243.0 243.0 243.0 244.0
243.0 243.0 242.0 243.0 242.0 242.0 242.0 240.0 242.0 244.0 243.0 242.0
244.0 244.0 244.0 244.0 246.0 246.0 247.0 249.0 248.0 244.0 244.0 244.0
242.0 243.0 243.0 244.0 243.0 242.0 243.0 243.0 243.0 243.0 243.0 243.0
243.0 243.0 244.0 244.0 244.0 243.0 244.0 243.0 242.0 244.0 243.0 243.0
