-10000
20.3182 79.6157 21.15 55.1381 40.3876 68.8889 35.9016 56.3704 18.3347 
13.0 14.0 12.0 13.0 12.0
243.0 243.0 243.0 242.0 242.0 242.0 242.0 242.0 243.0 243.0 243.0 244.0
243.0 243.0 242.0 243.0 242.0 242.0 241.0 241.0 242.0 243.0 242.0 243.0
243.0 244.0 244.0 244.0 246.0 246.0 246.0 248.0 248.0 245.0 245.0 244.0
242.0 242.0 243.0 244.0 244.0 242.0 243.0 243.0 243.0 243.0 243.0 243.0
243.0 243.0 244.0 244.0 244.0 244.0 243.0 244.0 243.0 244.0 243.0 243.0
20.4546 79.6157 21.15 55.1381 40.3876 69.2593 36.6479 57.6152 19.8653 
14.0 14.0 12.0 13.0 13.0
243.0 243.0 242.0 242.0 242.0 242.0 242.0 242.0 243.0 243.0 243.0 244.0
243.0 243.0 243.0 243.0 242.0 242.0 241.0 240.0 243.0 243.0 242.0 243.0
243.0 245.0 244.0 244.0 246.0 246.0 246.0 248.0 248.0 244.0 245.0 244.0
242.0 242.0 243.0 243.0 243.0 243.0 243.0 243.0 243.0 243.0 243.0 243.0
242.0 243.0 244.0 243.0 244.0 244.0 243.0 243.0 243.0 242.0 244.0 243.0
20.3182 80.1737 21.15 55.1381 40.3876 69.2593 36.6479 57.6152 34.6612 
14.0 14.0 11.0 13.0 13.0
243.0 243.0 243.0 242.0 242.0 242.0 242.0 241.0 243.0 243.0 243.0 244.0
243.0 243.0 242.0 243.0 243.0 242.0 242.0 240.0 242.0 243.0 242.0 243.0
243.0 244.0 244.0 244.0 246.0 246.0 246.0 248.0 248.0 245.0 245.0 244.0
242.0 243.0 243.0 243.0 244.0 242.0 243.0 243.0 243.0 243.0 243.0 242.0
243.0 243.0 243.0 243.0 244.0 243.0 243.0 243.0 244.0 242.0 244.0 243.0
20.4546 80.2854 21.15 55.6786 40.3876 69.2593 36.6479 57.6152 46.3959 
14.0 14.0 11.0 13.0 13.0
243.0 243.0 242.0 242.0 242.0 242.0 242.0 242.0 243.0 243.0 243.0 244.0
243.0 243.0 243.0 243.0 243.0 242.0 241.0 240.0 242.0 243.0 242.0 243.0
243.0 244.0 244.0 244.0 245.0 246.0 246.0 248.0 248.0 244.0 245.0 244.0
243.0 243.0 243.0 244.0 243.0 243.0 243.0 243.0 243.0 243.0 243.0 243.0
242.0 244.0 244.0 244.0 244.0 243.0 244.0 243.0 243.0 243.0 243.0 243.0
21 80.397 21.15 55.6786 40.3876 69.2593 36.6479 57.6152 52.5184 
13.0 15.0 12.0 13.0 13.0
243.0 243.0 242.0 242.0 243.0 242.0 241.0 242.0 243.0 243.0 243.0 244.0
242.0 243.0 243.0 243.0 243.0 242.0 242.0 240.0 242.0 243.0 242.0 243.0
244.0 244.0 245.0 244.0 246.0 245.0 246.0 248.0 248.0 245.0 244.0 244.0
243.0 243.0 243.0 243.0 243.0 243.0 243.0 243.0 243.0 242.0 243.0 243.0
242.0 243.0 243.0 243.0 244.0 244.0 244.0 243.0 243.0 243.0 244.0 243.0
