-10000
19.6364 79.5041 21.15 55.6786 40 69.2593 36.2748 56.7854 18.3347 
14.0 14.0 12.0 13.0 12.0
243.0 243.0 242.0 242.0 243.0 242.0 242.0 242.0 243.0 243.0 243.0 244.0
243.0 243.0 243.0 243.0 242.0 242.0 242.0 241.0 242.0 243.0 242.0 243.0
243.0 245.0 244.0 244.0 246.0 245.0 246.0 248.0 248.0 245.0 245.0 244.0
242.0 242.0 243.0 244.0 243.0 243.0 243.0 243.0 242.0 242.0 243.0 243.0
243.0 243.0 243.0 244.0 244.0 243.0 243.0 243.0 243.0 243.0 244.0 242.0
20.591 79.7273 21.15 55.1381 40.7752 69.6296 37.021 57.2003 18.8449 
13.0 15.0 11.0 13.0 13.0
243.0 243.0 242.0 242.0 243.0 242.0 241.0 242.0 243.0 243.0 243.0 244.0
243.0 243.0 242.0 243.0 243.0 242.0 241.0 241.0 242.0 244.0 243.0 243.0
244.0 245.0 244.0 244.0 246.0 246.0 246.0 248.0 248.0 244.0 245.0 244.0
243.0 243.0 243.0 243.0 244.0 243.0 243.0 243.0 243.0 243.0 243.0 243.0
244.0 244.0 244.0 244.0 244.0 244.0 244.0 243.0 243.0 244.0 244.0 244.0
20.8637 79.7273 21.15 55.1381 40.7752 69.6296 37.021 57.6152 32.6204 
14.0 14.0 11.0 13.0 12.0
243.0 243.0 242.0 242.0 242.0 242.0 241.0 242.0 243.0 243.0 243.0 244.0
243.0 243.0 242.0 243.0 242.0 241.0 241.0 241.0 243.0 243.0 242.0 243.0
243.0 244.0 244.0 244.0 246.0 246.0 247.0 248.0 248.0 244.0 245.0 244.0
243.0 242.0 243.0 244.0 243.0 242.0 243.0 243.0 243.0 243.0 243.0 242.0
243.0 244.0 244.0 244.0 244.0 243.0 243.0 242.0 243.0 244.0 244.0 243.0
20.8637 79.5041 21.15 55.1381 40.3876 69.6296 37.021 57.6152 45.3755 
14.0 15.0 12.0 13.0 13.0
243.0 243.0 242.0 242.0 242.0 242.0 242.0 242.0 243.0 243.0 243.0 244.0
242.0 243.0 242.0 243.0 242.0 242.0 242.0 240.0 242.0 244.0 242.0 243.0
243.0 244.0 244.0 244.0 246.0 246.0 247.0 248.0 248.0 245.0 245.0 245.0
243.0 243.0 243.0 244.0 243.0 243.0 243.0 243.0 243.0 243.0 243.0 243.0
243.0 244.0 243.0 244.0 243.0 243.0 243.0 243.0 243.0 243.0 244.0 242.0
21 79.5041 21.15 55.1381 40.3876 69.2593 37.021 57.6152 52.0082 
14.0 15.0 12.0 13.0 13.0
243.0 242.0 242.0 242.0 242.0 242.0 241.0 242.0 243.0 243.0 243.0 244.0
243.0 243.0 243.0 243.0 243.0 242.0 242.0 240.0 242.0 243.0 243.0 243.0
243.0 244.0 244.0 244.0 246.0 245.0 247.0 248.0 248.0 244.0 244.0 244.0
242.0 243.0 243.0 244.0 243.0 242.0 243.0 243.0 243.0 243.0 243.0 243.0
243.0 244.0 244.0 244.0 243.0 243.0 244.0 243.0 242.0 243.0 244.0 243.0
21 80.2854 21.15 55.1381 40.3876 70 37.021 57.6152 56.6 
14.0 14.0 11.0 13.0 13.0
243.0 242.0 243.0 242.0 242.0 243.0 242.0 241.0 243.0 243.0 243.0 244.0
243.0 244.0 242.0 243.0 242.0 242.0 241.0 241.0 242.0 243.0 242.0 243.0
243.0 244.0 244.0 244.0 246.0 245.0 246.0 248.0 248.0 245.0 245.0 244.0
243.0 243.0 243.0 244.0 243.0 243.0 243.0 243.0 243.0 243.0 243.0 243.0
242.0 243.0 243.0 244.0 244.0 243.0 244.0 243.0 243.0 243.0 243.0 242.0
