-10000
20.591 79.5041 21.5346 55.1381 40.3876 69.2593 35.9016 55.9555 18.3347 
14.0 14.0 11.0 13.0 12.0
243.0 243.0 242.0 242.0 242.0 242.0 241.0 242.0 243.0 243.0 243.0 244.0
243.0 243.0 242.0 243.0 243.0 242.0 242.0 241.0 242.0 243.0 242.0 243.0
244.0 244.0 244.0 244.0 245.0 245.0 246.0 247.0 248.0 244.0 245.0 244.0
242.0 242.0 243.0 243.0 243.0 243.0 243.0 242.0 243.0 243.0 243.0 242.0
243.0 244.0 244.0 243.0 244.0 244.0 244.0 243.0 243.0 243.0 244.0 243.0
20.8637 79.5041 21.9192 55.1381 40.3876 69.2593 36.2748 57.2003 19.3551 
14.0 14.0 11.0 12.0 12.0
243.0 243.0 242.0 242.0 243.0 242.0 241.0 241.0 243.0 243.0 243.0 244.0
243.0 243.0 242.0 243.0 243.0 242.0 241.0 241.0 242.0 243.0 242.0 243.0
244.0 244.0 244.0 244.0 246.0 245.0 247.0 248.0 248.0 245.0 244.0 244.0
242.0 243.0 242.0 244.0 244.0 242.0 243.0 243.0 243.0 243.0 243.0 243.0
243.0 244.0 244.0 244.0 244.0 243.0 244.0 244.0 242.0 243.0 244.0 243.0
21.1364 79.6157 21.9192 55.1381 40.3876 69.2593 35.9016 56.7854 32.6204 
14.0 14.0 11.0 13.0 13.0
243.0 243.0 242.0 242.0 242.0 242.0 242.0 241.0 243.0 243.0 243.0 244.0
243.0 243.0 242.0 243.0 242.0 242.0 241.0 240.0 242.0 243.0 242.0 243.0
244.0 245.0 244.0 245.0 247.0 245.0 245.0 247.0 248.0 244.0 245.0 244.0
243.0 243.0 243.0 243.0 244.0 243.0 242.0 243.0 243.0 243.0 243.0 243.0
244.0 243.0 243.0 244.0 244.0 244.0 244.0 242.0 243.0 243.0 244.0 242.0
21.1364 79.6157 21.9192 55.1381 40.3876 69.2593 35.9016 57.2003 45.3755 
14.0 15.0 12.0 13.0 13.0
243.0 243.0 242.0 242.0 242.0 242.0 242.0 242.0 243.0 243.0 243.0 244.0
243.0 243.0 242.0 242.0 243.0 242.0 241.0 240.0 242.0 244.0 242.0 243.0
243.0 244.0 244.0 244.0 246.0 246.0 246.0 248.0 248.0 244.0 245.0 244.0
242.0 243.0 244.0 243.0 244.0 243.0 243.0 242.0 243.0 243.0 243.0 242.0
242.0 242.0 243.0 244.0 243.0 244.0 243.0 243.0 243.0 243.0 244.0 242.0
21.1364 79.5041 21.9192 55.1381 40.3876 68.8889 35.9016 57.2003 51.498 
13.0 14.0 11.0 13.0 13.0
243.0 243.0 242.0 242.0 242.0 242.0 242.0 241.0 243.0 243.0 243.0 244.0
243.0 243.0 243.0 242.0 243.0 242.0 241.0 242.0 242.0 243.0 242.0 244.0
243.0 244.0 244.0 244.0 247.0 245.0 246.0 248.0 248.0 244.0 245.0 244.0
242.0 242.0 243.0 243.0 243.0 243.0 243.0 243.0 242.0 243.0 243.0 243.0
243.0 243.0 244.0 243.0 244.0 244.0 244.0 243.0 243.0 243.0 244.0 242.0
