-10000
20.591 79.5041 19.6115 55.1381 40 68.8889 36.2748 56.7854 18.3347 
13.0 15.0 12.0 13.0 13.0
243.0 243.0 242.0 242.0 242.0 242.0 242.0 242.0 243.0 244.0 243.0 244.0
243.0 243.0 243.0 243.0 243.0 242.0 242.0 241.0 243.0 243.0 243.0 243.0
243.0 244.0 244.0 244.0 246.0 246.0 247.0 248.0 248.0 244.0 245.0 244.0
242.0 242.0 243.0 244.0 244.0 243.0 243.0 243.0 243.0 243.0 243.0 243.0
244.0 243.0 243.0 243.0 244.0 243.0 244.0 243.0 243.0 243.0 244.0 243.0
20.7273 79.5041 19.9962 55.1381 40 69.6296 36.2748 57.2003 18.8449 
13.0 15.0 11.0 13.0 12.0
243.0 243.0 242.0 242.0 243.0 242.0 242.0 242.0 243.0 243.0 243.0 244.0
243.0 243.0 243.0 243.0 243.0 242.0 242.0 240.0 242.0 243.0 242.0 243.0
243.0 245.0 244.0 244.0 246.0 245.0 246.0 248.0 248.0 244.0 245.0 244.0
242.0 242.0 244.0 243.0 243.0 243.0 243.0 243.0 242.0 243.0 243.0 242.0
243.0 244.0 244.0 243.0 244.0 244.0 244.0 244.0 242.0 244.0 244.0 244.0
21 79.6157 19.9962 55.1381 40 69.6296 36.2748 57.2003 31.0898 
14.0 15.0 11.0 13.0 13.0
243.0 243.0 242.0 242.0 243.0 242.0 242.0 242.0 243.0 243.0 243.0 244.0
243.0 243.0 242.0 243.0 243.0 242.0 242.0 241.0 242.0 243.0 242.0 243.0
244.0 245.0 244.0 244.0 246.0 246.0 246.0 248.0 248.0 244.0 245.0 244.0
243.0 242.0 243.0 243.0 243.0 242.0 244.0 243.0 242.0 243.0 243.0 243.0
243.0 244.0 242.0 244.0 244.0 242.0 243.0 243.0 242.0 244.0 244.0 242.0
21.1364 79.6157 19.9962 55.1381 40 69.6296 36.2748 57.2003 44.8653 
13.0 14.0 12.0 13.0 13.0
243.0 243.0 242.0 242.0 242.0 242.0 242.0 242.0 243.0 243.0 243.0 244.0
243.0 243.0 242.0 243.0 242.0 242.0 242.0 241.0 242.0 243.0 242.0 242.0
243.0 244.0 244.0 244.0 246.0 246.0 247.0 248.0 247.0 245.0 245.0 245.0
243.0 243.0 243.0 243.0 243.0 242.0 243.0 243.0 243.0 243.0 243.0 242.0
244.0 243.0 244.0 244.0 243.0 243.0 243.0 243.0 243.0 242.0 243.0 242.0
21 79.3925 19.9962 55.1381 40 69.6296 36.2748 57.2003 54.049 
13.0 15.0 12.0 13.0 13.0
243.0 243.0 242.0 242.0 243.0 243.0 242.0 242.0 243.0 243.0 243.0 244.0
242.0 243.0 242.0 243.0 242.0 242.0 242.0 240.0 242.0 244.0 242.0 243.0
244.0 244.0 244.0 244.0 247.0 245.0 246.0 248.0 248.0 245.0 245.0 244.0
242.0 243.0 243.0 244.0 244.0 242.0 243.0 243.0 243.0 243.0 243.0 243.0
243.0 243.0 244.0 244.0 244.0 244.0 244.0 242.0 243.0 244.0 244.0 242.0
