-10000
20.1819 79.7273 24.9962 37.8408 37.2868 52.2222 36.2748 45.1671 83.1306 
12.0 13.0 12.0 12.0 12.0
243.0 243.0 243.0 244.0 244.0 243.0 244.0 244.0 243.0 244.0 244.0 244.0
243.0 243.0 242.0 244.0 244.0 242.0 243.0 243.0 244.0 244.0 243.0 244.0
244.0 244.0 244.0 246.0 244.0 244.0 244.0 244.0 244.0 244.0 244.0 243.0
244.0 244.0 243.0 244.0 244.0 243.0 244.0 244.0 244.0 244.0 244.0 244.0
243.0 243.0 244.0 244.0 244.0 244.0 244.0 243.0 244.0 243.0 244.0 243.0
19.9091 79.7273 24.2269 37.8408 37.2868 52.2222 36.2748 45.1671 83.1306 
12.0 13.0 12.0 12.0 13.0
243.0 243.0 244.0 244.0 244.0 243.0 243.0 243.0 243.0 244.0 244.0 244.0
243.0 243.0 243.0 244.0 244.0 242.0 243.0 242.0 244.0 243.0 243.0 243.0
244.0 244.0 244.0 245.0 244.0 244.0 244.0 244.0 244.0 244.0 244.0 242.0
244.0 243.0 244.0 243.0 244.0 243.0 244.0 244.0 244.0 244.0 244.0 243.0
243.0 243.0 244.0 244.0 244.0 244.0 244.0 243.0 244.0 244.0 243.0 243.0
19.9091 79.8389 23.8423 37.3003 37.2868 52.2222 36.2748 45.1671 83.1306 
12.0 13.0 12.0 12.0 13.0
243.0 243.0 244.0 244.0 243.0 243.0 243.0 243.0 243.0 244.0 244.0 244.0
244.0 243.0 243.0 243.0 244.0 242.0 244.0 243.0 243.0 244.0 243.0 243.0
244.0 245.0 244.0 245.0 243.0 244.0 245.0 243.0 244.0 243.0 244.0 243.0
244.0 244.0 244.0 243.0 244.0 243.0 244.0 244.0 243.0 244.0 244.0 244.0
243.0 244.0 244.0 244.0 245.0 244.0 243.0 243.0 244.0 243.0 243.0 243.0
19.9091 79.9505 23.8423 37.3003 37.2868 52.2222 36.2748 45.582 83.1306 
12.0 13.0 12.0 12.0 12.0
244.0 244.0 243.0 244.0 243.0 243.0 243.0 244.0 243.0 244.0 244.0 244.0
243.0 244.0 242.0 244.0 244.0 243.0 244.0 242.0 243.0 244.0 244.0 244.0
245.0 245.0 244.0 245.0 243.0 245.0 244.0 243.0 244.0 243.0 244.0 243.0
244.0 243.0 243.0 243.0 244.0 244.0 244.0 243.0 244.0 244.0 243.0 244.0
243.0 244.0 245.0 244.0 245.0 244.0 244.0 243.0 244.0 244.0 244.0 242.0
