-10000
20.591 79.9505 24.2269 29.1922 36.5116 51.4815 36.2748 44.3372 83.1306 
12.0 13.0 12.0 12.0 12.0
244.0 244.0 243.0 244.0 244.0 243.0 243.0 244.0 244.0 244.0 244.0 244.0
244.0 244.0 242.0 244.0 244.0 243.0 243.0 243.0 243.0 244.0 244.0 243.0
245.0 245.0 244.0 245.0 243.0 244.0 244.0 243.0 244.0 243.0 244.0 242.0
244.0 244.0 244.0 243.0 244.0 243.0 243.0 244.0 243.0 244.0 244.0 244.0
243.0 244.0 244.0 243.0 245.0 243.0 244.0 243.0 244.0 244.0 243.0 243.0
20.3182 79.9505 24.2269 29.1922 36.5116 51.8519 36.6479 44.3372 83.1306 
12.0 13.0 13.0 12.0 12.0
243.0 244.0 244.0 244.0 244.0 243.0 243.0 244.0 243.0 244.0 244.0 244.0
243.0 244.0 242.0 244.0 244.0 243.0 243.0 243.0 244.0 244.0 243.0 244.0
244.0 245.0 244.0 246.0 244.0 244.0 244.0 243.0 244.0 243.0 244.0 243.0
244.0 243.0 244.0 243.0 243.0 244.0 244.0 243.0 244.0 244.0 243.0 244.0
242.0 244.0 244.0 243.0 245.0 243.0 244.0 243.0 244.0 243.0 244.0 243.0
20.3182 80.0621 24.2269 29.1922 36.5116 51.8519 36.6479 44.3372 83.1306 
12.0 13.0 12.0 12.0 13.0
243.0 244.0 244.0 244.0 244.0 243.0 243.0 243.0 244.0 244.0 244.0 244.0
243.0 244.0 242.0 244.0 244.0 243.0 244.0 242.0 244.0 243.0 243.0 244.0
244.0 244.0 244.0 245.0 243.0 244.0 244.0 243.0 244.0 243.0 243.0 242.0
243.0 243.0 243.0 243.0 243.0 244.0 244.0 244.0 244.0 244.0 243.0 244.0
243.0 244.0 244.0 243.0 245.0 244.0 244.0 243.0 244.0 243.0 243.0 244.0
20.4546 80.0621 24.2269 29.1922 36.5116 51.8519 36.6479 44.3372 83.1306 
11.0 12.0 12.0 12.0 13.0
243.0 244.0 244.0 244.0 244.0 243.0 243.0 244.0 243.0 244.0 244.0 244.0
244.0 244.0 242.0 244.0 244.0 243.0 244.0 242.0 244.0 243.0 244.0 244.0
244.0 244.0 244.0 244.0 243.0 244.0 244.0 243.0 244.0 243.0 244.0 243.0
243.0 243.0 243.0 243.0 244.0 243.0 243.0 243.0 244.0 244.0 243.0 244.0
243.0 244.0 245.0 244.0 244.0 244.0 244.0 243.0 244.0 244.0 243.0 244.0
