-10000
20.3182 79.5041 22.3038 55.6786 39.6124 68.8889 35.9016 56.3704 18.3347 
13.0 15.0 12.0 13.0 12.0
243.0 243.0 242.0 242.0 242.0 242.0 241.0 242.0 243.0 243.0 243.0 244.0
243.0 243.0 243.0 243.0 242.0 242.0 241.0 240.0 242.0 243.0 242.0 243.0
244.0 244.0 244.0 244.0 246.0 246.0 247.0 248.0 248.0 244.0 245.0 244.0
242.0 243.0 243.0 243.0 243.0 242.0 243.0 242.0 242.0 243.0 243.0 243.0
244.0 244.0 244.0 244.0 244.0 244.0 244.0 243.0 243.0 244.0 244.0 244.0
20.0455 79.3925 22.3038 55.1381 40 69.2593 37.021 56.3704 18.8449 
14.0 15.0 12.0 13.0 11.0
243.0 242.0 242.0 242.0 243.0 242.0 241.0 242.0 242.0 243.0 243.0 244.0
242.0 243.0 242.0 243.0 242.0 242.0 242.0 241.0 242.0 244.0 242.0 243.0
244.0 245.0 244.0 244.0 246.0 246.0 246.0 248.0 248.0 245.0 245.0 244.0
242.0 243.0 243.0 243.0 244.0 243.0 242.0 243.0 242.0 243.0 243.0 242.0
244.0 244.0 244.0 245.0 244.0 244.0 244.0 244.0 243.0 244.0 244.0 243.0
20.4546 80.1737 22.3038 55.6786 39.6124 69.2593 37.021 56.3704 30.5796 
14.0 15.0 11.0 13.0 13.0
243.0 243.0 242.0 242.0 242.0 242.0 241.0 241.0 243.0 243.0 243.0 244.0
242.0 243.0 242.0 243.0 243.0 242.0 241.0 240.0 242.0 243.0 242.0 243.0
244.0 244.0 245.0 244.0 246.0 246.0 247.0 248.0 248.0 245.0 245.0 244.0
242.0 242.0 243.0 244.0 244.0 242.0 243.0 243.0 242.0 242.0 243.0 242.0
242.0 244.0 243.0 244.0 244.0 244.0 243.0 243.0 243.0 243.0 243.0 242.0
21 80.2854 22.3038 55.6786 40 69.6296 37.021 56.3704 43.8449 
14.0 15.0 11.0 13.0 13.0
243.0 243.0 242.0 242.0 242.0 242.0 241.0 241.0 242.0 243.0 243.0 243.0
242.0 243.0 242.0 243.0 243.0 241.0 241.0 240.0 242.0 243.0 242.0 243.0
244.0 244.0 244.0 244.0 246.0 245.0 246.0 248.0 248.0 245.0 245.0 244.0
243.0 242.0 242.0 243.0 243.0 243.0 243.0 242.0 242.0 243.0 243.0 242.0
244.0 242.0 243.0 244.0 243.0 243.0 244.0 243.0 243.0 244.0 243.0 243.0
21 80.2854 22.3038 55.1381 40 69.6296 37.021 56.3704 50.9878 
14.0 15.0 11.0 13.0 12.0
243.0 243.0 242.0 242.0 242.0 242.0 241.0 241.0 242.0 243.0 243.0 244.0
243.0 243.0 243.0 243.0 243.0 242.0 241.0 240.0 242.0 243.0 242.0 243.0
244.0 244.0 244.0 244.0 246.0 246.0 247.0 248.0 248.0 245.0 244.0 244.0
242.0 242.0 242.0 243.0 244.0 242.0 243.0 243.0 243.0 243.0 244.0 242.0
243.0 242.0 243.0 244.0 244.0 243.0 244.0 244.0 243.0 244.0 243.0 242.0
21 80.1737 22.3038 55.1381 40 69.6296 37.021 56.3704 56.0898 
14.0 14.0 11.0 13.0 12.0
243.0 243.0 242.0 242.0 242.0 242.0 241.0 242.0 242.0 243.0 243.0 244.0
243.0 243.0 242.0 243.0 242.0 242.0 241.0 240.0 242.0 243.0 243.0 243.0
244.0 244.0 245.0 245.0 246.0 246.0 246.0 248.0 248.0 245.0 245.0 244.0
242.0 243.0 243.0 244.0 243.0 242.0 243.0 243.0 242.0 243.0 243.0 243.0
243.0 243.0 243.0 244.0 244.0 244.0 244.0 243.0 244.0 243.0 244.0 242.0
