-10000
20.0455 79.7273 23.8423 28.1111 36.5116 51.8519 36.2748 43.9223 83.1306 
12.0 13.0 12.0 12.0 12.0
243.0 244.0 243.0 244.0 244.0 243.0 243.0 244.0 244.0 244.0 244.0 244.0
244.0 244.0 242.0 244.0 244.0 243.0 243.0 242.0 244.0 244.0 243.0 244.0
244.0 244.0 244.0 245.0 244.0 244.0 244.0 244.0 244.0 244.0 243.0 243.0
243.0 243.0 244.0 243.0 244.0 243.0 244.0 244.0 243.0 244.0 244.0 244.0
243.0 243.0 244.0 244.0 245.0 243.0 244.0 243.0 244.0 243.0 244.0 243.0
20.4546 79.8389 23.8423 28.6516 36.5116 51.8519 37.021 44.7522 83.6408 
12.0 13.0 12.0 12.0 12.0
243.0 243.0 243.0 244.0 243.0 244.0 243.0 243.0 243.0 244.0 244.0 244.0
244.0 243.0 242.0 244.0 244.0 243.0 243.0 243.0 244.0 244.0 243.0 243.0
244.0 245.0 244.0 245.0 244.0 244.0 244.0 244.0 244.0 244.0 243.0 243.0
244.0 243.0 244.0 243.0 244.0 244.0 244.0 243.0 243.0 244.0 244.0 244.0
244.0 244.0 244.0 244.0 244.0 244.0 244.0 243.0 243.0 244.0 244.0 243.0
20.0455 79.9505 23.8423 28.6516 36.5116 51.8519 37.021 44.7522 83.6408 
12.0 13.0 12.0 12.0 12.0
243.0 244.0 244.0 244.0 243.0 243.0 243.0 244.0 244.0 244.0 244.0 244.0
244.0 243.0 243.0 244.0 244.0 243.0 243.0 242.0 244.0 243.0 243.0 244.0
244.0 245.0 244.0 245.0 243.0 244.0 244.0 243.0 244.0 244.0 244.0 243.0
243.0 243.0 244.0 243.0 243.0 243.0 244.0 244.0 244.0 244.0 244.0 244.0
243.0 244.0 244.0 244.0 244.0 244.0 244.0 244.0 244.0 243.0 243.0 243.0
19.7728 79.7273 23.8423 28.6516 36.5116 51.8519 37.021 44.7522 83.6408 
12.0 13.0 12.0 12.0 12.0
243.0 244.0 243.0 244.0 243.0 243.0 243.0 244.0 243.0 244.0 244.0 244.0
244.0 243.0 242.0 244.0 244.0 243.0 243.0 242.0 243.0 243.0 243.0 244.0
244.0 244.0 244.0 246.0 244.0 244.0 244.0 244.0 244.0 244.0 244.0 244.0
244.0 244.0 244.0 243.0 244.0 243.0 244.0 244.0 244.0 244.0 244.0 243.0
243.0 243.0 244.0 244.0 245.0 244.0 244.0 244.0 244.0 244.0 244.0 244.0
