-10000
20.0455 79.5041 21.15 55.6786 40 68.5185 36.2748 57.2003 18.3347 
13.0 14.0 12.0 13.0 13.0
243.0 243.0 243.0 242.0 242.0 242.0 242.0 242.0 243.0 243.0 243.0 244.0
243.0 243.0 242.0 243.0 243.0 242.0 241.0 240.0 242.0 243.0 242.0 243.0
243.0 244.0 244.0 244.0 246.0 245.0 246.0 248.0 248.0 245.0 245.0 244.0
242.0 242.0 243.0 243.0 243.0 243.0 243.0 243.0 242.0 243.0 243.0 243.0
243.0 243.0 244.0 244.0 244.0 243.0 244.0 243.0 243.0 244.0 244.0 243.0
20.4546 79.6157 21.15 55.6786 40 69.2593 36.2748 57.6152 19.3551 
13.0 14.0 11.0 13.0 12.0
243.0 243.0 242.0 242.0 242.0 242.0 241.0 242.0 243.0 243.0 243.0 244.0
242.0 243.0 243.0 243.0 242.0 242.0 241.0 240.0 243.0 243.0 242.0 243.0
244.0 244.0 244.0 244.0 246.0 245.0 246.0 248.0 248.0 245.0 246.0 244.0
243.0 242.0 243.0 244.0 243.0 243.0 243.0 242.0 243.0 243.0 243.0 243.0
244.0 243.0 244.0 244.0 244.0 244.0 244.0 242.0 243.0 244.0 244.0 244.0
20.7273 79.6157 20.7654 55.1381 40 68.8889 36.2748 57.6152 34.151 
14.0 15.0 11.0 13.0 13.0
243.0 242.0 242.0 242.0 243.0 242.0 242.0 242.0 243.0 243.0 243.0 244.0
243.0 243.0 242.0 243.0 243.0 242.0 241.0 240.0 242.0 243.0 242.0 243.0
244.0 245.0 244.0 244.0 246.0 246.0 246.0 248.0 248.0 244.0 245.0 245.0
242.0 242.0 243.0 243.0 243.0 243.0 243.0 243.0 243.0 243.0 243.0 243.0
244.0 243.0 244.0 244.0 244.0 243.0 243.0 242.0 243.0 243.0 244.0 242.0
20.8637 79.5041 21.15 54.5976 40 68.8889 36.2748 57.6152 46.3959 
13.0 15.0 11.0 13.0 12.0
243.0 243.0 242.0 242.0 243.0 242.0 242.0 241.0 243.0 243.0 243.0 244.0
243.0 243.0 242.0 243.0 243.0 241.0 242.0 241.0 242.0 244.0 242.0 243.0
243.0 244.0 244.0 244.0 246.0 246.0 246.0 248.0 248.0 245.0 246.0 244.0
242.0 242.0 243.0 243.0 243.0 242.0 243.0 243.0 243.0 242.0 242.0 242.0
243.0 243.0 243.0 244.0 244.0 243.0 244.0 242.0 243.0 243.0 243.0 242.0
20.7273 79.5041 20.7654 55.1381 40 68.8889 36.2748 57.6152 52.5184 
14.0 15.0 12.0 13.0 14.0
243.0 242.0 242.0 242.0 242.0 242.0 242.0 241.0 243.0 243.0 244.0 244.0
242.0 243.0 242.0 243.0 243.0 241.0 241.0 241.0 242.0 243.0 243.0 242.0
244.0 244.0 244.0 244.0 246.0 246.0 247.0 247.0 248.0 245.0 245.0 244.0
242.0 243.0 243.0 244.0 244.0 243.0 243.0 243.0 242.0 243.0 243.0 242.0
244.0 243.0 244.0 243.0 243.0 244.0 244.0 244.0 242.0 244.0 243.0 243.0
