-10000
20.1819 79.8389 26.15 55.6786 39.6124 71.8519 38.1404 61.7646 17.8245 
15.0 15.0 11.0 13.0 12.0
243.0 243.0 241.0 241.0 241.0 241.0 240.0 240.0 242.0 243.0 242.0 244.0
243.0 243.0 242.0 243.0 243.0 241.0 241.0 240.0 242.0 243.0 242.0 243.0
243.0 244.0 244.0 245.0 246.0 245.0 246.0 248.0 248.0 245.0 245.0 244.0
242.0 242.0 243.0 243.0 244.0 242.0 242.0 242.0 243.0 243.0 243.0 243.0
243.0 244.0 244.0 244.0 244.0 244.0 244.0 243.0 243.0 243.0 244.0 243.0
19.9091 79.8389 26.15 55.6786 39.6124 71.4815 38.1404 61.7646 19.3551 
15.0 15.0 12.0 13.0 14.0
243.0 243.0 241.0 241.0 241.0 241.0 240.0 240.0 242.0 242.0 243.0 243.0
242.0 244.0 242.0 243.0 242.0 242.0 242.0 240.0 242.0 243.0 242.0 242.0
243.0 244.0 244.0 244.0 246.0 246.0 246.0 248.0 248.0 245.0 245.0 244.0
242.0 243.0 243.0 244.0 243.0 242.0 243.0 243.0 243.0 243.0 243.0 242.0
244.0 244.0 244.0 244.0 243.0 244.0 244.0 243.0 242.0 244.0 244.0 244.0
20.3182 79.8389 26.15 55.6786 39.6124 71.4815 38.1404 61.7646 35.1714 
15.0 15.0 11.0 13.0 13.0
243.0 243.0 241.0 241.0 241.0 240.0 240.0 240.0 242.0 242.0 242.0 243.0
242.0 243.0 243.0 243.0 242.0 241.0 241.0 240.0 242.0 243.0 242.0 243.0
244.0 244.0 244.0 245.0 246.0 246.0 247.0 249.0 248.0 245.0 245.0 244.0
242.0 243.0 242.0 244.0 243.0 242.0 243.0 243.0 243.0 243.0 243.0 243.0
243.0 243.0 243.0 244.0 244.0 244.0 244.0 243.0 243.0 243.0 243.0 242.0
20.8637 79.9505 26.15 55.6786 39.6124 71.4815 38.1404 61.7646 46.9061 
15.0 15.0 12.0 13.0 12.0
243.0 242.0 241.0 241.0 241.0 240.0 240.0 239.0 242.0 242.0 242.0 244.0
243.0 243.0 243.0 242.0 243.0 242.0 241.0 240.0 242.0 243.0 242.0 243.0
243.0 244.0 244.0 244.0 246.0 245.0 247.0 248.0 248.0 244.0 245.0 244.0
242.0 243.0 242.0 244.0 243.0 243.0 243.0 243.0 243.0 242.0 243.0 242.0
242.0 243.0 243.0 244.0 244.0 243.0 244.0 243.0 242.0 244.0 244.0 243.0
21 79.9505 26.15 55.6786 39.6124 71.4815 38.1404 61.7646 53.0286 
16.0 15.0 11.0 13.0 13.0
243.0 242.0 241.0 241.0 241.0 241.0 240.0 240.0 242.0 242.0 242.0 244.0
243.0 244.0 242.0 243.0 243.0 241.0 241.0 241.0 242.0 243.0 242.0 243.0
243.0 244.0 244.0 244.0 246.0 246.0 246.0 248.0 248.0 246.0 245.0 244.0
242.0 243.0 243.0 244.0 243.0 242.0 243.0 243.0 243.0 243.0 242.0 243.0
243.0 243.0 244.0 244.0 243.0 244.0 243.0 243.0 243.0 244.0 244.0 242.0
