-10000
20.3182 79.7273 10.7654 20.5435 37.2868 52.2222 36.2748 45.582 83.6408 
12.0 13.0 12.0 12.0 13.0
243.0 244.0 243.0 244.0 244.0 243.0 244.0 244.0 243.0 244.0 244.0 244.0
244.0 243.0 243.0 243.0 244.0 242.0 243.0 242.0 243.0 244.0 243.0 244.0
244.0 245.0 244.0 245.0 243.0 244.0 244.0 244.0 243.0 243.0 244.0 242.0
244.0 243.0 243.0 243.0 244.0 244.0 244.0 244.0 244.0 243.0 244.0 244.0
242.0 243.0 245.0 243.0 244.0 244.0 244.0 243.0 244.0 244.0 244.0 243.0
20.4546 80.0621 14.2269 20.5435 37.2868 52.2222 37.3942 45.582 83.6408 
12.0 12.0 13.0 12.0 12.0
243.0 244.0 244.0 244.0 244.0 243.0 244.0 244.0 244.0 244.0 244.0 244.0
244.0 244.0 243.0 243.0 244.0 243.0 243.0 242.0 243.0 244.0 243.0 244.0
244.0 245.0 244.0 245.0 244.0 244.0 245.0 243.0 244.0 244.0 244.0 243.0
244.0 243.0 243.0 243.0 244.0 244.0 244.0 244.0 244.0 244.0 243.0 244.0
243.0 244.0 244.0 244.0 245.0 243.0 245.0 243.0 244.0 244.0 243.0 242.0
20.3182 80.0621 23.8423 23.2462 37.2868 52.2222 37.3942 45.582 83.6408 
12.0 13.0 12.0 12.0 12.0
243.0 244.0 243.0 244.0 244.0 243.0 243.0 244.0 244.0 244.0 244.0 244.0
244.0 244.0 243.0 244.0 244.0 243.0 243.0 242.0 244.0 244.0 243.0 244.0
244.0 244.0 243.0 245.0 244.0 244.0 244.0 243.0 244.0 244.0 244.0 243.0
243.0 244.0 244.0 243.0 244.0 243.0 244.0 244.0 244.0 244.0 244.0 244.0
243.0 243.0 244.0 244.0 245.0 244.0 244.0 243.0 244.0 244.0 242.0 244.0
19.7728 79.9505 25.3808 25.4084 37.2868 52.2222 37.3942 45.582 83.6408 
12.0 13.0 13.0 12.0 12.0
243.0 243.0 244.0 244.0 244.0 243.0 243.0 243.0 243.0 244.0 244.0 244.0
244.0 243.0 242.0 244.0 244.0 243.0 243.0 242.0 244.0 243.0 243.0 244.0
245.0 245.0 244.0 245.0 243.0 244.0 244.0 243.0 244.0 244.0 244.0 243.0
243.0 244.0 243.0 243.0 244.0 243.0 244.0 244.0 243.0 244.0 243.0 244.0
243.0 243.0 244.0 244.0 245.0 243.0 243.0 243.0 244.0 244.0 243.0 243.0
19.7728 79.9505 25.3808 26.4895 37.2868 52.2222 37.3942 45.582 83.6408 
12.0 13.0 13.0 12.0 12.0
243.0 244.0 243.0 244.0 243.0 244.0 243.0 243.0 244.0 244.0 244.0 244.0
243.0 244.0 243.0 243.0 244.0 243.0 243.0 242.0 244.0 244.0 243.0 243.0
244.0 244.0 244.0 245.0 244.0 244.0 244.0 243.0 243.0 243.0 243.0 242.0
244.0 243.0 244.0 243.0 243.0 244.0 244.0 244.0 244.0 244.0 244.0 244.0
242.0 244.0 245.0 243.0 246.0 244.0 244.0 244.0 244.0 244.0 244.0 243.0
19.7728 79.9505 25.3808 27.5705 37.2868 52.2222 37.3942 45.582 83.6408 
12.0 13.0 12.0 12.0 12.0
244.0 243.0 244.0 244.0 244.0 243.0 244.0 244.0 244.0 244.0 244.0 244.0
244.0 243.0 243.0 243.0 244.0 242.0 244.0 242.0 244.0 244.0 242.0 244.0
244.0 244.0 244.0 245.0 243.0 244.0 244.0 243.0 244.0 244.0 243.0 243.0
243.0 243.0 244.0 243.0 244.0 244.0 244.0 243.0 243.0 244.0 244.0 244.0
243.0 244.0 244.0 243.0 244.0 244.0 244.0 243.0 244.0 243.0 243.0 243.0
