-10000
20.3182 79.5041 19.2269 55.1381 39.6124 69.2593 35.9016 56.3704 18.3347 
13.0 15.0 12.0 13.0 13.0
243.0 243.0 242.0 242.0 243.0 242.0 242.0 242.0 243.0 243.0 243.0 244.0
243.0 243.0 242.0 243.0 243.0 243.0 242.0 241.0 242.0 243.0 242.0 243.0
244.0 244.0 244.0 244.0 246.0 246.0 246.0 248.0 248.0 244.0 244.0 244.0
243.0 242.0 243.0 243.0 244.0 242.0 243.0 243.0 243.0 243.0 243.0 242.0
243.0 243.0 242.0 244.0 244.0 243.0 244.0 244.0 243.0 243.0 244.0 242.0
20.3182 79.5041 19.6115 55.1381 39.6124 69.2593 35.9016 57.2003 19.8653 
13.0 14.0 12.0 13.0 13.0
243.0 243.0 242.0 242.0 242.0 242.0 242.0 242.0 243.0 243.0 243.0 244.0
243.0 243.0 243.0 243.0 243.0 242.0 242.0 241.0 243.0 243.0 242.0 243.0
244.0 244.0 244.0 244.0 246.0 245.0 247.0 248.0 248.0 245.0 245.0 244.0
242.0 242.0 243.0 244.0 243.0 243.0 243.0 243.0 243.0 243.0 243.0 243.0
243.0 243.0 244.0 244.0 244.0 243.0 244.0 243.0 243.0 243.0 244.0 242.0
20.8637 79.6157 19.2269 55.1381 39.6124 68.8889 35.9016 57.2003 33.6408 
13.0 14.0 12.0 13.0 13.0
243.0 243.0 243.0 242.0 243.0 242.0 242.0 242.0 243.0 243.0 243.0 244.0
243.0 243.0 243.0 243.0 243.0 242.0 242.0 240.0 242.0 243.0 242.0 242.0
243.0 244.0 244.0 244.0 246.0 246.0 246.0 247.0 248.0 244.0 245.0 244.0
242.0 243.0 243.0 244.0 244.0 242.0 243.0 243.0 243.0 243.0 243.0 243.0
243.0 243.0 244.0 244.0 244.0 243.0 244.0 243.0 243.0 243.0 244.0 243.0
21 79.6157 19.6115 55.1381 39.6124 68.8889 35.9016 57.2003 45.3755 
13.0 14.0 11.0 13.0 13.0
243.0 243.0 242.0 242.0 242.0 242.0 242.0 242.0 243.0 243.0 243.0 244.0
243.0 243.0 243.0 243.0 243.0 242.0 241.0 240.0 242.0 243.0 243.0 243.0
244.0 244.0 244.0 244.0 246.0 246.0 247.0 248.0 248.0 244.0 245.0 245.0
242.0 242.0 243.0 244.0 243.0 242.0 243.0 243.0 243.0 243.0 243.0 243.0
243.0 243.0 244.0 243.0 244.0 243.0 244.0 243.0 243.0 243.0 244.0 242.0
21 79.6157 19.6115 55.1381 39.6124 68.8889 35.9016 57.2003 52.5184 
13.0 15.0 11.0 13.0 12.0
243.0 243.0 242.0 242.0 242.0 243.0 242.0 242.0 243.0 243.0 243.0 244.0
242.0 243.0 243.0 244.0 242.0 241.0 241.0 241.0 242.0 243.0 243.0 244.0
243.0 244.0 244.0 244.0 246.0 245.0 247.0 248.0 248.0 244.0 245.0 244.0
242.0 243.0 243.0 243.0 244.0 243.0 243.0 243.0 243.0 243.0 243.0 243.0
243.0 244.0 244.0 244.0 244.0 244.0 243.0 243.0 243.0 244.0 244.0 243.0
