-10000
20.1819 79.8389 23.0731 28.6516 36.5116 51.4815 36.2748 44.3372 83.6408 
12.0 12.0 12.0 12.0 13.0
243.0 244.0 244.0 244.0 244.0 243.0 243.0 244.0 243.0 244.0 244.0 244.0
244.0 244.0 243.0 244.0 244.0 243.0 244.0 242.0 244.0 244.0 243.0 244.0
245.0 244.0 244.0 245.0 243.0 244.0 244.0 243.0 244.0 244.0 244.0 242.0
244.0 243.0 243.0 243.0 243.0 243.0 244.0 244.0 244.0 244.0 244.0 244.0
243.0 244.0 244.0 243.0 244.0 244.0 244.0 243.0 244.0 244.0 244.0 243.0
19.6364 79.7273 23.0731 29.1922 36.5116 52.2222 37.021 44.3372 83.6408 
12.0 13.0 12.0 12.0 12.0
244.0 244.0 244.0 244.0 244.0 243.0 243.0 244.0 244.0 244.0 244.0 244.0
244.0 244.0 242.0 244.0 244.0 243.0 243.0 242.0 244.0 244.0 243.0 244.0
244.0 244.0 244.0 245.0 243.0 244.0 244.0 243.0 243.0 244.0 244.0 243.0
244.0 243.0 244.0 243.0 244.0 243.0 244.0 243.0 243.0 244.0 244.0 244.0
243.0 243.0 244.0 244.0 244.0 244.0 244.0 243.0 243.0 243.0 244.0 244.0
19.6364 79.7273 23.0731 29.1922 36.5116 52.2222 37.021 44.3372 83.6408 
12.0 13.0 13.0 12.0 12.0
243.0 244.0 244.0 244.0 244.0 243.0 244.0 244.0 243.0 244.0 244.0 244.0
244.0 244.0 242.0 244.0 244.0 243.0 243.0 243.0 244.0 244.0 243.0 244.0
244.0 244.0 244.0 244.0 243.0 244.0 244.0 243.0 244.0 244.0 244.0 242.0
244.0 244.0 243.0 244.0 243.0 243.0 244.0 244.0 244.0 244.0 243.0 244.0
242.0 244.0 244.0 244.0 244.0 244.0 244.0 243.0 244.0 243.0 244.0 244.0
19.7728 79.9505 23.0731 29.1922 36.5116 52.2222 37.021 44.3372 83.6408 
12.0 13.0 12.0 12.0 12.0
244.0 244.0 244.0 244.0 244.0 244.0 244.0 244.0 244.0 244.0 244.0 244.0
244.0 244.0 242.0 244.0 244.0 243.0 243.0 243.0 244.0 244.0 243.0 244.0
244.0 245.0 244.0 245.0 243.0 244.0 244.0 244.0 244.0 244.0 244.0 243.0
244.0 243.0 244.0 243.0 244.0 244.0 244.0 244.0 244.0 244.0 244.0 243.0
243.0 244.0 245.0 244.0 244.0 244.0 244.0 242.0 244.0 243.0 244.0 243.0
