-10000
20.7273 79.3925 22.3038 55.6786 40 68.5185 36.2748 56.7854 18.3347 
14.0 15.0 12.0 13.0 12.0
243.0 243.0 242.0 242.0 242.0 242.0 241.0 242.0 243.0 243.0 243.0 244.0
242.0 243.0 243.0 243.0 242.0 242.0 241.0 240.0 242.0 243.0 242.0 243.0
243.0 245.0 244.0 245.0 246.0 246.0 246.0 248.0 248.0 244.0 246.0 244.0
242.0 242.0 243.0 243.0 244.0 242.0 243.0 243.0 243.0 242.0 243.0 242.0
244.0 244.0 244.0 244.0 244.0 244.0 244.0 243.0 243.0 244.0 244.0 244.0
21 79.6157 22.3038 55.6786 40 69.2593 37.021 58.0302 19.3551 
14.0 15.0 11.0 13.0 12.0
243.0 243.0 242.0 242.0 243.0 242.0 241.0 241.0 242.0 243.0 243.0 244.0
242.0 243.0 242.0 243.0 243.0 242.0 241.0 241.0 243.0 243.0 242.0 242.0
244.0 244.0 244.0 244.0 247.0 246.0 246.0 248.0 248.0 245.0 245.0 244.0
242.0 242.0 242.0 244.0 243.0 242.0 243.0 243.0 243.0 243.0 243.0 243.0
243.0 243.0 244.0 244.0 244.0 244.0 244.0 244.0 243.0 244.0 244.0 244.0
21 79.6157 22.3038 55.6786 40 69.2593 37.021 58.0302 32.1102 
14.0 15.0 11.0 13.0 13.0
243.0 243.0 242.0 242.0 242.0 242.0 242.0 241.0 243.0 243.0 243.0 244.0
243.0 243.0 242.0 243.0 242.0 242.0 241.0 240.0 242.0 243.0 242.0 243.0
244.0 244.0 244.0 244.0 246.0 246.0 246.0 248.0 248.0 245.0 245.0 244.0
242.0 242.0 243.0 243.0 243.0 242.0 243.0 243.0 242.0 243.0 243.0 243.0
243.0 244.0 244.0 244.0 243.0 243.0 244.0 243.0 243.0 243.0 243.0 243.0
21 79.5041 22.3038 55.6786 40 69.2593 37.021 58.0302 45.3755 
14.0 15.0 12.0 13.0 13.0
243.0 243.0 242.0 242.0 242.0 242.0 242.0 241.0 242.0 243.0 243.0 244.0
243.0 243.0 242.0 243.0 243.0 242.0 242.0 240.0 242.0 243.0 242.0 243.0
243.0 244.0 244.0 244.0 247.0 245.0 246.0 248.0 248.0 244.0 245.0 244.0
242.0 243.0 242.0 244.0 243.0 243.0 243.0 243.0 243.0 243.0 243.0 243.0
244.0 242.0 243.0 244.0 244.0 244.0 244.0 243.0 244.0 243.0 243.0 242.0
20.8637 80.1737 22.3038 55.6786 40 68.8889 37.021 58.0302 52.0082 
14.0 14.0 12.0 13.0 13.0
243.0 243.0 242.0 242.0 242.0 242.0 241.0 241.0 243.0 243.0 243.0 244.0
243.0 243.0 243.0 243.0 242.0 242.0 241.0 240.0 243.0 244.0 242.0 242.0
244.0 244.0 245.0 244.0 246.0 246.0 246.0 248.0 248.0 244.0 245.0 244.0
242.0 243.0 243.0 243.0 243.0 243.0 243.0 243.0 243.0 243.0 243.0 242.0
243.0 244.0 244.0 244.0 244.0 244.0 244.0 243.0 244.0 244.0 244.0 243.0
