-10000
20.3182 79.6157 22.3038 55.6786 40 68.5185 35.9016 57.2003 17.8245 
14.0 14.0 12.0 13.0 12.0
243.0 243.0 242.0 242.0 242.0 242.0 242.0 241.0 243.0 243.0 243.0 244.0
243.0 243.0 242.0 243.0 242.0 241.0 241.0 240.0 242.0 243.0 242.0 243.0
243.0 244.0 244.0 244.0 246.0 246.0 246.0 248.0 248.0 244.0 245.0 244.0
242.0 243.0 243.0 243.0 243.0 243.0 243.0 243.0 243.0 243.0 243.0 242.0
243.0 244.0 243.0 244.0 244.0 243.0 244.0 243.0 243.0 242.0 244.0 242.0
20.8637 80.0621 22.3038 55.1381 40 69.2593 37.3942 56.3704 18.8449 
14.0 15.0 11.0 13.0 13.0
243.0 243.0 242.0 242.0 242.0 242.0 241.0 241.0 243.0 243.0 243.0 244.0
242.0 243.0 242.0 243.0 243.0 241.0 241.0 241.0 242.0 243.0 242.0 242.0
244.0 245.0 245.0 244.0 246.0 246.0 246.0 249.0 248.0 245.0 245.0 244.0
242.0 242.0 243.0 244.0 244.0 242.0 243.0 243.0 243.0 243.0 243.0 243.0
244.0 243.0 244.0 244.0 244.0 243.0 244.0 244.0 243.0 244.0 244.0 244.0
21 80.1737 22.3038 55.1381 40 68.8889 37.3942 56.3704 34.151 
14.0 16.0 11.0 13.0 13.0
243.0 243.0 242.0 242.0 242.0 242.0 241.0 241.0 243.0 243.0 243.0 244.0
243.0 243.0 243.0 243.0 243.0 242.0 242.0 240.0 242.0 243.0 242.0 242.0
244.0 244.0 244.0 244.0 246.0 246.0 247.0 248.0 248.0 244.0 245.0 244.0
243.0 242.0 243.0 243.0 243.0 243.0 243.0 242.0 243.0 242.0 243.0 242.0
243.0 243.0 243.0 244.0 244.0 243.0 244.0 243.0 243.0 243.0 243.0 242.0
21.2728 80.2854 22.3038 55.6786 40 69.2593 37.3942 57.2003 45.3755 
14.0 15.0 12.0 13.0 12.0
243.0 242.0 242.0 242.0 242.0 242.0 241.0 241.0 243.0 243.0 243.0 244.0
242.0 243.0 242.0 243.0 243.0 242.0 241.0 240.0 242.0 243.0 242.0 243.0
244.0 244.0 244.0 244.0 246.0 246.0 247.0 249.0 248.0 244.0 245.0 244.0
242.0 242.0 243.0 243.0 244.0 243.0 243.0 242.0 243.0 243.0 244.0 242.0
242.0 242.0 244.0 243.0 244.0 244.0 244.0 243.0 243.0 243.0 242.0 243.0
21.2728 80.2854 22.3038 55.1381 40 69.2593 37.3942 57.2003 52.5184 
14.0 15.0 12.0 13.0 13.0
243.0 242.0 242.0 242.0 242.0 242.0 241.0 242.0 243.0 243.0 243.0 244.0
242.0 244.0 242.0 243.0 242.0 242.0 241.0 240.0 242.0 243.0 243.0 242.0
243.0 244.0 244.0 245.0 246.0 246.0 247.0 248.0 248.0 245.0 245.0 244.0
242.0 243.0 242.0 243.0 243.0 243.0 243.0 243.0 243.0 243.0 243.0 243.0
243.0 243.0 244.0 244.0 244.0 243.0 244.0 242.0 243.0 244.0 244.0 242.0
