-10000
20.1819 80.8434 25.3808 35.6786 36.5116 55.1852 35.9016 43.9223 83.6408 
12.0 13.0 12.0 12.0 12.0
244.0 243.0 243.0 244.0 244.0 243.0 244.0 243.0 243.0 244.0 243.0 244.0
244.0 244.0 244.0 244.0 244.0 242.0 244.0 242.0 244.0 244.0 243.0 244.0
244.0 244.0 244.0 246.0 244.0 244.0 244.0 244.0 244.0 244.0 244.0 242.0
244.0 243.0 244.0 243.0 244.0 244.0 244.0 244.0 244.0 244.0 243.0 243.0
243.0 244.0 244.0 244.0 244.0 244.0 245.0 243.0 244.0 244.0 244.0 242.0
19.7728 80.7318 24.9962 34.057 36.5116 55.1852 37.021 43.9223 83.6408 
12.0 13.0 12.0 12.0 12.0
244.0 244.0 243.0 243.0 244.0 243.0 243.0 243.0 243.0 244.0 244.0 244.0
244.0 243.0 243.0 244.0 244.0 242.0 243.0 242.0 244.0 244.0 243.0 243.0
244.0 245.0 244.0 245.0 244.0 244.0 244.0 244.0 244.0 244.0 244.0 244.0
244.0 243.0 244.0 244.0 244.0 243.0 244.0 243.0 244.0 244.0 243.0 244.0
243.0 244.0 244.0 243.0 245.0 243.0 244.0 243.0 244.0 243.0 244.0 243.0
19.6364 80.7318 24.6115 34.057 36.5116 55.1852 37.021 43.9223 83.1306 
12.0 13.0 13.0 12.0 13.0
243.0 244.0 243.0 244.0 244.0 243.0 243.0 243.0 243.0 244.0 244.0 244.0
244.0 243.0 242.0 244.0 244.0 243.0 243.0 243.0 243.0 244.0 243.0 244.0
245.0 244.0 244.0 245.0 244.0 244.0 244.0 244.0 244.0 244.0 243.0 242.0
244.0 244.0 243.0 244.0 244.0 243.0 244.0 243.0 243.0 244.0 244.0 244.0
242.0 244.0 245.0 243.0 245.0 244.0 244.0 243.0 244.0 244.0 243.0 243.0
19.6364 80.7318 24.6115 34.057 36.5116 55.1852 37.021 43.9223 83.6408 
12.0 13.0 12.0 12.0 13.0
244.0 244.0 244.0 244.0 243.0 243.0 244.0 243.0 243.0 244.0 244.0 244.0
243.0 244.0 242.0 244.0 244.0 243.0 243.0 242.0 244.0 244.0 243.0 244.0
244.0 245.0 244.0 245.0 244.0 244.0 244.0 244.0 244.0 244.0 244.0 243.0
243.0 243.0 244.0 243.0 244.0 243.0 244.0 243.0 243.0 244.0 244.0 244.0
243.0 243.0 245.0 244.0 245.0 244.0 244.0 243.0 244.0 243.0 243.0 244.0
20.0455 80.8434 24.6115 34.057 36.5116 55.1852 37.021 43.9223 83.6408 
12.0 13.0 12.0 12.0 12.0
244.0 244.0 243.0 244.0 244.0 243.0 244.0 243.0 243.0 244.0 244.0 244.0
244.0 243.0 243.0 244.0 244.0 243.0 243.0 242.0 243.0 244.0 244.0 243.0
244.0 244.0 244.0 245.0 244.0 244.0 244.0 243.0 244.0 243.0 243.0 243.0
244.0 243.0 243.0 244.0 243.0 243.0 243.0 244.0 243.0 244.0 243.0 244.0
242.0 244.0 245.0 243.0 245.0 244.0 244.0 243.0 244.0 244.0 243.0 244.0
20.0455 80.8434 24.6115 34.057 36.5116 55.1852 37.021 43.9223 83.1306 
12.0 13.0 12.0 11.0 12.0
243.0 244.0 244.0 244.0 244.0 243.0 244.0 243.0 244.0 244.0 244.0 244.0
244.0 243.0 242.0 244.0 244.0 242.0 243.0 241.0 244.0 243.0 243.0 244.0
244.0 245.0 244.0 245.0 244.0 244.0 244.0 244.0 244.0 244.0 244.0 243.0
244.0 243.0 244.0 243.0 243.0 243.0 244.0 243.0 244.0 244.0 243.0 244.0
243.0 244.0 244.0 244.0 244.0 244.0 244.0 243.0 244.0 244.0 243.0 242.0
20.0455 80.955 24.6115 34.057 36.5116 55.1852 37.021 43.9223 83.6408 
12.0 13.0 13.0 12.0 12.0
244.0 244.0 243.0 244.0 244.0 243.0 243.0 244.0 243.0 244.0 244.0 244.0
244.0 244.0 243.0 244.0 244.0 243.0 243.0 242.0 243.0 244.0 243.0 244.0
244.0 244.0 244.0 245.0 244.0 244.0 244.0 243.0 244.0 244.0 243.0 243.0
243.0 243.0 243.0 243.0 244.0 243.0 244.0 244.0 243.0 244.0 244.0 244.0
243.0 244.0 244.0 244.0 244.0 244.0 244.0 243.0 244.0 244.0 243.0 243.0
